Time,Start,End,Value
2020/8/29 20:00,1598706007,1598705951,56
2020/8/29 19:59,1598705947,1598705891,56
2020/8/29 19:58,1598705887,1598705839,48
2020/8/29 19:57,1598705827,1598705779,48
2020/8/29 19:56,1598705767,1598705727,40
2020/8/29 19:55,1598705707,1598705697,10
2020/8/29 19:54,1598705647,1598705641,6
2020/8/29 19:53,1598705587,1598705546,41
2020/8/29 19:52,1598705527,1598705482,45
2020/8/29 19:51,1598705467,1598705410,57
2020/8/29 19:50,1598705407,1598705386,21
2020/8/29 19:49,1598705347,1598705347,0
2020/8/29 19:48,1598705287,1598705287,0
2020/8/29 19:47,1598705227,1598705227,0
2020/8/29 19:46,1598705167,1598705143,24
2020/8/29 19:45,1598705107,1598705106,1
2020/8/29 19:44,1598705047,1598705035,12
2020/8/29 19:43,1598704987,1598704976,11
2020/8/29 19:42,1598704927,1598704907,20
2020/8/29 19:41,1598704867,1598704857,10
2020/8/29 19:40,1598704807,1598704804,3
2020/8/29 19:39,1598704747,1598704712,35
2020/8/29 19:38,1598704687,1598704580,107
2020/8/29 19:37,1598704627,1598704580,47
2020/8/29 19:36,1598704567,1598704539,28
2020/8/29 19:35,1598704507,1598704466,41
2020/8/29 19:34,1598704447,1598704447,0
2020/8/29 19:33,1598704387,1598704356,31
2020/8/29 19:32,1598704327,1598704274,53
2020/8/29 19:31,1598704267,1598704195,72
2020/8/29 19:30,1598704207,1598704195,12
2020/8/29 19:29,1598704147,1598704115,32
2020/8/29 19:28,1598704087,1598704087,0
2020/8/29 19:27,1598704027,1598704020,7
2020/8/29 19:26,1598703967,1598703922,45
2020/8/29 19:25,1598703907,1598703887,20
2020/8/29 19:24,1598703847,1598703847,0
2020/8/29 19:23,1598703788,1598703785,3
2020/8/29 19:22,1598703727,1598703681,46
2020/8/29 19:21,1598703667,1598703663,4
2020/8/29 19:20,1598703607,1598703570,37
2020/8/29 19:19,1598703547,1598703522,25
2020/8/29 19:18,1598703487,1598703418,69
2020/8/29 19:17,1598703427,1598703418,9
2020/8/29 19:16,1598703367,1598703362,5
2020/8/29 19:15,1598703307,1598703276,31
2020/8/29 19:14,1598703247,1598703203,44
2020/8/29 19:13,1598703187,1598703163,24
2020/8/29 19:12,1598703127,1598702244,883
2020/8/29 19:11,1598703067,1598702244,823
2020/8/29 19:10,1598703007,1598702244,763
2020/8/29 19:09,1598702947,1598702244,703
2020/8/29 19:08,1598702887,1598702244,643
2020/8/29 19:07,1598702827,1598702244,583
2020/8/29 19:06,1598702767,1598702244,523
2020/8/29 19:05,1598702707,1598702244,463
2020/8/29 19:04,1598702647,1598702244,403
2020/8/29 19:03,1598702587,1598702244,343
2020/8/29 19:02,1598702527,1598702244,283
2020/8/29 19:01,1598702467,1598702244,223
2020/8/29 19:00,1598702407,1598702244,163
2020/8/29 18:59,1598702347,1598702244,103
2020/8/29 18:58,1598702287,1598702244,43
2020/8/29 18:57,1598702227,1598701909,318
2020/8/29 18:56,1598702167,1598701909,258
2020/8/29 18:55,1598702107,1598701909,198
2020/8/29 18:54,1598702047,1598701909,138
2020/8/29 18:53,1598701987,1598701909,78
2020/8/29 18:52,1598701927,1598701909,18
2020/8/29 18:51,1598701867,1598701766,101
2020/8/29 18:50,1598701807,1598701766,41
2020/8/29 18:49,1598701747,1598701696,51
2020/8/29 18:48,1598701687,1598701635,52
2020/8/29 18:47,1598701627,1598701598,29
2020/8/29 18:46,1598701567,1598701552,15
2020/8/29 18:45,1598701507,1598701481,26
2020/8/29 18:44,1598701447,1598701440,7
2020/8/29 18:43,1598701387,1598701378,9
2020/8/29 18:42,1598701327,1598701316,11
2020/8/29 18:41,1598701267,1598701244,23
2020/8/29 18:40,1598701207,1598701050,157
2020/8/29 18:39,1598701147,1598701050,97
2020/8/29 18:38,1598701087,1598701050,37
2020/8/29 18:37,1598701027,1598700999,28
2020/8/29 18:36,1598700967,1598700897,70
2020/8/29 18:35,1598700907,1598700897,10
2020/8/29 18:34,1598700847,1598700796,51
2020/8/29 18:33,1598700787,1598700755,32
2020/8/29 18:32,1598700727,1598700675,52
2020/8/29 18:31,1598700667,1598700664,3
2020/8/29 18:30,1598700607,1598700600,7
2020/8/29 18:29,1598700547,1598700502,45
2020/8/29 18:28,1598700487,1598700481,6
2020/8/29 18:27,1598700427,1598700422,5
2020/8/29 18:26,1598700367,1598700366,1
2020/8/29 18:25,1598700307,1598700233,74
2020/8/29 18:24,1598700247,1598700233,14
2020/8/29 18:23,1598700187,1598700171,16
2020/8/29 18:22,1598700127,1598700111,16
2020/8/29 18:21,1598700067,1598700058,9
2020/8/29 18:20,1598700007,1598699987,20
2020/8/29 18:19,1598699947,1598699946,1
2020/8/29 18:18,1598699887,1598699865,22
2020/8/29 18:17,1598699827,1598699801,26
2020/8/29 18:16,1598699767,1598699763,4
2020/8/29 18:15,1598699707,1598699681,26
2020/8/29 18:14,1598699647,1598699631,16
2020/8/29 18:13,1598699587,1598699574,13
2020/8/29 18:12,1598699527,1598699495,32
2020/8/29 18:11,1598699467,1598699438,29
2020/8/29 18:10,1598699407,1598699397,10
2020/8/29 18:09,1598699347,1598699265,82
2020/8/29 18:08,1598699287,1598699265,22
2020/8/29 18:07,1598699227,1598699183,44
2020/8/29 18:06,1598699167,1598699122,45
2020/8/29 18:05,1598699107,1598699099,8
2020/8/29 18:04,1598699047,1598699030,17
2020/8/29 18:03,1598698987,1598698929,58
2020/8/29 18:02,1598698927,1598698878,49
2020/8/29 18:01,1598698867,1598698847,20
2020/8/29 18:00,1598698807,1598698808,-1
2020/8/29 17:59,1598698747,1598698674,73
2020/8/29 17:58,1598698687,1598698674,13
2020/8/29 17:57,1598698627,1598698624,3
2020/8/29 17:56,1598698567,1598698552,15
2020/8/29 17:55,1598698507,1598698470,37
2020/8/29 17:54,1598698447,1598698388,59
2020/8/29 17:53,1598698387,1598698387,0
2020/8/29 17:52,1598698327,1598698326,1
2020/8/29 17:51,1598698267,1598698240,27
2020/8/29 17:50,1598698207,1598698143,64
2020/8/29 17:49,1598698147,1598698143,4
2020/8/29 17:48,1598698087,1598698052,35
2020/8/29 17:47,1598698027,1598697995,32
2020/8/29 17:46,1598697967,1598697949,18
2020/8/29 17:45,1598697907,1598697816,91
2020/8/29 17:44,1598697847,1598697816,31
2020/8/29 17:43,1598697787,1598697746,41
2020/8/29 17:42,1598697727,1598697725,2
2020/8/29 17:41,1598697667,1598697642,25
2020/8/29 17:40,1598697607,1598697560,47
2020/8/29 17:39,1598697547,1598697497,50
2020/8/29 17:38,1598697487,1598697481,6
2020/8/29 17:37,1598697427,1598697405,22
2020/8/29 17:36,1598697367,1598697333,34
2020/8/29 17:35,1598697307,1598697230,77
2020/8/29 17:34,1598697247,1598697230,17
2020/8/29 17:33,1598697187,1598697170,17
2020/8/29 17:32,1598697127,1598697088,39
2020/8/29 17:31,1598697067,1598697057,10
2020/8/29 17:30,1598697007,1598697006,1
2020/8/29 17:29,1598696947,1598696903,44
2020/8/29 17:28,1598696887,1598696886,1
2020/8/29 17:27,1598696827,1598696822,5
2020/8/29 17:26,1598696767,1598696768,-1
2020/8/29 17:25,1598696707,1598696678,29
2020/8/29 17:24,1598696647,1598696627,20
2020/8/29 17:23,1598696587,1598696586,1
2020/8/29 17:22,1598696527,1598696514,13
2020/8/29 17:21,1598696467,1598696452,15
2020/8/29 17:20,1598696407,1598696401,6
2020/8/29 17:19,1598696347,1598696308,39
2020/8/29 17:18,1598696287,1598696245,42
2020/8/29 17:17,1598696227,1598696210,17
2020/8/29 17:16,1598696167,1598696162,5
2020/8/29 17:15,1598696107,1598696100,7
2020/8/29 17:14,1598696047,1598696043,4
2020/8/29 17:13,1598695987,1598695982,5
2020/8/29 17:12,1598695927,1598695894,33
2020/8/29 17:11,1598695867,1598695865,2
2020/8/29 17:10,1598695807,1598695807,0
2020/8/29 17:09,1598695748,1598695740,8
2020/8/29 17:08,1598695687,1598695652,35
2020/8/29 17:07,1598695627,1598695621,6
2020/8/29 17:06,1598695567,1598695565,2
2020/8/29 17:05,1598695507,1598695468,39
2020/8/29 17:04,1598695447,1598695433,14
2020/8/29 17:03,1598695387,1598695387,0
2020/8/29 17:02,1598695327,1598695327,0
2020/8/29 17:01,1598695268,1598695229,39
2020/8/29 17:00,1598695207,1598695201,6
2020/8/29 16:59,1598695147,1598695088,59
2020/8/29 16:58,1598695087,1598695047,40
2020/8/29 16:57,1598695027,1598694986,41
2020/8/29 16:56,1598694967,1598694944,23
2020/8/29 16:55,1598694907,1598694831,76
2020/8/29 16:54,1598694847,1598694831,16
2020/8/29 16:53,1598694787,1598694749,38
2020/8/29 16:52,1598694727,1598694645,82
2020/8/29 16:51,1598694667,1598694645,22
2020/8/29 16:50,1598694607,1598694522,85
2020/8/29 16:49,1598694547,1598694522,25
2020/8/29 16:48,1598694487,1598694467,20
2020/8/29 16:47,1598694427,1598694397,30
2020/8/29 16:46,1598694367,1598694357,10
2020/8/29 16:45,1598694307,1598694265,42
2020/8/29 16:44,1598694247,1598694234,13
2020/8/29 16:43,1598694187,1598694186,1
2020/8/29 16:42,1598694127,1598694121,6
2020/8/29 16:41,1598694067,1598694019,48
2020/8/29 16:40,1598694007,1598693998,9
2020/8/29 16:39,1598693947,1598693924,23
2020/8/29 16:38,1598693887,1598693853,34
2020/8/29 16:37,1598693827,1598693776,51
2020/8/29 16:36,1598693767,1598693763,4
2020/8/29 16:35,1598693707,1598693678,29
2020/8/29 16:34,1598693647,1598693607,40
2020/8/29 16:33,1598693587,1598693558,29
2020/8/29 16:32,1598693527,1598693488,39
2020/8/29 16:31,1598693467,1598693462,5
2020/8/29 16:30,1598693407,1598693351,56
2020/8/29 16:29,1598693347,1598693239,108
2020/8/29 16:28,1598693287,1598693239,48
2020/8/29 16:27,1598693227,1598693198,29
2020/8/29 16:26,1598693167,1598693106,61
2020/8/29 16:25,1598693107,1598693106,1
2020/8/29 16:24,1598693047,1598693041,6
2020/8/29 16:23,1598692987,1598692943,44
2020/8/29 16:22,1598692927,1598692848,79
2020/8/29 16:21,1598692867,1598692848,19
2020/8/29 16:20,1598692807,1598692767,40
2020/8/29 16:19,1598692747,1598692747,0
2020/8/29 16:18,1598692687,1598692675,12
2020/8/29 16:17,1598692627,1598692616,11
2020/8/29 16:16,1598692567,1598692552,15
2020/8/29 16:15,1598692507,1598692494,13
2020/8/29 16:14,1598692447,1598692388,59
2020/8/29 16:13,1598692387,1598692377,10
2020/8/29 16:12,1598692327,1598692326,1
2020/8/29 16:11,1598692267,1598692162,105
2020/8/29 16:10,1598692207,1598692162,45
2020/8/29 16:09,1598692147,1598692121,26
2020/8/29 16:08,1598692087,1598692018,69
2020/8/29 16:07,1598692027,1598692018,9
2020/8/29 16:06,1598691967,1598691916,51
2020/8/29 16:05,1598691907,1598691845,62
2020/8/29 16:04,1598691847,1598691845,2
2020/8/29 16:03,1598691787,1598691736,51
2020/8/29 16:02,1598691727,1598691727,0
2020/8/29 16:01,1598691667,1598691639,28
2020/8/29 16:00,1598691607,1598691588,19
2020/8/29 15:59,1598691547,1598691537,10
2020/8/29 15:58,1598691487,1598691477,10
2020/8/29 15:57,1598691427,1598691395,32
2020/8/29 15:56,1598691367,1598691344,23
2020/8/29 15:55,1598691307,1598691304,3
2020/8/29 15:54,1598691247,1598691229,18
2020/8/29 15:53,1598691187,1598691170,17
2020/8/29 15:52,1598691127,1598691049,78
2020/8/29 15:51,1598691067,1598691049,18
2020/8/29 15:50,1598691007,1598691005,2
2020/8/29 15:49,1598690947,1598690926,21
2020/8/29 15:48,1598690887,1598690875,12
2020/8/29 15:47,1598690827,1598690824,3
2020/8/29 15:46,1598690767,1598690760,7
2020/8/29 15:45,1598690707,1598690706,1
2020/8/29 15:44,1598690647,1598690647,0
2020/8/29 15:43,1598690587,1598690570,17
2020/8/29 15:42,1598690527,1598690489,38
2020/8/29 15:41,1598690467,1598690463,4
2020/8/29 15:40,1598690408,1598690336,72
2020/8/29 15:39,1598690347,1598690336,11
2020/8/29 15:38,1598690287,1598690279,8
2020/8/29 15:37,1598690227,1598690174,53
2020/8/29 15:36,1598690167,1598690113,54
2020/8/29 15:35,1598690107,1598690106,1
2020/8/29 15:34,1598690047,1598690020,27
2020/8/29 15:33,1598689987,1598689970,17
2020/8/29 15:32,1598689927,1598689919,8
2020/8/29 15:31,1598689867,1598689848,19
2020/8/29 15:30,1598689807,1598689767,40
2020/8/29 15:29,1598689747,1598689714,33
2020/8/29 15:28,1598689687,1598689645,42
2020/8/29 15:27,1598689627,1598689604,23
2020/8/29 15:26,1598689567,1598689563,4
2020/8/29 15:25,1598689507,1598689483,24
2020/8/29 15:24,1598689447,1598689447,0
2020/8/29 15:23,1598689387,1598689350,37
2020/8/29 15:22,1598689327,1598689278,49
2020/8/29 15:21,1598689267,1598689262,5
2020/8/29 15:20,1598689207,1598689197,10
2020/8/29 15:19,1598689147,1598689136,11
2020/8/29 15:18,1598689087,1598689065,22
2020/8/29 15:17,1598689027,1598689012,15
2020/8/29 15:16,1598688967,1598688953,14
2020/8/29 15:15,1598688907,1598688902,5
2020/8/29 15:14,1598688847,1598688821,26
2020/8/29 15:13,1598688787,1598688760,27
2020/8/29 15:12,1598688727,1598688725,2
2020/8/29 15:11,1598688667,1598688607,60
2020/8/29 15:10,1598688607,1598688607,0
2020/8/29 15:09,1598688547,1598688527,20
2020/8/29 15:08,1598688487,1598688394,93
2020/8/29 15:07,1598688427,1598688394,33
2020/8/29 15:06,1598688367,1598688364,3
2020/8/29 15:05,1598688307,1598688251,56
2020/8/29 15:04,1598688247,1598688150,97
2020/8/29 15:03,1598688187,1598688150,37
2020/8/29 15:02,1598688127,1598688108,19
2020/8/29 15:01,1598688067,1598687905,162
2020/8/29 15:00,1598688007,1598687905,102
2020/8/29 14:59,1598687947,1598687905,42
2020/8/29 14:58,1598687887,1598687864,23
2020/8/29 14:57,1598687827,1598687800,27
2020/8/29 14:56,1598687767,1598687711,56
2020/8/29 14:55,1598687707,1598687590,117
2020/8/29 14:54,1598687647,1598687590,57
2020/8/29 14:53,1598687587,1598687568,19
2020/8/29 14:52,1598687527,1598687522,5
2020/8/29 14:51,1598687467,1598687451,16
2020/8/29 14:50,1598687407,1598687393,14
2020/8/29 14:49,1598687347,1598687345,2
2020/8/29 14:48,1598687287,1598687282,5
2020/8/29 14:47,1598687227,1598687223,4
2020/8/29 14:46,1598687167,1598687112,55
2020/8/29 14:45,1598687107,1598687107,0
2020/8/29 14:44,1598687047,1598687019,28
2020/8/29 14:43,1598686987,1598686948,39
2020/8/29 14:42,1598686927,1598686909,18
2020/8/29 14:41,1598686867,1598686846,21
2020/8/29 14:40,1598686807,1598686805,2
2020/8/29 14:39,1598686747,1598686734,13
2020/8/29 14:38,1598686687,1598686632,55
2020/8/29 14:37,1598686627,1598686577,50
2020/8/29 14:36,1598686567,1598686538,29
2020/8/29 14:35,1598686507,1598686470,37
2020/8/29 14:34,1598686447,1598686429,18
2020/8/29 14:33,1598686387,1598686374,13
2020/8/29 14:32,1598686327,1598686307,20
2020/8/29 14:31,1598686267,1598686246,21
2020/8/29 14:30,1598686207,1598686206,1
2020/8/29 14:29,1598686147,1598686140,7
2020/8/29 14:28,1598686087,1598686063,24
2020/8/29 14:27,1598686027,1598686002,25
2020/8/29 14:26,1598685967,1598685951,16
2020/8/29 14:25,1598685907,1598685860,47
2020/8/29 14:24,1598685847,1598685809,38
2020/8/29 14:23,1598685787,1598685768,19
2020/8/29 14:22,1598685727,1598685697,30
2020/8/29 14:21,1598685667,1598685651,16
2020/8/29 14:20,1598685607,1598685604,3
2020/8/29 14:19,1598685547,1598685544,3
2020/8/29 14:18,1598685487,1598685482,5
2020/8/29 14:17,1598685427,1598685401,26
2020/8/29 14:16,1598685367,1598685319,48
2020/8/29 14:15,1598685307,1598685279,28
2020/8/29 14:14,1598685247,1598685238,9
2020/8/29 14:13,1598685187,1598685177,10
2020/8/29 14:12,1598685127,1598685125,2
2020/8/29 14:11,1598685067,1598685064,3
2020/8/29 14:10,1598685007,1598684984,23
2020/8/29 14:09,1598684947,1598684882,65
2020/8/29 14:08,1598684887,1598684882,5
2020/8/29 14:07,1598684827,1598684770,57
2020/8/29 14:06,1598684767,1598684750,17
2020/8/29 14:05,1598684707,1598684679,28
2020/8/29 14:04,1598684647,1598684607,40
2020/8/29 14:03,1598684587,1598684519,68
2020/8/29 14:02,1598684527,1598684519,8
2020/8/29 14:01,1598684467,1598684462,5
2020/8/29 14:00,1598684407,1598684404,3
2020/8/29 13:59,1598684347,1598684332,15
2020/8/29 13:58,1598684287,1598684230,57
2020/8/29 13:57,1598684227,1598684211,16
2020/8/29 13:56,1598684167,1598684156,11
2020/8/29 13:55,1598684107,1598684078,29
2020/8/29 13:54,1598684047,1598684028,19
2020/8/29 13:53,1598683987,1598683940,47
2020/8/29 13:52,1598683927,1598683915,12
2020/8/29 13:51,1598683867,1598683824,43
2020/8/29 13:50,1598683807,1598683759,48
2020/8/29 13:49,1598683747,1598683741,6
2020/8/29 13:48,1598683687,1598683662,25
2020/8/29 13:47,1598683627,1598683618,9
2020/8/29 13:46,1598683567,1598683550,17
2020/8/29 13:45,1598683507,1598683469,38
2020/8/29 13:44,1598683447,1598683424,23
2020/8/29 13:43,1598683387,1598683377,10
2020/8/29 13:42,1598683327,1598683316,11
2020/8/29 13:41,1598683267,1598683244,23
2020/8/29 13:40,1598683207,1598683161,46
2020/8/29 13:39,1598683147,1598683142,5
2020/8/29 13:38,1598683087,1598683042,45
2020/8/29 13:37,1598683027,1598683025,2
2020/8/29 13:36,1598682967,1598682908,59
2020/8/29 13:35,1598682907,1598682908,-1
2020/8/29 13:34,1598682847,1598682836,11
2020/8/29 13:33,1598682787,1598682785,2
2020/8/29 13:32,1598682727,1598682709,18
2020/8/29 13:31,1598682667,1598682633,34
2020/8/29 13:30,1598682607,1598682599,8
2020/8/29 13:29,1598682547,1598682539,8
2020/8/29 13:28,1598682487,1598682480,7
2020/8/29 13:27,1598682427,1598682409,18
2020/8/29 13:26,1598682367,1598682356,11
2020/8/29 13:25,1598682307,1598682256,51
2020/8/29 13:24,1598682247,1598682240,7
2020/8/29 13:23,1598682187,1598682155,32
2020/8/29 13:22,1598682127,1598682124,3
2020/8/29 13:21,1598682067,1598682032,35
2020/8/29 13:20,1598682007,1598681972,35
2020/8/29 13:19,1598681947,1598681911,36
2020/8/29 13:18,1598681887,1598681861,26
2020/8/29 13:17,1598681827,1598681824,3
2020/8/29 13:16,1598681767,1598681768,-1
2020/8/29 13:15,1598681707,1598681697,10
2020/8/29 13:14,1598681647,1598681646,1
2020/8/29 13:13,1598681587,1598681585,2
2020/8/29 13:12,1598681527,1598681514,13
2020/8/29 13:11,1598681467,1598681467,0
2020/8/29 13:10,1598681407,1598681405,2
2020/8/29 13:09,1598681347,1598681315,32
2020/8/29 13:08,1598681287,1598681268,19
2020/8/29 13:07,1598681227,1598681198,29
2020/8/29 13:06,1598681167,1598681056,111
2020/8/29 13:05,1598681107,1598681056,51
2020/8/29 13:04,1598681047,1598680924,123
2020/8/29 13:03,1598680987,1598680924,63
2020/8/29 13:02,1598680927,1598680924,3
2020/8/29 13:01,1598680867,1598680791,76
2020/8/29 13:00,1598680807,1598680791,16
2020/8/29 12:59,1598680747,1598680733,14
2020/8/29 12:58,1598680687,1598680672,15
2020/8/29 12:57,1598680627,1598680571,56
2020/8/29 12:56,1598680567,1598680469,98
2020/8/29 12:55,1598680507,1598680469,38
2020/8/29 12:54,1598680447,1598680439,8
2020/8/29 12:53,1598680387,1598680377,10
2020/8/29 12:52,1598680327,1598680325,2
2020/8/29 12:51,1598680267,1598680256,11
2020/8/29 12:50,1598680207,1598680174,33
2020/8/29 12:49,1598680147,1598680032,115
2020/8/29 12:48,1598680087,1598680032,55
2020/8/29 12:47,1598680027,1598680013,14
2020/8/29 12:46,1598679967,1598679963,4
2020/8/29 12:45,1598679907,1598679898,9
2020/8/29 12:44,1598679847,1598679818,29
2020/8/29 12:43,1598679787,1598679737,50
2020/8/29 12:42,1598679727,1598679707,20
2020/8/29 12:41,1598679667,1598679662,5
2020/8/29 12:40,1598679607,1598679578,29
2020/8/29 12:39,1598679547,1598679523,24
2020/8/29 12:38,1598679487,1598679482,5
2020/8/29 12:37,1598679427,1598679374,53
2020/8/29 12:36,1598679367,1598679361,6
2020/8/29 12:35,1598679307,1598679289,18
2020/8/29 12:34,1598679247,1598679236,11
2020/8/29 12:33,1598679187,1598679178,9
2020/8/29 12:32,1598679127,1598679117,10
2020/8/29 12:31,1598679067,1598679024,43
2020/8/29 12:30,1598679007,1598678978,29
2020/8/29 12:29,1598678947,1598678936,11
2020/8/29 12:28,1598678887,1598678832,55
2020/8/29 12:27,1598678827,1598678788,39
2020/8/29 12:26,1598678767,1598678760,7
2020/8/29 12:25,1598678707,1598678669,38
2020/8/29 12:24,1598678647,1598678618,29
2020/8/29 12:23,1598678587,1598678588,-1
2020/8/29 12:22,1598678527,1598678486,41
2020/8/29 12:21,1598678467,1598678455,12
2020/8/29 12:20,1598678407,1598678374,33
2020/8/29 12:19,1598678347,1598678330,17
2020/8/29 12:18,1598678287,1598678258,29
2020/8/29 12:17,1598678227,1598678221,6
2020/8/29 12:16,1598678167,1598678100,67
2020/8/29 12:15,1598678107,1598678100,7
2020/8/29 12:14,1598678047,1598678041,6
2020/8/29 12:13,1598677987,1598677947,40
2020/8/29 12:12,1598677927,1598677865,62
2020/8/29 12:11,1598677867,1598677865,2
2020/8/29 12:10,1598677807,1598677794,13
2020/8/29 12:09,1598677747,1598677732,15
2020/8/29 12:08,1598677687,1598677661,26
2020/8/29 12:07,1598677627,1598677569,58
2020/8/29 12:06,1598677567,1598677528,39
2020/8/29 12:05,1598677507,1598677366,141
2020/8/29 12:04,1598677447,1598677366,81
2020/8/29 12:03,1598677387,1598677366,21
2020/8/29 12:02,1598677327,1598677284,43
2020/8/29 12:01,1598677267,1598677243,24
2020/8/29 12:00,1598677207,1598677192,15
2020/8/29 11:59,1598677147,1598677130,17
2020/8/29 11:58,1598677087,1598677049,38
2020/8/29 11:57,1598677027,1598676948,79
2020/8/29 11:56,1598676967,1598676948,19
2020/8/29 11:55,1598676907,1598676887,20
2020/8/29 11:54,1598676847,1598676829,18
2020/8/29 11:53,1598676787,1598676754,33
2020/8/29 11:52,1598676727,1598676663,64
2020/8/29 11:51,1598676667,1598676663,4
2020/8/29 11:50,1598676607,1598676602,5
2020/8/29 11:49,1598676547,1598676540,7
2020/8/29 11:48,1598676487,1598676449,38
2020/8/29 11:47,1598676427,1598676409,18
2020/8/29 11:46,1598676367,1598676357,10
2020/8/29 11:45,1598676307,1598676276,31
2020/8/29 11:44,1598676247,1598676215,32
2020/8/29 11:43,1598676187,1598676179,8
2020/8/29 11:42,1598676127,1598676103,24
2020/8/29 11:41,1598676067,1598676064,3
2020/8/29 11:40,1598676007,1598675960,47
2020/8/29 11:39,1598675947,1598675947,0
2020/8/29 11:38,1598675887,1598675874,13
2020/8/29 11:37,1598675827,1598675806,21
2020/8/29 11:36,1598675767,1598675766,1
2020/8/29 11:35,1598675707,1598675688,19
2020/8/29 11:34,1598675647,1598675583,64
2020/8/29 11:33,1598675587,1598675583,4
2020/8/29 11:32,1598675527,1598675522,5
2020/8/29 11:31,1598675467,1598675440,27
2020/8/29 11:30,1598675407,1598675379,28
2020/8/29 11:29,1598675347,1598675328,19
2020/8/29 11:28,1598675287,1598675277,10
2020/8/29 11:27,1598675227,1598675227,0
2020/8/29 11:26,1598675167,1598675166,1
2020/8/29 11:25,1598675108,1598675107,1
2020/8/29 11:24,1598675047,1598675042,5
2020/8/29 11:23,1598674987,1598674972,15
2020/8/29 11:22,1598674927,1598674870,57
2020/8/29 11:21,1598674867,1598674863,4
2020/8/29 11:20,1598674807,1598674796,11
2020/8/29 11:19,1598674747,1598674708,39
2020/8/29 11:18,1598674687,1598674668,19
2020/8/29 11:17,1598674627,1598674626,1
2020/8/29 11:16,1598674567,1598674555,12
2020/8/29 11:15,1598674507,1598674459,48
2020/8/29 11:14,1598674447,1598674443,4
2020/8/29 11:13,1598674387,1598674362,25
2020/8/29 11:12,1598674327,1598674290,37
2020/8/29 11:11,1598674267,1598674240,27
2020/8/29 11:10,1598674207,1598674199,8
2020/8/29 11:09,1598674147,1598674077,70
2020/8/29 11:08,1598674087,1598674077,10
2020/8/29 11:07,1598674027,1598674026,1
2020/8/29 11:06,1598673967,1598673909,58
2020/8/29 11:05,1598673907,1598673907,0
2020/8/29 11:04,1598673847,1598673832,15
2020/8/29 11:03,1598673787,1598673782,5
2020/8/29 11:02,1598673727,1598673689,38
2020/8/29 11:01,1598673667,1598673663,4
2020/8/29 11:00,1598673607,1598673600,7
2020/8/29 10:59,1598673547,1598673532,15
2020/8/29 10:58,1598673487,1598673469,18
2020/8/29 10:57,1598673427,1598673423,4
2020/8/29 10:56,1598673367,1598673292,75
2020/8/29 10:55,1598673307,1598673292,15
2020/8/29 10:54,1598673247,1598673191,56
2020/8/29 10:53,1598673187,1598673160,27
2020/8/29 10:52,1598673127,1598673120,7
2020/8/29 10:51,1598673067,1598672997,70
2020/8/29 10:50,1598673007,1598672997,10
2020/8/29 10:49,1598672947,1598672926,21
2020/8/29 10:48,1598672887,1598672886,1
2020/8/29 10:47,1598672827,1598672806,21
2020/8/29 10:46,1598672767,1598672766,1
2020/8/29 10:45,1598672707,1598672704,3
2020/8/29 10:44,1598672647,1598672642,5
2020/8/29 10:43,1598672587,1598672582,5
2020/8/29 10:42,1598672527,1598672526,1
2020/8/29 10:41,1598672467,1598672467,0
2020/8/29 10:40,1598672407,1598672399,8
2020/8/29 10:39,1598672347,1598672346,1
2020/8/29 10:38,1598672287,1598672255,32
2020/8/29 10:37,1598672227,1598672194,33
2020/8/29 10:36,1598672167,1598672157,10
2020/8/29 10:35,1598672107,1598672082,25
2020/8/29 10:34,1598672047,1598672047,0
2020/8/29 10:33,1598671987,1598671976,11
2020/8/29 10:32,1598671927,1598671927,0
2020/8/29 10:31,1598671867,1598671866,1
2020/8/29 10:30,1598671807,1598671806,1
2020/8/29 10:29,1598671747,1598671747,0
2020/8/29 10:28,1598671687,1598671687,0
2020/8/29 10:27,1598671627,1598671602,25
2020/8/29 10:26,1598671567,1598671513,54
2020/8/29 10:25,1598671507,1598671492,15
2020/8/29 10:24,1598671447,1598671445,2
2020/8/29 10:23,1598671387,1598671380,7
2020/8/29 10:22,1598671327,1598671309,18
2020/8/29 10:21,1598671267,1598671261,6
2020/8/29 10:20,1598671207,1598671196,11
2020/8/29 10:19,1598671147,1598671146,1
2020/8/29 10:18,1598671087,1598671085,2
2020/8/29 10:17,1598671027,1598670993,34
2020/8/29 10:16,1598670967,1598670942,25
2020/8/29 10:15,1598670907,1598670897,10
2020/8/29 10:14,1598670847,1598670829,18
2020/8/29 10:13,1598670787,1598670718,69
2020/8/29 10:12,1598670727,1598670718,9
2020/8/29 10:11,1598670667,1598670662,5
2020/8/29 10:10,1598670607,1598670587,20
2020/8/29 10:09,1598670547,1598670505,42
2020/8/29 10:08,1598670487,1598670481,6
2020/8/29 10:07,1598670427,1598670419,8
2020/8/29 10:06,1598670367,1598670329,38
2020/8/29 10:05,1598670307,1598670291,16
2020/8/29 10:04,1598670247,1598670210,37
2020/8/29 10:03,1598670187,1598670167,20
2020/8/29 10:02,1598670127,1598670119,8
2020/8/29 10:01,1598670067,1598670056,11
2020/8/29 10:00,1598670007,1598670006,1
2020/8/29 09:59,1598669947,1598669945,2
2020/8/29 09:58,1598669887,1598669873,14
2020/8/29 09:57,1598669827,1598669812,15
2020/8/29 09:56,1598669767,1598669751,16
2020/8/29 09:55,1598669707,1598669701,6
2020/8/29 09:54,1598669647,1598669639,8
2020/8/29 09:53,1598669587,1598669548,39
2020/8/29 09:52,1598669527,1598669517,10
2020/8/29 09:51,1598669467,1598669466,1
2020/8/29 09:50,1598669407,1598669405,2
2020/8/29 09:49,1598669347,1598669324,23
2020/8/29 09:48,1598669287,1598669263,24
2020/8/29 09:47,1598669227,1598669191,36
2020/8/29 09:46,1598669167,1598669161,6
2020/8/29 09:45,1598669107,1598669079,28
2020/8/29 09:44,1598669047,1598669038,9
2020/8/29 09:43,1598668987,1598668968,19
2020/8/29 09:42,1598668927,1598668855,72
2020/8/29 09:41,1598668867,1598668855,12
2020/8/29 09:40,1598668807,1598668764,43
2020/8/29 09:39,1598668747,1598668713,34
2020/8/29 09:38,1598668687,1598668642,45
2020/8/29 09:37,1598668627,1598668591,36
2020/8/29 09:36,1598668567,1598668540,27
2020/8/29 09:35,1598668507,1598668500,7
2020/8/29 09:34,1598668447,1598668398,49
2020/8/29 09:33,1598668387,1598668358,29
2020/8/29 09:32,1598668327,1598668317,10
2020/8/29 09:31,1598668267,1598668225,42
2020/8/29 09:30,1598668207,1598668195,12
2020/8/29 09:29,1598668147,1598668134,13
2020/8/29 09:28,1598668087,1598668052,35
2020/8/29 09:27,1598668027,1598668001,26
2020/8/29 09:26,1598667967,1598667960,7
2020/8/29 09:25,1598667907,1598667899,8
2020/8/29 09:24,1598667847,1598667768,79
2020/8/29 09:23,1598667787,1598667768,19
2020/8/29 09:22,1598667727,1598667717,10
2020/8/29 09:21,1598667667,1598667643,24
2020/8/29 09:20,1598667607,1598667549,58
2020/8/29 09:19,1598667547,1598667498,49
2020/8/29 09:18,1598667487,1598667435,52
2020/8/29 09:17,1598667427,1598667354,73
2020/8/29 09:16,1598667367,1598667354,13
2020/8/29 09:15,1598667307,1598667282,25
2020/8/29 09:14,1598667247,1598667221,26
2020/8/29 09:13,1598667188,1598667179,9
2020/8/29 09:12,1598667127,1598667107,20
2020/8/29 09:11,1598667067,1598667014,53
2020/8/29 09:10,1598667007,1598666983,24
2020/8/29 09:09,1598666947,1598666911,36
2020/8/29 09:08,1598666887,1598666848,39
2020/8/29 09:07,1598666827,1598666767,60
2020/8/29 09:06,1598666767,1598666767,0
2020/8/29 09:05,1598666707,1598666706,1
2020/8/29 09:04,1598666647,1598666593,54
2020/8/29 09:03,1598666587,1598666522,65
2020/8/29 09:02,1598666527,1598666522,5
2020/8/29 09:01,1598666467,1598666460,7
2020/8/29 09:00,1598666407,1598666307,100
2020/8/29 08:59,1598666347,1598666307,40
2020/8/29 08:58,1598666287,1598666144,143
2020/8/29 08:57,1598666227,1598666144,83
2020/8/29 08:56,1598666167,1598666144,23
2020/8/29 08:55,1598666107,1598666084,23
2020/8/29 08:54,1598666047,1598665920,127
2020/8/29 08:53,1598665987,1598665920,67
2020/8/29 08:52,1598665927,1598665920,7
2020/8/29 08:51,1598665867,1598665808,59
2020/8/29 08:50,1598665807,1598665727,80
2020/8/29 08:49,1598665747,1598665727,20
2020/8/29 08:48,1598665687,1598665636,51
2020/8/29 08:47,1598665627,1598665554,73
2020/8/29 08:46,1598665567,1598665554,13
2020/8/29 08:45,1598665507,1598665351,156
2020/8/29 08:44,1598665447,1598665351,96
2020/8/29 08:43,1598665387,1598665351,36
2020/8/29 08:42,1598665327,1598665320,7
2020/8/29 08:41,1598665267,1598665248,19
2020/8/29 08:40,1598665207,1598665188,19
2020/8/29 08:39,1598665147,1598665137,10
2020/8/29 08:38,1598665087,1598665055,32
2020/8/29 08:37,1598665027,1598664933,94
2020/8/29 08:36,1598664967,1598664933,34
2020/8/29 08:35,1598664907,1598664821,86
2020/8/29 08:34,1598664847,1598664821,26
2020/8/29 08:33,1598664787,1598664709,78
2020/8/29 08:32,1598664727,1598664709,18
2020/8/29 08:31,1598664667,1598664618,49
2020/8/29 08:30,1598664607,1598664577,30
2020/8/29 08:29,1598664547,1598664516,31
2020/8/29 08:28,1598664487,1598664383,104
2020/8/29 08:27,1598664427,1598664383,44
2020/8/29 08:26,1598664367,1598664312,55
2020/8/29 08:25,1598664307,1598664220,87
2020/8/29 08:24,1598664247,1598664220,27
2020/8/29 08:23,1598664187,1598664139,48
2020/8/29 08:22,1598664127,1598664118,9
2020/8/29 08:21,1598664067,1598664047,20
2020/8/29 08:20,1598664007,1598664007,0
2020/8/29 08:19,1598663947,1598663926,21
2020/8/29 08:18,1598663887,1598663855,32
2020/8/29 08:17,1598663827,1598663752,75
2020/8/29 08:16,1598663767,1598663752,15
2020/8/29 08:15,1598663707,1598663681,26
2020/8/29 08:14,1598663647,1598663620,27
2020/8/29 08:13,1598663587,1598663559,28
2020/8/29 08:12,1598663527,1598663457,70
2020/8/29 08:11,1598663467,1598663457,10
2020/8/29 08:10,1598663407,1598663365,42
2020/8/29 08:09,1598663347,1598663284,63
2020/8/29 08:08,1598663287,1598663284,3
2020/8/29 08:07,1598663227,1598663213,14
2020/8/29 08:06,1598663167,1598663131,36
2020/8/29 08:05,1598663107,1598663059,48
2020/8/29 08:04,1598663047,1598662998,49
2020/8/29 08:03,1598662987,1598662936,51
2020/8/29 08:02,1598662927,1598662895,32
2020/8/29 08:01,1598662867,1598662813,54
2020/8/29 08:00,1598662807,1598662762,45
2020/8/29 07:59,1598662747,1598662641,106
2020/8/29 07:58,1598662687,1598662641,46
2020/8/29 07:57,1598662627,1598662620,7
2020/8/29 07:56,1598662567,1598662559,8
2020/8/29 07:55,1598662507,1598662308,199
2020/8/29 07:54,1598662447,1598662308,139
2020/8/29 07:53,1598662387,1598662308,79
2020/8/29 07:52,1598662327,1598662308,19
2020/8/29 07:51,1598662267,1598662251,16
2020/8/29 07:50,1598662207,1598662201,6
2020/8/29 07:49,1598662147,1598662140,7
2020/8/29 07:48,1598662087,1598662078,9
2020/8/29 07:47,1598662027,1598662005,22
2020/8/29 07:46,1598661967,1598661965,2
2020/8/29 07:45,1598661907,1598661892,15
2020/8/29 07:44,1598661847,1598661804,43
2020/8/29 07:43,1598661787,1598661782,5
2020/8/29 07:42,1598661727,1598661682,45
2020/8/29 07:41,1598661667,1598661612,55
2020/8/29 07:40,1598661607,1598661591,16
2020/8/29 07:39,1598661547,1598661543,4
2020/8/29 07:38,1598661487,1598661484,3
2020/8/29 07:37,1598661427,1598661396,31
2020/8/29 07:36,1598661367,1598661346,21
2020/8/29 07:35,1598661307,1598661275,32
2020/8/29 07:34,1598661247,1598661193,54
2020/8/29 07:33,1598661187,1598661170,17
2020/8/29 07:32,1598661127,1598661126,1
2020/8/29 07:31,1598661067,1598661021,46
2020/8/29 07:30,1598661007,1598660980,27
2020/8/29 07:29,1598660947,1598660929,18
2020/8/29 07:28,1598660887,1598660847,40
2020/8/29 07:27,1598660827,1598660817,10
2020/8/29 07:26,1598660767,1598660729,38
2020/8/29 07:25,1598660707,1598660680,27
2020/8/29 07:24,1598660647,1598660613,34
2020/8/29 07:23,1598660587,1598660533,54
2020/8/29 07:22,1598660527,1598660492,35
2020/8/29 07:21,1598660467,1598660441,26
2020/8/29 07:20,1598660407,1598660359,48
2020/8/29 07:19,1598660347,1598660314,33
2020/8/29 07:18,1598660287,1598660241,46
2020/8/29 07:17,1598660227,1598660186,41
2020/8/29 07:16,1598660167,1598660064,103
2020/8/29 07:15,1598660107,1598660064,43
2020/8/29 07:14,1598660047,1598660040,7
2020/8/29 07:13,1598659987,1598659955,32
2020/8/29 07:12,1598659927,1598659911,16
2020/8/29 07:11,1598659867,1598659853,14
2020/8/29 07:10,1598659807,1598659727,80
2020/8/29 07:09,1598659747,1598659727,20
2020/8/29 07:08,1598659687,1598659647,40
2020/8/29 07:07,1598659627,1598659077,550
2020/8/29 07:06,1598659567,1598659077,490
2020/8/29 07:05,1598659507,1598659077,430
2020/8/29 07:04,1598659447,1598659077,370
2020/8/29 07:03,1598659387,1598659077,310
2020/8/29 07:02,1598659327,1598659077,250
2020/8/29 07:01,1598659267,1598659077,190
2020/8/29 07:00,1598659207,1598659077,130
2020/8/29 06:59,1598659147,1598659077,70
2020/8/29 06:58,1598659087,1598659077,10
2020/8/29 06:57,1598659027,1598658891,136
2020/8/29 06:56,1598658967,1598658891,76
2020/8/29 06:55,1598658907,1598658891,16
2020/8/29 06:54,1598658847,1598658823,24
2020/8/29 06:53,1598658787,1598658782,5
2020/8/29 06:52,1598658727,1598658720,7
2020/8/29 06:51,1598658667,1598658653,14
2020/8/29 06:50,1598658607,1598658589,18
2020/8/29 06:49,1598658547,1598658529,18
2020/8/29 06:48,1598658487,1598658457,30
2020/8/29 06:47,1598658427,1598658376,51
2020/8/29 06:46,1598658367,1598658334,33
2020/8/29 06:45,1598658307,1598658305,2
2020/8/29 06:44,1598658247,1598658102,145
2020/8/29 06:43,1598658187,1598658102,85
2020/8/29 06:42,1598658127,1598658102,25
2020/8/29 06:41,1598658067,1598658010,57
2020/8/29 06:40,1598658007,1598657857,150
2020/8/29 06:39,1598657947,1598657857,90
2020/8/29 06:38,1598657887,1598657857,30
2020/8/29 06:37,1598657827,1598657745,82
2020/8/29 06:36,1598657767,1598657745,22
2020/8/29 06:35,1598657707,1598657694,13
2020/8/29 06:34,1598657647,1598657647,0
2020/8/29 06:33,1598657587,1598657572,15
2020/8/29 06:32,1598657527,1598657470,57
2020/8/29 06:31,1598657467,1598657419,48
2020/8/29 06:30,1598657407,1598657368,39
2020/8/29 06:29,1598657347,1598657308,39
2020/8/29 06:28,1598657287,1598657244,43
2020/8/29 06:27,1598657227,1598657224,3
2020/8/29 06:26,1598657167,1598657166,1
2020/8/29 06:25,1598657107,1598657023,84
2020/8/29 06:24,1598657047,1598657023,24
2020/8/29 06:23,1598656987,1598656977,10
2020/8/29 06:22,1598656927,1598656911,16
2020/8/29 06:21,1598656867,1598656862,5
2020/8/29 06:20,1598656807,1598656789,18
2020/8/29 06:19,1598656747,1598656741,6
2020/8/29 06:18,1598656687,1598656626,61
2020/8/29 06:17,1598656627,1598656626,1
2020/8/29 06:16,1598656567,1598656545,22
2020/8/29 06:15,1598656507,1598656492,15
2020/8/29 06:14,1598656447,1598656382,65
2020/8/29 06:13,1598656387,1598656382,5
2020/8/29 06:12,1598656327,1598656314,13
2020/8/29 06:11,1598656267,1598656229,38
2020/8/29 06:10,1598656207,1598656188,19
2020/8/29 06:09,1598656147,1598656147,0
2020/8/29 06:08,1598656087,1598656045,42
2020/8/29 06:07,1598656027,1598656009,18
2020/8/29 06:06,1598655967,1598655954,13
2020/8/29 06:05,1598655907,1598655854,53
2020/8/29 06:04,1598655847,1598655843,4
2020/8/29 06:03,1598655787,1598655781,6
2020/8/29 06:02,1598655727,1598655720,7
2020/8/29 06:01,1598655667,1598655649,18
2020/8/29 06:00,1598655607,1598655607,0
2020/8/29 05:59,1598655547,1598655506,41
2020/8/29 05:58,1598655487,1598655479,8
2020/8/29 05:57,1598655427,1598655409,18
2020/8/29 05:56,1598655367,1598655354,13
2020/8/29 05:55,1598655307,1598655222,85
2020/8/29 05:54,1598655247,1598655222,25
2020/8/29 05:53,1598655187,1598655185,2
2020/8/29 05:52,1598655127,1598655080,47
2020/8/29 05:51,1598655067,1598655028,39
2020/8/29 05:50,1598655007,1598654996,11
2020/8/29 05:49,1598654947,1598654924,23
2020/8/29 05:48,1598654887,1598654886,1
2020/8/29 05:47,1598654827,1598654805,22
2020/8/29 05:46,1598654767,1598654754,13
2020/8/29 05:45,1598654707,1598654693,14
2020/8/29 05:44,1598654647,1598654581,66
2020/8/29 05:43,1598654587,1598654581,6
2020/8/29 05:42,1598654527,1598654520,7
2020/8/29 05:41,1598654467,1598654449,18
2020/8/29 05:40,1598654407,1598654388,19
2020/8/29 05:39,1598654347,1598654337,10
2020/8/29 05:38,1598654287,1598654274,13
2020/8/29 05:37,1598654227,1598654226,1
2020/8/29 05:36,1598654167,1598654083,84
2020/8/29 05:35,1598654107,1598654083,24
2020/8/29 05:34,1598654047,1598653991,56
2020/8/29 05:33,1598653987,1598653981,6
2020/8/29 05:32,1598653927,1598653910,17
2020/8/29 05:31,1598653867,1598653860,7
2020/8/29 05:30,1598653807,1598653807,0
2020/8/29 05:29,1598653747,1598653716,31
2020/8/29 05:28,1598653687,1598653684,3
2020/8/29 05:27,1598653627,1598653619,8
2020/8/29 05:26,1598653567,1598653564,3
2020/8/29 05:25,1598653507,1598653492,15
2020/8/29 05:24,1598653447,1598653447,0
2020/8/29 05:23,1598653387,1598653382,5
2020/8/29 05:22,1598653327,1598653327,0
2020/8/29 05:21,1598653267,1598653267,0
2020/8/29 05:20,1598653207,1598653188,19
2020/8/29 05:19,1598653147,1598653118,29
2020/8/29 05:18,1598653087,1598653075,12
2020/8/29 05:17,1598653027,1598653014,13
2020/8/29 05:16,1598652967,1598652936,31
2020/8/29 05:15,1598652907,1598652889,18
2020/8/29 05:14,1598652847,1598652811,36
2020/8/29 05:13,1598652787,1598652760,27
2020/8/29 05:12,1598652727,1598652701,26
2020/8/29 05:11,1598652667,1598652649,18
2020/8/29 05:10,1598652607,1598652557,50
2020/8/29 05:09,1598652547,1598652506,41
2020/8/29 05:08,1598652487,1598652394,93
2020/8/29 05:07,1598652427,1598652394,33
2020/8/29 05:06,1598652367,1598652323,44
2020/8/29 05:05,1598652307,1598652280,27
2020/8/29 05:04,1598652247,1598652221,26
2020/8/29 05:03,1598652187,1598652160,27
2020/8/29 05:02,1598652127,1598652048,79
2020/8/29 05:01,1598652067,1598652048,19
2020/8/29 05:00,1598652007,1598651997,10
2020/8/29 04:59,1598651947,1598651948,-1
2020/8/29 04:58,1598651887,1598651875,12
2020/8/29 04:57,1598651827,1598651803,24
2020/8/29 04:56,1598651767,1598651765,2
2020/8/29 04:55,1598651707,1598651702,5
2020/8/29 04:54,1598651647,1598651629,18
2020/8/29 04:53,1598651587,1598651567,20
2020/8/29 04:52,1598651527,1598651490,37
2020/8/29 04:51,1598651467,1598651428,39
2020/8/29 04:50,1598651407,1598651402,5
2020/8/29 04:49,1598651347,1598651345,2
2020/8/29 04:48,1598651287,1598651273,14
2020/8/29 04:47,1598651227,1598651173,54
2020/8/29 04:46,1598651167,1598651152,15
2020/8/29 04:45,1598651107,1598651090,17
2020/8/29 04:44,1598651047,1598650916,131
2020/8/29 04:43,1598650987,1598650916,71
2020/8/29 04:42,1598650927,1598650916,11
2020/8/29 04:41,1598650867,1598650848,19
2020/8/29 04:40,1598650807,1598650723,84
2020/8/29 04:39,1598650747,1598650723,24
2020/8/29 04:38,1598650687,1598650683,4
2020/8/29 04:37,1598650627,1598650600,27
2020/8/29 04:36,1598650567,1598650566,1
2020/8/29 04:35,1598650507,1598650506,1
2020/8/29 04:34,1598650447,1598650428,19
2020/8/29 04:33,1598650387,1598650387,0
2020/8/29 04:32,1598650327,1598650327,0
2020/8/29 04:31,1598650267,1598650255,12
2020/8/29 04:30,1598650207,1598650189,18
2020/8/29 04:29,1598650147,1598650143,4
2020/8/29 04:28,1598650087,1598650085,2
2020/8/29 04:27,1598650027,1598649995,32
2020/8/29 04:26,1598649967,1598649967,0
2020/8/29 04:25,1598649907,1598649903,4
2020/8/29 04:24,1598649847,1598649832,15
2020/8/29 04:23,1598649787,1598649782,5
2020/8/29 04:22,1598649727,1598649721,6
2020/8/29 04:21,1598649667,1598649608,59
2020/8/29 04:20,1598649607,1598649588,19
2020/8/29 04:19,1598649547,1598649546,1
2020/8/29 04:18,1598649487,1598649476,11
2020/8/29 04:17,1598649427,1598649364,63
2020/8/29 04:16,1598649367,1598649364,3
2020/8/29 04:15,1598649307,1598649283,24
2020/8/29 04:14,1598649247,1598649242,5
2020/8/29 04:13,1598649187,1598649187,0
2020/8/29 04:12,1598649127,1598649122,5
2020/8/29 04:11,1598649067,1598649059,8
2020/8/29 04:10,1598649007,1598648998,9
2020/8/29 04:09,1598648947,1598648927,20
2020/8/29 04:08,1598648887,1598648887,0
2020/8/29 04:07,1598648827,1598648825,2
2020/8/29 04:06,1598648767,1598648763,4
2020/8/29 04:05,1598648707,1598648631,76
2020/8/29 04:04,1598648647,1598648631,16
2020/8/29 04:03,1598648587,1598648540,47
2020/8/29 04:02,1598648527,1598648523,4
2020/8/29 04:01,1598648467,1598648356,111
2020/8/29 04:00,1598648407,1598648356,51
2020/8/29 03:59,1598648347,1598648295,52
2020/8/29 03:58,1598648287,1598648267,20
2020/8/29 03:57,1598648227,1598648224,3
2020/8/29 03:56,1598648167,1598648142,25
2020/8/29 03:55,1598648107,1598647997,110
2020/8/29 03:54,1598648047,1598647997,50
2020/8/29 03:53,1598647987,1598647979,8
2020/8/29 03:52,1598647927,1598647866,61
2020/8/29 03:51,1598647867,1598647866,1
2020/8/29 03:50,1598647807,1598647724,83
2020/8/29 03:49,1598647747,1598647724,23
2020/8/29 03:48,1598647687,1598647669,18
2020/8/29 03:47,1598647627,1598647606,21
2020/8/29 03:46,1598647567,1598647545,22
2020/8/29 03:45,1598647507,1598647502,5
2020/8/29 03:44,1598647447,1598647419,28
2020/8/29 03:43,1598647387,1598647387,0
2020/8/29 03:42,1598647327,1598647268,59
2020/8/29 03:41,1598647267,1598647267,0
2020/8/29 03:40,1598647207,1598647177,30
2020/8/29 03:39,1598647147,1598647144,3
2020/8/29 03:38,1598647087,1598647042,45
2020/8/29 03:37,1598647027,1598646981,46
2020/8/29 03:36,1598646967,1598646931,36
2020/8/29 03:35,1598646907,1598646906,1
2020/8/29 03:34,1598646847,1598646788,59
2020/8/29 03:33,1598646787,1598646768,19
2020/8/29 03:32,1598646727,1598646727,0
2020/8/29 03:31,1598646667,1598646656,11
2020/8/29 03:30,1598646607,1598646554,53
2020/8/29 03:29,1598646547,1598646523,24
2020/8/29 03:28,1598646487,1598646485,2
2020/8/29 03:27,1598646427,1598646402,25
2020/8/29 03:26,1598646367,1598646290,77
2020/8/29 03:25,1598646307,1598646290,17
2020/8/29 03:24,1598646247,1598646220,27
2020/8/29 03:23,1598646187,1598646137,50
2020/8/29 03:22,1598646127,1598646075,52
2020/8/29 03:21,1598646067,1598646046,21
2020/8/29 03:20,1598646007,1598645964,43
2020/8/29 03:19,1598645947,1598645905,42
2020/8/29 03:18,1598645887,1598645852,35
2020/8/29 03:17,1598645827,1598645750,77
2020/8/29 03:16,1598645767,1598645750,17
2020/8/29 03:15,1598645707,1598645702,5
2020/8/29 03:14,1598645647,1598645644,3
2020/8/29 03:13,1598645587,1598645587,0
2020/8/29 03:12,1598645527,1598645527,0
2020/8/29 03:11,1598645467,1598645465,2
2020/8/29 03:10,1598645407,1598645402,5
2020/8/29 03:09,1598645347,1598645282,65
2020/8/29 03:08,1598645287,1598645282,5
2020/8/29 03:07,1598645227,1598645088,139
2020/8/29 03:06,1598645167,1598645088,79
2020/8/29 03:05,1598645107,1598645088,19
2020/8/29 03:04,1598645047,1598644984,63
2020/8/29 03:03,1598644987,1598644984,3
2020/8/29 03:02,1598644927,1598644864,63
2020/8/29 03:01,1598644867,1598644864,3
2020/8/29 03:00,1598644807,1598644803,4
2020/8/29 02:59,1598644747,1598644742,5
2020/8/29 02:58,1598644687,1598644548,139
2020/8/29 02:57,1598644627,1598644548,79
2020/8/29 02:56,1598644567,1598644548,19
2020/8/29 02:55,1598644507,1598644456,51
2020/8/29 02:54,1598644447,1598644436,11
2020/8/29 02:53,1598644387,1598644365,22
2020/8/29 02:52,1598644327,1598644324,3
2020/8/29 02:51,1598644267,1598644223,44
2020/8/29 02:50,1598644207,1598644179,28
2020/8/29 02:49,1598644147,1598644131,16
2020/8/29 02:48,1598644087,1598644083,4
2020/8/29 02:47,1598644027,1598644027,0
2020/8/29 02:46,1598643967,1598643897,70
2020/8/29 02:45,1598643907,1598643897,10
2020/8/29 02:44,1598643847,1598643815,32
2020/8/29 02:43,1598643787,1598643773,14
2020/8/29 02:42,1598643727,1598643693,34
2020/8/29 02:41,1598643667,1598643663,4
2020/8/29 02:40,1598643607,1598643543,64
2020/8/29 02:39,1598643547,1598643543,4
2020/8/29 02:38,1598643487,1598643459,28
2020/8/29 02:37,1598643427,1598643347,80
2020/8/29 02:36,1598643367,1598643347,20
2020/8/29 02:35,1598643307,1598643307,0
2020/8/29 02:34,1598643247,1598643216,31
2020/8/29 02:33,1598643187,1598643155,32
2020/8/29 02:32,1598643127,1598643104,23
2020/8/29 02:31,1598643067,1598643053,14
2020/8/29 02:30,1598643007,1598643000,7
2020/8/29 02:29,1598642947,1598642904,43
2020/8/29 02:28,1598642887,1598642860,27
2020/8/29 02:27,1598642827,1598642798,29
2020/8/29 02:26,1598642767,1598642758,9
2020/8/29 02:25,1598642708,1598642697,11
2020/8/29 02:24,1598642647,1598642637,10
2020/8/29 02:23,1598642587,1598642575,12
2020/8/29 02:22,1598642527,1598642514,13
2020/8/29 02:21,1598642467,1598642386,81
2020/8/29 02:20,1598642407,1598642386,21
2020/8/29 02:19,1598642347,1598642322,25
2020/8/29 02:18,1598642287,1598642270,17
2020/8/29 02:17,1598642227,1598642158,69
2020/8/29 02:16,1598642167,1598642158,9
2020/8/29 02:15,1598642107,1598642067,40
2020/8/29 02:14,1598642047,1598642002,45
2020/8/29 02:13,1598641987,1598641986,1
2020/8/29 02:12,1598641927,1598641864,63
2020/8/29 02:11,1598641867,1598641864,3
2020/8/29 02:10,1598641807,1598641793,14
2020/8/29 02:09,1598641747,1598641715,32
2020/8/29 02:08,1598641687,1598641688,-1
2020/8/29 02:07,1598641627,1598641620,7
2020/8/29 02:06,1598641567,1598641538,29
2020/8/29 02:05,1598641507,1598641497,10
2020/8/29 02:04,1598641447,1598641412,35
2020/8/29 02:03,1598641387,1598641375,12
2020/8/29 02:02,1598641327,1598641304,23
2020/8/29 02:01,1598641267,1598641251,16
2020/8/29 02:00,1598641207,1598641208,-1
2020/8/29 01:59,1598641147,1598641148,-1
2020/8/29 01:58,1598641087,1598641030,57
2020/8/29 01:57,1598641027,1598641024,3
2020/8/29 01:56,1598640967,1598640938,29
2020/8/29 01:55,1598640907,1598640904,3
2020/8/29 01:54,1598640847,1598640847,0
2020/8/29 01:53,1598640787,1598640785,2
2020/8/29 01:52,1598640727,1598640727,0
2020/8/29 01:51,1598640667,1598640643,24
2020/8/29 01:50,1598640607,1598640582,25
2020/8/29 01:49,1598640547,1598640541,6
2020/8/29 01:48,1598640487,1598640488,-1
2020/8/29 01:47,1598640427,1598640410,17
2020/8/29 01:46,1598640367,1598640358,9
2020/8/29 01:45,1598640307,1598640306,1
2020/8/29 01:44,1598640247,1598640225,22
2020/8/29 01:43,1598640187,1598640184,3
2020/8/29 01:42,1598640127,1598640093,34
2020/8/29 01:41,1598640067,1598640022,45
2020/8/29 01:40,1598640007,1598639990,17
2020/8/29 01:39,1598639947,1598639919,28
2020/8/29 01:38,1598639887,1598639874,13
2020/8/29 01:37,1598639827,1598639812,15
2020/8/29 01:36,1598639767,1598639747,20
2020/8/29 01:35,1598639707,1598639665,42
2020/8/29 01:34,1598639647,1598639634,13
2020/8/29 01:33,1598639587,1598639571,16
2020/8/29 01:32,1598639527,1598639479,48
2020/8/29 01:31,1598639467,1598639441,26
2020/8/29 01:30,1598639407,1598639400,7
2020/8/29 01:29,1598639347,1598639337,10
2020/8/29 01:28,1598639287,1598639273,14
2020/8/29 01:27,1598639227,1598639227,0
2020/8/29 01:26,1598639167,1598639126,41
2020/8/29 01:25,1598639107,1598639065,42
2020/8/29 01:24,1598639047,1598639044,3
2020/8/29 01:23,1598638987,1598638984,3
2020/8/29 01:22,1598638927,1598638841,86
2020/8/29 01:21,1598638867,1598638841,26
2020/8/29 01:20,1598638807,1598638808,-1
2020/8/29 01:19,1598638747,1598638742,5
2020/8/29 01:18,1598638687,1598638641,46
2020/8/29 01:17,1598638627,1598638587,40
2020/8/29 01:16,1598638567,1598638556,11
2020/8/29 01:15,1598638507,1598638481,26
2020/8/29 01:14,1598638447,1598638437,10
2020/8/29 01:13,1598638387,1598638373,14
2020/8/29 01:12,1598638327,1598638312,15
2020/8/29 01:11,1598638267,1598638211,56
2020/8/29 01:10,1598638207,1598638088,119
2020/8/29 01:09,1598638147,1598638088,59
2020/8/29 01:08,1598638087,1598638088,-1
2020/8/29 01:07,1598638027,1598638026,1
2020/8/29 01:06,1598637967,1598637905,62
2020/8/29 01:05,1598637907,1598637905,2
2020/8/29 01:04,1598637847,1598637844,3
2020/8/29 01:03,1598637787,1598637783,4
2020/8/29 01:02,1598637727,1598637701,26
2020/8/29 01:01,1598637667,1598637660,7
2020/8/29 01:00,1598637607,1598637599,8
2020/8/29 00:59,1598637547,1598637528,19
2020/8/29 00:58,1598637487,1598637456,31
2020/8/29 00:57,1598637427,1598637405,22
2020/8/29 00:56,1598637367,1598637354,13
2020/8/29 00:55,1598637307,1598637293,14
2020/8/29 00:54,1598637247,1598637222,25
2020/8/29 00:53,1598637187,1598637141,46
2020/8/29 00:52,1598637127,1598637059,68
2020/8/29 00:51,1598637067,1598637059,8
2020/8/29 00:50,1598637007,1598637008,-1
2020/8/29 00:49,1598636947,1598636936,11
2020/8/29 00:48,1598636887,1598636888,-1
2020/8/29 00:47,1598636827,1598636804,23
2020/8/29 00:46,1598636767,1598636764,3
2020/8/29 00:45,1598636707,1598636702,5
2020/8/29 00:44,1598636647,1598636630,17
2020/8/29 00:43,1598636587,1598636569,18
2020/8/29 00:42,1598636527,1598636528,-1
2020/8/29 00:41,1598636467,1598636467,0
2020/8/29 00:40,1598636407,1598636396,11
2020/8/29 00:39,1598636347,1598636315,32
2020/8/29 00:38,1598636287,1598636284,3
2020/8/29 00:37,1598636227,1598636198,29
2020/8/29 00:36,1598636167,1598636163,4
2020/8/29 00:35,1598636107,1598636066,41
2020/8/29 00:34,1598636047,1598636047,0
2020/8/29 00:33,1598635987,1598635979,8
2020/8/29 00:32,1598635927,1598635928,-1
2020/8/29 00:31,1598635867,1598635834,33
2020/8/29 00:30,1598635807,1598635801,6
2020/8/29 00:29,1598635748,1598635739,9
2020/8/29 00:28,1598635687,1598635633,54
2020/8/29 00:27,1598635627,1598635612,15
2020/8/29 00:26,1598635567,1598635567,0
2020/8/29 00:25,1598635507,1598635469,38
2020/8/29 00:24,1598635447,1598635439,8
2020/8/29 00:23,1598635387,1598635363,24
2020/8/29 00:22,1598635327,1598635324,3
2020/8/29 00:21,1598635267,1598635192,75
2020/8/29 00:20,1598635207,1598635192,15
2020/8/29 00:19,1598635147,1598635144,3
2020/8/29 00:18,1598635087,1598635086,1
2020/8/29 00:17,1598635027,1598635014,13
2020/8/29 00:16,1598634967,1598634900,67
2020/8/29 00:15,1598634907,1598634900,7
2020/8/29 00:14,1598634847,1598634830,17
2020/8/29 00:13,1598634787,1598634753,34
2020/8/29 00:12,1598634727,1598634723,4
2020/8/29 00:11,1598634667,1598634595,72
2020/8/29 00:10,1598634607,1598634595,12
2020/8/29 00:09,1598634547,1598634514,33
2020/8/29 00:08,1598634487,1598634391,96
2020/8/29 00:07,1598634427,1598634391,36
2020/8/29 00:06,1598634367,1598634362,5
2020/8/29 00:05,1598634307,1598634228,79
2020/8/29 00:04,1598634247,1598634228,19
2020/8/29 00:03,1598634187,1598634157,30
2020/8/29 00:02,1598634127,1598634106,21
2020/8/29 00:01,1598634067,1598634066,1
2020/8/29 00:00,1598634007,1598633985,22
2020/8/28 23:59,1598633947,1598633842,105
2020/8/28 23:58,1598633887,1598633842,45
2020/8/28 23:57,1598633827,1598633803,24
2020/8/28 23:56,1598633767,1598633689,78
2020/8/28 23:55,1598633707,1598633689,18
2020/8/28 23:54,1598633647,1598633618,29
2020/8/28 23:53,1598633587,1598633477,110
2020/8/28 23:52,1598633527,1598633477,50
2020/8/28 23:51,1598633467,1598633467,0
2020/8/28 23:50,1598633407,1598633394,13
2020/8/28 23:49,1598633347,1598633327,20
2020/8/28 23:48,1598633287,1598633281,6
2020/8/28 23:47,1598633227,1598633210,17
2020/8/28 23:46,1598633167,1598633159,8
2020/8/28 23:45,1598633107,1598633105,2
2020/8/28 23:44,1598633047,1598632996,51
2020/8/28 23:43,1598632987,1598632884,103
2020/8/28 23:42,1598632927,1598632884,43
2020/8/28 23:41,1598632867,1598632844,23
2020/8/28 23:40,1598632807,1598632792,15
2020/8/28 23:39,1598632747,1598632731,16
2020/8/28 23:38,1598632687,1598632670,17
2020/8/28 23:37,1598632627,1598632609,18
2020/8/28 23:36,1598632567,1598632536,31
2020/8/28 23:35,1598632507,1598632497,10
2020/8/28 23:34,1598632447,1598632446,1
2020/8/28 23:33,1598632387,1598632385,2
2020/8/28 23:32,1598632327,1598632304,23
2020/8/28 23:31,1598632267,1598632253,14
2020/8/28 23:30,1598632207,1598632206,1
2020/8/28 23:29,1598632147,1598632131,16
2020/8/28 23:28,1598632087,1598632081,6
2020/8/28 23:27,1598632027,1598631947,80
2020/8/28 23:26,1598631967,1598631947,20
2020/8/28 23:25,1598631907,1598631897,10
2020/8/28 23:24,1598631847,1598631835,12
2020/8/28 23:23,1598631787,1598631693,94
2020/8/28 23:22,1598631727,1598631693,34
2020/8/28 23:21,1598631667,1598631632,35
2020/8/28 23:20,1598631607,1598631603,4
2020/8/28 23:19,1598631547,1598631538,9
2020/8/28 23:18,1598631487,1598631368,119
2020/8/28 23:17,1598631427,1598631368,59
2020/8/28 23:16,1598631367,1598631307,60
2020/8/28 23:15,1598631307,1598631307,0
2020/8/28 23:14,1598631247,1598631093,154
2020/8/28 23:13,1598631187,1598631093,94
2020/8/28 23:12,1598631127,1598631093,34
2020/8/28 23:11,1598631067,1598630869,198
2020/8/28 23:10,1598631007,1598630869,138
2020/8/28 23:09,1598630947,1598630869,78
2020/8/28 23:08,1598630887,1598630869,18
2020/8/28 23:07,1598630827,1598630784,43
2020/8/28 23:06,1598630767,1598630697,70
2020/8/28 23:05,1598630707,1598630697,10
2020/8/28 23:04,1598630647,1598630606,41
2020/8/28 23:03,1598630587,1598630585,2
2020/8/28 23:02,1598630527,1598630494,33
2020/8/28 23:01,1598630467,1598630455,12
2020/8/28 23:00,1598630407,1598630386,21
2020/8/28 22:59,1598630347,1598630311,36
2020/8/28 22:58,1598630287,1598630270,17
2020/8/28 22:57,1598630227,1598630185,42
2020/8/28 22:56,1598630167,1598630147,20
2020/8/28 22:55,1598630107,1598630085,22
2020/8/28 22:54,1598630047,1598630046,1
2020/8/28 22:53,1598629987,1598629983,4
2020/8/28 22:52,1598629927,1598629914,13
2020/8/28 22:51,1598629867,1598629853,14
2020/8/28 22:50,1598629807,1598629772,35
2020/8/28 22:49,1598629747,1598629710,37
2020/8/28 22:48,1598629687,1598629660,27
2020/8/28 22:47,1598629627,1598629599,28
2020/8/28 22:46,1598629567,1598629507,60
2020/8/28 22:45,1598629507,1598629507,0
2020/8/28 22:44,1598629447,1598629429,18
2020/8/28 22:43,1598629387,1598629378,9
2020/8/28 22:42,1598629327,1598629323,4
2020/8/28 22:41,1598629267,1598629263,4
2020/8/28 22:40,1598629207,1598629130,77
2020/8/28 22:39,1598629147,1598629130,17
2020/8/28 22:38,1598629087,1598629049,38
2020/8/28 22:37,1598629027,1598629021,6
2020/8/28 22:36,1598628967,1598628967,0
2020/8/28 22:35,1598628907,1598628794,113
2020/8/28 22:34,1598628847,1598628794,53
2020/8/28 22:33,1598628787,1598628754,33
2020/8/28 22:32,1598628727,1598628713,14
2020/8/28 22:31,1598628667,1598628652,15
2020/8/28 22:30,1598628607,1598628550,57
2020/8/28 22:29,1598628547,1598628523,24
2020/8/28 22:28,1598628487,1598628479,8
2020/8/28 22:27,1598628427,1598628422,5
2020/8/28 22:26,1598628367,1598628327,40
2020/8/28 22:25,1598628307,1598628296,11
2020/8/28 22:24,1598628247,1598628225,22
2020/8/28 22:23,1598628187,1598628184,3
2020/8/28 22:22,1598628127,1598628092,35
2020/8/28 22:21,1598628067,1598628010,57
2020/8/28 22:20,1598628007,1598628007,0
2020/8/28 22:19,1598627947,1598627777,170
2020/8/28 22:18,1598627887,1598627777,110
2020/8/28 22:17,1598627827,1598627777,50
2020/8/28 22:16,1598627767,1598627767,0
2020/8/28 22:15,1598627707,1598627675,32
2020/8/28 22:14,1598627647,1598627614,33
2020/8/28 22:13,1598627587,1598627584,3
2020/8/28 22:12,1598627527,1598627525,2
2020/8/28 22:11,1598627467,1598627466,1
2020/8/28 22:10,1598627407,1598627390,17
2020/8/28 22:09,1598627347,1598627319,28
2020/8/28 22:08,1598627287,1598627248,39
2020/8/28 22:07,1598627227,1598627228,-1
2020/8/28 22:06,1598627167,1598627111,56
2020/8/28 22:05,1598627107,1598627094,13
2020/8/28 22:04,1598627047,1598627039,8
2020/8/28 22:03,1598626987,1598626974,13
2020/8/28 22:02,1598626927,1598626903,24
2020/8/28 22:01,1598626867,1598626801,66
2020/8/28 22:00,1598626807,1598626801,6
2020/8/28 21:59,1598626747,1598626709,38
2020/8/28 21:58,1598626687,1598626617,70
2020/8/28 21:57,1598626627,1598626617,10
2020/8/28 21:56,1598626567,1598626556,11
2020/8/28 21:55,1598626507,1598626485,22
2020/8/28 21:54,1598626447,1598626414,33
2020/8/28 21:53,1598626387,1598626387,0
2020/8/28 21:52,1598626327,1598626276,51
2020/8/28 21:51,1598626267,1598626267,0
2020/8/28 21:50,1598626207,1598626200,7
2020/8/28 21:49,1598626147,1598626088,59
2020/8/28 21:48,1598626087,1598625977,110
2020/8/28 21:47,1598626027,1598625977,50
2020/8/28 21:46,1598625967,1598625905,62
2020/8/28 21:45,1598625907,1598625905,2
2020/8/28 21:44,1598625847,1598625830,17
2020/8/28 21:43,1598625787,1598625783,4
2020/8/28 21:42,1598625727,1598625691,36
2020/8/28 21:41,1598625667,1598625641,26
2020/8/28 21:40,1598625607,1598625600,7
2020/8/28 21:39,1598625547,1598625528,19
2020/8/28 21:38,1598625487,1598625488,-1
2020/8/28 21:37,1598625427,1598625406,21
2020/8/28 21:36,1598625367,1598625367,0
2020/8/28 21:35,1598625307,1598625304,3
2020/8/28 21:34,1598625247,1598625244,3
2020/8/28 21:33,1598625187,1598625172,15
2020/8/28 21:32,1598625127,1598625126,1
2020/8/28 21:31,1598625067,1598625066,1
2020/8/28 21:30,1598625007,1598624979,28
2020/8/28 21:29,1598624947,1598624918,29
2020/8/28 21:28,1598624887,1598624887,0
2020/8/28 21:27,1598624827,1598624826,1
2020/8/28 21:26,1598624767,1598624755,12
2020/8/28 21:25,1598624707,1598624656,51
2020/8/28 21:24,1598624647,1598624643,4
2020/8/28 21:23,1598624587,1598624572,15
2020/8/28 21:22,1598624527,1598624491,36
2020/8/28 21:21,1598624467,1598624460,7
2020/8/28 21:20,1598624407,1598624401,6
2020/8/28 21:19,1598624347,1598624338,9
2020/8/28 21:18,1598624287,1598624284,3
2020/8/28 21:17,1598624227,1598624205,22
2020/8/28 21:16,1598624168,1598624147,21
2020/8/28 21:15,1598624107,1598624092,15
2020/8/28 21:14,1598624047,1598624031,16
2020/8/28 21:13,1598623987,1598623978,9
2020/8/28 21:12,1598623927,1598623927,0
2020/8/28 21:11,1598623867,1598623861,6
2020/8/28 21:10,1598623807,1598623806,1
2020/8/28 21:09,1598623747,1598623745,2
2020/8/28 21:08,1598623687,1598623684,3
2020/8/28 21:07,1598623627,1598623613,14
2020/8/28 21:06,1598623567,1598623553,14
2020/8/28 21:05,1598623507,1598623471,36
2020/8/28 21:04,1598623447,1598623399,48
2020/8/28 21:03,1598623387,1598623384,3
2020/8/28 21:02,1598623327,1598623324,3
2020/8/28 21:01,1598623267,1598623247,20
2020/8/28 21:00,1598623207,1598623186,21
2020/8/28 20:59,1598623147,1598623094,53
2020/8/28 20:58,1598623087,1598623044,43
2020/8/28 20:57,1598623027,1598623003,24
2020/8/28 20:56,1598622967,1598622963,4
2020/8/28 20:55,1598622907,1598622907,0
2020/8/28 20:54,1598622847,1598622831,16
2020/8/28 20:53,1598622787,1598622779,8
2020/8/28 20:52,1598622727,1598622688,39
2020/8/28 20:51,1598622667,1598622657,10
2020/8/28 20:50,1598622607,1598622586,21
2020/8/28 20:49,1598622547,1598622531,16
2020/8/28 20:48,1598622487,1598622488,-1
2020/8/28 20:47,1598622427,1598622413,14
2020/8/28 20:46,1598622367,1598622367,0
2020/8/28 20:45,1598622307,1598622276,31
2020/8/28 20:44,1598622247,1598622230,17
2020/8/28 20:43,1598622187,1598622186,1
2020/8/28 20:42,1598622127,1598622067,60
2020/8/28 20:41,1598622067,1598622067,0
2020/8/28 20:40,1598622007,1598621975,32
2020/8/28 20:39,1598621947,1598621903,44
2020/8/28 20:38,1598621887,1598621880,7
2020/8/28 20:37,1598621827,1598621823,4
2020/8/28 20:36,1598621767,1598621747,20
2020/8/28 20:35,1598621707,1598621701,6
2020/8/28 20:34,1598621647,1598621569,78
2020/8/28 20:33,1598621587,1598621569,18
2020/8/28 20:32,1598621527,1598621404,123
2020/8/28 20:31,1598621467,1598621404,63
2020/8/28 20:30,1598621407,1598621404,3
2020/8/28 20:29,1598621347,1598621337,10
2020/8/28 20:28,1598621287,1598621279,8
2020/8/28 20:27,1598621227,1598621173,54
2020/8/28 20:26,1598621167,1598621153,14
2020/8/28 20:25,1598621107,1598621051,56
2020/8/28 20:24,1598621047,1598621020,27
2020/8/28 20:23,1598620987,1598620980,7
2020/8/28 20:22,1598620927,1598620858,69
2020/8/28 20:21,1598620867,1598620858,9
2020/8/28 20:20,1598620807,1598620797,10
2020/8/28 20:19,1598620747,1598620731,16
2020/8/28 20:18,1598620687,1598620665,22
2020/8/28 20:17,1598620627,1598620594,33
2020/8/28 20:16,1598620567,1598620512,55
2020/8/28 20:15,1598620507,1598620451,56
2020/8/28 20:14,1598620447,1598620400,47
2020/8/28 20:13,1598620387,1598620380,7
2020/8/28 20:12,1598620327,1598620308,19
2020/8/28 20:11,1598620267,1598620237,30
2020/8/28 20:10,1598620207,1598620207,0
2020/8/28 20:09,1598620147,1598620136,11
2020/8/28 20:08,1598620087,1598620055,32
2020/8/28 20:07,1598620027,1598620024,3
2020/8/28 20:06,1598619967,1598619959,8
2020/8/28 20:05,1598619907,1598619903,4
2020/8/28 20:04,1598619847,1598619842,5
2020/8/28 20:03,1598619787,1598619760,27
2020/8/28 20:02,1598619727,1598619668,59
2020/8/28 20:01,1598619667,1598619668,-1
2020/8/28 20:00,1598619607,1598619606,1
2020/8/28 19:59,1598619547,1598619546,1
2020/8/28 19:58,1598619487,1598619485,2
2020/8/28 19:57,1598619427,1598619424,3
2020/8/28 19:56,1598619367,1598619352,15
2020/8/28 19:55,1598619307,1598619261,46
2020/8/28 19:54,1598619247,1598619233,14
2020/8/28 19:53,1598619187,1598619090,97
2020/8/28 19:52,1598619127,1598619090,37
2020/8/28 19:51,1598619067,1598619038,29
2020/8/28 19:50,1598619007,1598618986,21
2020/8/28 19:49,1598618947,1598618874,73
2020/8/28 19:48,1598618887,1598618874,13
2020/8/28 19:47,1598618827,1598618814,13
2020/8/28 19:46,1598618767,1598618763,4
2020/8/28 19:45,1598618707,1598618701,6
2020/8/28 19:44,1598618647,1598618620,27
2020/8/28 19:43,1598618587,1598618579,8
2020/8/28 19:42,1598618527,1598618461,66
2020/8/28 19:41,1598618467,1598618461,6
2020/8/28 19:40,1598618407,1598618385,22
2020/8/28 19:39,1598618347,1598618295,52
2020/8/28 19:38,1598618287,1598618281,6
2020/8/28 19:37,1598618227,1598618161,66
2020/8/28 19:36,1598618167,1598618161,6
2020/8/28 19:35,1598618107,1598618060,47
2020/8/28 19:34,1598618047,1598618016,31
2020/8/28 19:33,1598617987,1598617959,28
2020/8/28 19:32,1598617927,1598617889,38
2020/8/28 19:31,1598617867,1598617867,0
2020/8/28 19:30,1598617807,1598617786,21
2020/8/28 19:29,1598617747,1598617745,2
2020/8/28 19:28,1598617687,1598617683,4
2020/8/28 19:27,1598617627,1598617603,24
2020/8/28 19:26,1598617567,1598617552,15
2020/8/28 19:25,1598617507,1598617470,37
2020/8/28 19:24,1598617447,1598617430,17
2020/8/28 19:23,1598617387,1598617379,8
2020/8/28 19:22,1598617327,1598617319,8
2020/8/28 19:21,1598617267,1598617227,40
2020/8/28 19:20,1598617207,1598617192,15
2020/8/28 19:19,1598617147,1598617135,12
2020/8/28 19:18,1598617087,1598616982,105
2020/8/28 19:17,1598617027,1598616982,45
2020/8/28 19:16,1598616967,1598616896,71
2020/8/28 19:15,1598616907,1598616896,11
2020/8/28 19:14,1598616847,1598616757,90
2020/8/28 19:13,1598616787,1598616757,30
2020/8/28 19:12,1598616727,1598616721,6
2020/8/28 19:11,1598616667,1598615548,1119
2020/8/28 19:10,1598616607,1598615548,1059
2020/8/28 19:09,1598616547,1598615548,999
2020/8/28 19:08,1598616487,1598615548,939
2020/8/28 19:07,1598616427,1598615548,879
2020/8/28 19:06,1598616367,1598615548,819
2020/8/28 19:05,1598616307,1598615548,759
2020/8/28 19:04,1598616247,1598615548,699
2020/8/28 19:03,1598616187,1598615548,639
2020/8/28 19:02,1598616127,1598615548,579
2020/8/28 19:01,1598616067,1598615548,519
2020/8/28 19:00,1598616007,1598615548,459
2020/8/28 18:59,1598615947,1598615548,399
2020/8/28 18:58,1598615887,1598615548,339
2020/8/28 18:57,1598615827,1598615548,279
2020/8/28 18:56,1598615767,1598615548,219
2020/8/28 18:55,1598615707,1598615548,159
2020/8/28 18:54,1598615647,1598615548,99
2020/8/28 18:53,1598615587,1598615548,39
2020/8/28 18:52,1598615527,1598615467,60
2020/8/28 18:51,1598615467,1598615467,0
2020/8/28 18:50,1598615407,1598615388,19
2020/8/28 18:49,1598615347,1598615294,53
2020/8/28 18:48,1598615287,1598615009,278
2020/8/28 18:47,1598615227,1598615009,218
2020/8/28 18:46,1598615167,1598615009,158
2020/8/28 18:45,1598615107,1598615009,98
2020/8/28 18:44,1598615047,1598615009,38
2020/8/28 18:43,1598614987,1598614929,58
2020/8/28 18:42,1598614927,1598614877,50
2020/8/28 18:41,1598614867,1598614754,113
2020/8/28 18:40,1598614807,1598614754,53
2020/8/28 18:39,1598614747,1598614737,10
2020/8/28 18:38,1598614687,1598614631,56
2020/8/28 18:37,1598614627,1598614530,97
2020/8/28 18:36,1598614567,1598614530,37
2020/8/28 18:35,1598614507,1598614488,19
2020/8/28 18:34,1598614447,1598614442,5
2020/8/28 18:33,1598614387,1598614377,10
2020/8/28 18:32,1598614327,1598614307,20
2020/8/28 18:31,1598614267,1598614194,73
2020/8/28 18:30,1598614207,1598614194,13
2020/8/28 18:29,1598614147,1598614145,2
2020/8/28 18:28,1598614087,1598614078,9
2020/8/28 18:27,1598614027,1598614022,5
2020/8/28 18:26,1598613967,1598613945,22
2020/8/28 18:25,1598613907,1598613864,43
2020/8/28 18:24,1598613847,1598613839,8
2020/8/28 18:23,1598613787,1598613770,17
2020/8/28 18:22,1598613727,1598613707,20
2020/8/28 18:21,1598613667,1598613635,32
2020/8/28 18:20,1598613607,1598613579,28
2020/8/28 18:19,1598613547,1598613513,34
2020/8/28 18:18,1598613487,1598613473,14
2020/8/28 18:17,1598613427,1598613412,15
2020/8/28 18:16,1598613367,1598613289,78
2020/8/28 18:15,1598613307,1598613289,18
2020/8/28 18:14,1598613247,1598613191,56
2020/8/28 18:13,1598613187,1598613173,14
2020/8/28 18:12,1598613127,1598613056,71
2020/8/28 18:11,1598613067,1598613056,11
2020/8/28 18:10,1598613007,1598612974,33
2020/8/28 18:09,1598612947,1598612934,13
2020/8/28 18:08,1598612887,1598612863,24
2020/8/28 18:07,1598612827,1598612825,2
2020/8/28 18:06,1598612767,1598612765,2
2020/8/28 18:05,1598612707,1598612707,0
2020/8/28 18:04,1598612647,1598612647,0
2020/8/28 18:03,1598612587,1598612586,1
2020/8/28 18:02,1598612527,1598612525,2
2020/8/28 18:01,1598612467,1598612454,13
2020/8/28 18:00,1598612407,1598612383,24
2020/8/28 17:59,1598612347,1598612282,65
2020/8/28 17:58,1598612287,1598612282,5
2020/8/28 17:57,1598612227,1598612220,7
2020/8/28 17:56,1598612167,1598612163,4
2020/8/28 17:55,1598612107,1598612098,9
2020/8/28 17:54,1598612047,1598612046,1
2020/8/28 17:53,1598611987,1598611986,1
2020/8/28 17:52,1598611927,1598611915,12
2020/8/28 17:51,1598611867,1598611865,2
2020/8/28 17:50,1598611807,1598611749,58
2020/8/28 17:49,1598611747,1598611748,-1
2020/8/28 17:48,1598611688,1598611600,88
2020/8/28 17:47,1598611627,1598611600,27
2020/8/28 17:46,1598611567,1598611552,15
2020/8/28 17:45,1598611507,1598611495,12
2020/8/28 17:44,1598611447,1598611447,0
2020/8/28 17:43,1598611387,1598611367,20
2020/8/28 17:42,1598611327,1598611328,-1
2020/8/28 17:41,1598611267,1598611253,14
2020/8/28 17:40,1598611207,1598611193,14
2020/8/28 17:39,1598611147,1598611148,-1
2020/8/28 17:38,1598611087,1598611031,56
2020/8/28 17:37,1598611027,1598611011,16
2020/8/28 17:36,1598610967,1598610949,18
2020/8/28 17:35,1598610907,1598610906,1
2020/8/28 17:34,1598610847,1598610821,26
2020/8/28 17:33,1598610787,1598610776,11
2020/8/28 17:32,1598610727,1598610728,-1
2020/8/28 17:31,1598610667,1598610583,84
2020/8/28 17:30,1598610607,1598610583,24
2020/8/28 17:29,1598610547,1598610532,15
2020/8/28 17:28,1598610487,1598610461,26
2020/8/28 17:27,1598610427,1598610400,27
2020/8/28 17:26,1598610367,1598610289,78
2020/8/28 17:25,1598610307,1598610289,18
2020/8/28 17:24,1598610247,1598610218,29
2020/8/28 17:23,1598610187,1598610167,20
2020/8/28 17:22,1598610127,1598610096,31
2020/8/28 17:21,1598610067,1598610055,12
2020/8/28 17:20,1598610007,1598609995,12
2020/8/28 17:19,1598609947,1598609946,1
2020/8/28 17:18,1598609887,1598609832,55
2020/8/28 17:17,1598609827,1598609824,3
2020/8/28 17:16,1598609767,1598609761,6
2020/8/28 17:15,1598609707,1598609669,38
2020/8/28 17:14,1598609647,1598609647,0
2020/8/28 17:13,1598609587,1598609582,5
2020/8/28 17:12,1598609527,1598609527,0
2020/8/28 17:11,1598609467,1598609468,-1
2020/8/28 17:10,1598609407,1598609397,10
2020/8/28 17:09,1598609347,1598609343,4
2020/8/28 17:08,1598609287,1598609279,8
2020/8/28 17:07,1598609227,1598609202,25
2020/8/28 17:06,1598609167,1598609144,23
2020/8/28 17:05,1598609107,1598609086,21
2020/8/28 17:04,1598609047,1598608977,70
2020/8/28 17:03,1598608987,1598608977,10
2020/8/28 17:02,1598608927,1598608919,8
2020/8/28 17:01,1598608867,1598608862,5
2020/8/28 17:00,1598608807,1598608784,23
2020/8/28 16:59,1598608747,1598608662,85
2020/8/28 16:58,1598608687,1598608662,25
2020/8/28 16:57,1598608627,1598608611,16
2020/8/28 16:56,1598608567,1598608534,33
2020/8/28 16:55,1598608507,1598608508,-1
2020/8/28 16:54,1598608447,1598608429,18
2020/8/28 16:53,1598608387,1598608378,9
2020/8/28 16:52,1598608327,1598608327,0
2020/8/28 16:51,1598608267,1598608266,1
2020/8/28 16:50,1598608207,1598608204,3
2020/8/28 16:49,1598608147,1598608103,44
2020/8/28 16:48,1598608087,1598608063,24
2020/8/28 16:47,1598608027,1598607992,35
2020/8/28 16:46,1598607967,1598607941,26
2020/8/28 16:45,1598607907,1598607878,29
2020/8/28 16:44,1598607847,1598607846,1
2020/8/28 16:43,1598607787,1598607758,29
2020/8/28 16:42,1598607727,1598607712,15
2020/8/28 16:41,1598607667,1598607637,30
2020/8/28 16:40,1598607607,1598607563,44
2020/8/28 16:39,1598607547,1598607527,20
2020/8/28 16:38,1598607487,1598607475,12
2020/8/28 16:37,1598607427,1598607421,6
2020/8/28 16:36,1598607367,1598607360,7
2020/8/28 16:35,1598607307,1598607298,9
2020/8/28 16:34,1598607247,1598607248,-1
2020/8/28 16:33,1598607187,1598607186,1
2020/8/28 16:32,1598607127,1598607115,12
2020/8/28 16:31,1598607067,1598607045,22
2020/8/28 16:30,1598607007,1598606994,13
2020/8/28 16:29,1598606947,1598606892,55
2020/8/28 16:28,1598606887,1598606874,13
2020/8/28 16:27,1598606827,1598606825,2
2020/8/28 16:26,1598606767,1598606738,29
2020/8/28 16:25,1598606707,1598606698,9
2020/8/28 16:24,1598606647,1598606647,0
2020/8/28 16:23,1598606587,1598606577,10
2020/8/28 16:22,1598606527,1598606515,12
2020/8/28 16:21,1598606467,1598606454,13
2020/8/28 16:20,1598606407,1598606393,14
2020/8/28 16:19,1598606347,1598606179,168
2020/8/28 16:18,1598606287,1598606179,108
2020/8/28 16:17,1598606227,1598606179,48
2020/8/28 16:16,1598606167,1598606160,7
2020/8/28 16:15,1598606107,1598606106,1
2020/8/28 16:14,1598606047,1598606047,0
2020/8/28 16:13,1598605987,1598605971,16
2020/8/28 16:12,1598605927,1598605880,47
2020/8/28 16:11,1598605867,1598605858,9
2020/8/28 16:10,1598605807,1598605738,69
2020/8/28 16:09,1598605747,1598605738,9
2020/8/28 16:08,1598605687,1598605641,46
2020/8/28 16:07,1598605628,1598605621,7
2020/8/28 16:06,1598605567,1598605550,17
2020/8/28 16:05,1598605507,1598605484,23
2020/8/28 16:04,1598605447,1598605428,19
2020/8/28 16:03,1598605387,1598605387,0
2020/8/28 16:02,1598605327,1598605275,52
2020/8/28 16:01,1598605267,1598605267,0
2020/8/28 16:00,1598605207,1598605200,7
2020/8/28 15:59,1598605147,1598605142,5
2020/8/28 15:58,1598605087,1598605069,18
2020/8/28 15:57,1598605027,1598605003,24
2020/8/28 15:56,1598604967,1598604929,38
2020/8/28 15:55,1598604907,1598604901,6
2020/8/28 15:54,1598604847,1598604847,0
2020/8/28 15:53,1598604787,1598604756,31
2020/8/28 15:52,1598604727,1598604725,2
2020/8/28 15:51,1598604667,1598604644,23
2020/8/28 15:50,1598604607,1598604583,24
2020/8/28 15:49,1598604547,1598604501,46
2020/8/28 15:48,1598604487,1598604360,127
2020/8/28 15:47,1598604427,1598604360,67
2020/8/28 15:46,1598604367,1598604360,7
2020/8/28 15:45,1598604307,1598604267,40
2020/8/28 15:44,1598604247,1598604196,51
2020/8/28 15:43,1598604187,1598604187,0
2020/8/28 15:42,1598604127,1598604076,51
2020/8/28 15:41,1598604067,1598604060,7
2020/8/28 15:40,1598604007,1598603981,26
2020/8/28 15:39,1598603948,1598603947,1
2020/8/28 15:38,1598603887,1598603873,14
2020/8/28 15:37,1598603827,1598603828,-1
2020/8/28 15:36,1598603767,1598603747,20
2020/8/28 15:35,1598603707,1598603697,10
2020/8/28 15:34,1598603647,1598603623,24
2020/8/28 15:33,1598603587,1598603584,3
2020/8/28 15:32,1598603527,1598603483,44
2020/8/28 15:31,1598603467,1598603443,24
2020/8/28 15:30,1598603407,1598603361,46
2020/8/28 15:29,1598603347,1598603348,-1
2020/8/28 15:28,1598603287,1598603280,7
2020/8/28 15:27,1598603227,1598603223,4
2020/8/28 15:26,1598603167,1598603137,30
2020/8/28 15:25,1598603107,1598603106,1
2020/8/28 15:24,1598603047,1598603035,12
2020/8/28 15:23,1598602987,1598602863,124
2020/8/28 15:22,1598602927,1598602863,64
2020/8/28 15:21,1598602867,1598602863,4
2020/8/28 15:20,1598602807,1598602766,41
2020/8/28 15:19,1598602747,1598602741,6
2020/8/28 15:18,1598602687,1598602687,0
2020/8/28 15:17,1598602627,1598602625,2
2020/8/28 15:16,1598602567,1598602549,18
2020/8/28 15:15,1598602507,1598602504,3
2020/8/28 15:14,1598602447,1598602416,31
2020/8/28 15:13,1598602387,1598602387,0
2020/8/28 15:12,1598602327,1598602308,19
2020/8/28 15:11,1598602267,1598602219,48
2020/8/28 15:10,1598602207,1598602182,25
2020/8/28 15:09,1598602147,1598602140,7
2020/8/28 15:08,1598602087,1598602068,19
2020/8/28 15:07,1598602027,1598602010,17
2020/8/28 15:06,1598601967,1598601939,28
2020/8/28 15:05,1598601907,1598601898,9
2020/8/28 15:04,1598601847,1598601843,4
2020/8/28 15:03,1598601787,1598601766,21
2020/8/28 15:02,1598601727,1598601726,1
2020/8/28 15:01,1598601667,1598601615,52
2020/8/28 15:00,1598601607,1598601583,24
2020/8/28 14:59,1598601547,1598601532,15
2020/8/28 14:58,1598601487,1598601483,4
2020/8/28 14:57,1598601427,1598601399,28
2020/8/28 14:56,1598601367,1598601359,8
2020/8/28 14:55,1598601307,1598601277,30
2020/8/28 14:54,1598601247,1598601239,8
2020/8/28 14:53,1598601187,1598601165,22
2020/8/28 14:52,1598601127,1598601107,20
2020/8/28 14:51,1598601067,1598601062,5
2020/8/28 14:50,1598601007,1598600992,15
2020/8/28 14:49,1598600947,1598600890,57
2020/8/28 14:48,1598600887,1598600850,37
2020/8/28 14:47,1598600827,1598600828,-1
2020/8/28 14:46,1598600767,1598600763,4
2020/8/28 14:45,1598600707,1598600636,71
2020/8/28 14:44,1598600647,1598600636,11
2020/8/28 14:43,1598600588,1598600528,60
2020/8/28 14:42,1598600527,1598600527,0
2020/8/28 14:41,1598600467,1598600432,35
2020/8/28 14:40,1598600407,1598600379,28
2020/8/28 14:39,1598600347,1598600269,78
2020/8/28 14:38,1598600287,1598600269,18
2020/8/28 14:37,1598600227,1598600199,28
2020/8/28 14:36,1598600167,1598599943,224
2020/8/28 14:35,1598600107,1598599943,164
2020/8/28 14:34,1598600047,1598599943,104
2020/8/28 14:33,1598599987,1598599943,44
2020/8/28 14:32,1598599927,1598599883,44
2020/8/28 14:31,1598599867,1598599842,25
2020/8/28 14:30,1598599807,1598599689,118
2020/8/28 14:29,1598599747,1598599689,58
2020/8/28 14:28,1598599687,1598599577,110
2020/8/28 14:27,1598599627,1598599577,50
2020/8/28 14:26,1598599567,1598599481,86
2020/8/28 14:25,1598599507,1598599481,26
2020/8/28 14:24,1598599447,1598599425,22
2020/8/28 14:23,1598599387,1598599354,33
2020/8/28 14:22,1598599327,1598599202,125
2020/8/28 14:21,1598599267,1598599202,65
2020/8/28 14:20,1598599207,1598599202,5
2020/8/28 14:19,1598599147,1598599099,48
2020/8/28 14:18,1598599087,1598599038,49
2020/8/28 14:17,1598599027,1598599006,21
2020/8/28 14:16,1598598967,1598598903,64
2020/8/28 14:15,1598598907,1598598903,4
2020/8/28 14:14,1598598847,1598598845,2
2020/8/28 14:13,1598598788,1598598774,14
2020/8/28 14:12,1598598727,1598598664,63
2020/8/28 14:11,1598598667,1598598664,3
2020/8/28 14:10,1598598607,1598598539,68
2020/8/28 14:09,1598598547,1598598539,8
2020/8/28 14:08,1598598487,1598598418,69
2020/8/28 14:07,1598598427,1598598418,9
2020/8/28 14:06,1598598367,1598598326,41
2020/8/28 14:05,1598598307,1598598305,2
2020/8/28 14:04,1598598247,1598598162,85
2020/8/28 14:03,1598598187,1598598162,25
2020/8/28 14:02,1598598127,1598598010,117
2020/8/28 14:01,1598598067,1598598010,57
2020/8/28 14:00,1598598007,1598597969,38
2020/8/28 13:59,1598597947,1598597878,69
2020/8/28 13:58,1598597887,1598597878,9
2020/8/28 13:57,1598597827,1598597776,51
2020/8/28 13:56,1598597767,1598597756,11
2020/8/28 13:55,1598597707,1598597686,21
2020/8/28 13:54,1598597647,1598597573,74
2020/8/28 13:53,1598597587,1598597573,14
2020/8/28 13:52,1598597527,1598597522,5
2020/8/28 13:51,1598597467,1598597451,16
2020/8/28 13:50,1598597407,1598597406,1
2020/8/28 13:49,1598597347,1598597299,48
2020/8/28 13:48,1598597287,1598597227,60
2020/8/28 13:47,1598597227,1598597227,0
2020/8/28 13:46,1598597167,1598597105,62
2020/8/28 13:45,1598597107,1598597105,2
2020/8/28 13:44,1598597047,1598596969,78
2020/8/28 13:43,1598596987,1598596969,18
2020/8/28 13:42,1598596927,1598596902,25
2020/8/28 13:41,1598596867,1598596841,26
2020/8/28 13:40,1598596807,1598596769,38
2020/8/28 13:39,1598596747,1598596729,18
2020/8/28 13:38,1598596687,1598596679,8
2020/8/28 13:37,1598596627,1598596610,17
2020/8/28 13:36,1598596567,1598596554,13
2020/8/28 13:35,1598596507,1598596505,2
2020/8/28 13:34,1598596447,1598596424,23
2020/8/28 13:33,1598596387,1598596322,65
2020/8/28 13:32,1598596327,1598596322,5
2020/8/28 13:31,1598596267,1598596190,77
2020/8/28 13:30,1598596207,1598596190,17
2020/8/28 13:29,1598596147,1598596078,69
2020/8/28 13:28,1598596087,1598596078,9
2020/8/28 13:27,1598596027,1598596027,0
2020/8/28 13:26,1598595967,1598595957,10
2020/8/28 13:25,1598595907,1598595907,0
2020/8/28 13:24,1598595847,1598595836,11
2020/8/28 13:23,1598595787,1598595744,43
2020/8/28 13:22,1598595727,1598595692,35
2020/8/28 13:21,1598595667,1598595646,21
2020/8/28 13:20,1598595607,1598595570,37
2020/8/28 13:19,1598595547,1598595545,2
2020/8/28 13:18,1598595487,1598595468,19
2020/8/28 13:17,1598595427,1598595417,10
2020/8/28 13:16,1598595367,1598595315,52
2020/8/28 13:15,1598595307,1598595295,12
2020/8/28 13:14,1598595247,1598595244,3
2020/8/28 13:13,1598595187,1598595173,14
2020/8/28 13:12,1598595127,1598595112,15
2020/8/28 13:11,1598595067,1598594970,97
2020/8/28 13:10,1598595008,1598594970,38
2020/8/28 13:09,1598594947,1598594930,17
2020/8/28 13:08,1598594887,1598594887,0
2020/8/28 13:07,1598594827,1598594736,91
2020/8/28 13:06,1598594767,1598594736,31
2020/8/28 13:05,1598594707,1598594695,12
2020/8/28 13:04,1598594647,1598594595,52
2020/8/28 13:03,1598594587,1598594580,7
2020/8/28 13:02,1598594527,1598594513,14
2020/8/28 13:01,1598594467,1598594462,5
2020/8/28 13:00,1598594407,1598594391,16
2020/8/28 12:59,1598594347,1598594342,5
2020/8/28 12:58,1598594287,1598594207,80
2020/8/28 12:57,1598594227,1598594207,20
2020/8/28 12:56,1598594167,1598594168,-1
2020/8/28 12:55,1598594107,1598594035,72
2020/8/28 12:54,1598594047,1598594035,12
2020/8/28 12:53,1598593987,1598593984,3
2020/8/28 12:52,1598593927,1598593921,6
2020/8/28 12:51,1598593867,1598593867,0
2020/8/28 12:50,1598593807,1598593802,5
2020/8/28 12:49,1598593747,1598593699,48
2020/8/28 12:48,1598593687,1598593663,24
2020/8/28 12:47,1598593627,1598593614,13
2020/8/28 12:46,1598593567,1598593476,91
2020/8/28 12:45,1598593507,1598593476,31
2020/8/28 12:44,1598593447,1598593404,43
2020/8/28 12:43,1598593387,1598593387,0
2020/8/28 12:42,1598593327,1598593316,11
2020/8/28 12:41,1598593267,1598593215,52
2020/8/28 12:40,1598593207,1598593207,0
2020/8/28 12:39,1598593147,1598593109,38
2020/8/28 12:38,1598593087,1598592998,89
2020/8/28 12:37,1598593027,1598592998,29
2020/8/28 12:36,1598592967,1598592947,20
2020/8/28 12:35,1598592907,1598592907,0
2020/8/28 12:34,1598592847,1598592825,22
2020/8/28 12:33,1598592787,1598592748,39
2020/8/28 12:32,1598592727,1598592721,6
2020/8/28 12:31,1598592667,1598592663,4
2020/8/28 12:30,1598592607,1598592520,87
2020/8/28 12:29,1598592547,1598592520,27
2020/8/28 12:28,1598592487,1598592459,28
2020/8/28 12:27,1598592427,1598592388,39
2020/8/28 12:26,1598592367,1598592327,40
2020/8/28 12:25,1598592307,1598592225,82
2020/8/28 12:24,1598592247,1598592225,22
2020/8/28 12:23,1598592187,1598592123,64
2020/8/28 12:22,1598592127,1598592123,4
2020/8/28 12:21,1598592067,1598592062,5
2020/8/28 12:20,1598592007,1598591995,12
2020/8/28 12:19,1598591947,1598591940,7
2020/8/28 12:18,1598591887,1598591869,18
2020/8/28 12:17,1598591827,1598591749,78
2020/8/28 12:16,1598591767,1598591749,18
2020/8/28 12:15,1598591707,1598591677,30
2020/8/28 12:14,1598591647,1598591575,72
2020/8/28 12:13,1598591587,1598591575,12
2020/8/28 12:12,1598591527,1598591504,23
2020/8/28 12:11,1598591467,1598591419,48
2020/8/28 12:10,1598591407,1598591403,4
2020/8/28 12:09,1598591347,1598591331,16
2020/8/28 12:08,1598591287,1598591250,37
2020/8/28 12:07,1598591227,1598591168,59
2020/8/28 12:06,1598591167,1598591168,-1
2020/8/28 12:05,1598591107,1598591087,20
2020/8/28 12:04,1598591047,1598590985,62
2020/8/28 12:03,1598590987,1598590985,2
2020/8/28 12:02,1598590927,1598590927,0
2020/8/28 12:01,1598590867,1598590864,3
2020/8/28 12:00,1598590807,1598590801,6
2020/8/28 11:59,1598590748,1598590719,29
2020/8/28 11:58,1598590687,1598590659,28
2020/8/28 11:57,1598590627,1598590454,173
2020/8/28 11:56,1598590567,1598590454,113
2020/8/28 11:55,1598590507,1598590454,53
2020/8/28 11:54,1598590447,1598590382,65
2020/8/28 11:53,1598590387,1598590382,5
2020/8/28 11:52,1598590327,1598590311,16
2020/8/28 11:51,1598590267,1598590235,32
2020/8/28 11:50,1598590207,1598590168,39
2020/8/28 11:49,1598590147,1598590130,17
2020/8/28 11:48,1598590087,1598590081,6
2020/8/28 11:47,1598590027,1598590013,14
2020/8/28 11:46,1598589967,1598589957,10
2020/8/28 11:45,1598589907,1598589888,19
2020/8/28 11:44,1598589847,1598589836,11
2020/8/28 11:43,1598589787,1598589787,0
2020/8/28 11:42,1598589727,1598589712,15
2020/8/28 11:41,1598589667,1598589665,2
2020/8/28 11:40,1598589607,1598589589,18
2020/8/28 11:39,1598589547,1598589541,6
2020/8/28 11:38,1598589487,1598589476,11
2020/8/28 11:37,1598589427,1598589424,3
2020/8/28 11:36,1598589367,1598589327,40
2020/8/28 11:35,1598589307,1598589274,33
2020/8/28 11:34,1598589247,1598589233,14
2020/8/28 11:33,1598589187,1598589152,35
2020/8/28 11:32,1598589127,1598589123,4
2020/8/28 11:31,1598589067,1598589066,1
2020/8/28 11:30,1598589007,1598588969,38
2020/8/28 11:29,1598588947,1598588938,9
2020/8/28 11:28,1598588887,1598588880,7
2020/8/28 11:27,1598588827,1598588827,0
2020/8/28 11:26,1598588767,1598588765,2
2020/8/28 11:25,1598588707,1598588705,2
2020/8/28 11:24,1598588647,1598588635,12
2020/8/28 11:23,1598588587,1598588561,26
2020/8/28 11:22,1598588527,1598588480,47
2020/8/28 11:21,1598588467,1598588449,18
2020/8/28 11:20,1598588407,1598588395,12
2020/8/28 11:19,1598588347,1598588334,13
2020/8/28 11:18,1598588287,1598588276,11
2020/8/28 11:17,1598588227,1598588219,8
2020/8/28 11:16,1598588167,1598588154,13
2020/8/28 11:15,1598588107,1598588102,5
2020/8/28 11:14,1598588047,1598588046,1
2020/8/28 11:13,1598587987,1598587969,18
2020/8/28 11:12,1598587927,1598587906,21
2020/8/28 11:11,1598587867,1598587848,19
2020/8/28 11:10,1598587807,1598587784,23
2020/8/28 11:09,1598587747,1598587746,1
2020/8/28 11:08,1598587687,1598587687,0
2020/8/28 11:07,1598587627,1598587556,71
2020/8/28 11:06,1598587567,1598587556,11
2020/8/28 11:05,1598587507,1598587484,23
2020/8/28 11:04,1598587447,1598587380,67
2020/8/28 11:03,1598587387,1598587380,7
2020/8/28 11:02,1598587327,1598587326,1
2020/8/28 11:01,1598587267,1598587255,12
2020/8/28 11:00,1598587207,1598587187,20
2020/8/28 10:59,1598587147,1598587110,37
2020/8/28 10:58,1598587087,1598587066,21
2020/8/28 10:57,1598587027,1598587016,11
2020/8/28 10:56,1598586967,1598586964,3
2020/8/28 10:55,1598586907,1598586882,25
2020/8/28 10:54,1598586847,1598586794,53
2020/8/28 10:53,1598586787,1598586780,7
2020/8/28 10:52,1598586727,1598586720,7
2020/8/28 10:51,1598586667,1598586648,19
2020/8/28 10:50,1598586607,1598586605,2
2020/8/28 10:49,1598586547,1598586544,3
2020/8/28 10:48,1598586487,1598586475,12
2020/8/28 10:47,1598586427,1598586424,3
2020/8/28 10:46,1598586367,1598586341,26
2020/8/28 10:45,1598586307,1598586301,6
2020/8/28 10:44,1598586247,1598586229,18
2020/8/28 10:43,1598586187,1598586161,26
2020/8/28 10:42,1598586127,1598586096,31
2020/8/28 10:41,1598586067,1598586066,1
2020/8/28 10:40,1598586007,1598586003,4
2020/8/28 10:39,1598585947,1598585937,10
2020/8/28 10:38,1598585887,1598585876,11
2020/8/28 10:37,1598585827,1598585823,4
2020/8/28 10:36,1598585767,1598585755,12
2020/8/28 10:35,1598585707,1598585689,18
2020/8/28 10:34,1598585647,1598585644,3
2020/8/28 10:33,1598585587,1598585536,51
2020/8/28 10:32,1598585527,1598585472,55
2020/8/28 10:31,1598585467,1598585463,4
2020/8/28 10:30,1598585407,1598585364,43
2020/8/28 10:29,1598585347,1598585323,24
2020/8/28 10:28,1598585287,1598585287,0
2020/8/28 10:27,1598585227,1598585201,26
2020/8/28 10:26,1598585167,1598585166,1
2020/8/28 10:25,1598585107,1598585089,18
2020/8/28 10:24,1598585047,1598585039,8
2020/8/28 10:23,1598584987,1598584866,121
2020/8/28 10:22,1598584927,1598584866,61
2020/8/28 10:21,1598584867,1598584866,1
2020/8/28 10:20,1598584807,1598584804,3
2020/8/28 10:19,1598584747,1598584746,1
2020/8/28 10:18,1598584687,1598584682,5
2020/8/28 10:17,1598584627,1598584621,6
2020/8/28 10:16,1598584567,1598584529,38
2020/8/28 10:15,1598584507,1598584479,28
2020/8/28 10:14,1598584447,1598584377,70
2020/8/28 10:13,1598584387,1598584377,10
2020/8/28 10:12,1598584327,1598584225,102
2020/8/28 10:11,1598584267,1598584225,42
2020/8/28 10:10,1598584207,1598584164,43
2020/8/28 10:09,1598584147,1598584053,94
2020/8/28 10:08,1598584087,1598584053,34
2020/8/28 10:07,1598584027,1598584017,10
2020/8/28 10:06,1598583967,1598583920,47
2020/8/28 10:05,1598583907,1598583834,73
2020/8/28 10:04,1598583847,1598583834,13
2020/8/28 10:03,1598583787,1598583737,50
2020/8/28 10:02,1598583727,1598583645,82
2020/8/28 10:01,1598583667,1598583645,22
2020/8/28 10:00,1598583607,1598583545,62
2020/8/28 09:59,1598583547,1598583545,2
2020/8/28 09:58,1598583487,1598583473,14
2020/8/28 09:57,1598583427,1598583381,46
2020/8/28 09:56,1598583367,1598583359,8
2020/8/28 09:55,1598583307,1598583239,68
2020/8/28 09:54,1598583247,1598583239,8
2020/8/28 09:53,1598583187,1598583147,40
2020/8/28 09:52,1598583127,1598583116,11
2020/8/28 09:51,1598583067,1598583065,2
2020/8/28 09:50,1598583007,1598582999,8
2020/8/28 09:49,1598582947,1598582923,24
2020/8/28 09:48,1598582887,1598582821,66
2020/8/28 09:47,1598582827,1598582821,6
2020/8/28 09:46,1598582767,1598582709,58
2020/8/28 09:45,1598582707,1598582578,129
2020/8/28 09:44,1598582647,1598582578,69
2020/8/28 09:43,1598582587,1598582578,9
2020/8/28 09:42,1598582527,1598582519,8
2020/8/28 09:41,1598582467,1598582405,62
2020/8/28 09:40,1598582407,1598582405,2
2020/8/28 09:39,1598582347,1598582334,13
2020/8/28 09:38,1598582287,1598582263,24
2020/8/28 09:37,1598582227,1598582228,-1
2020/8/28 09:36,1598582167,1598582166,1
2020/8/28 09:35,1598582107,1598582099,8
2020/8/28 09:34,1598582047,1598582048,-1
2020/8/28 09:33,1598581987,1598581916,71
2020/8/28 09:32,1598581927,1598581916,11
2020/8/28 09:31,1598581867,1598581853,14
2020/8/28 09:30,1598581807,1598581794,13
2020/8/28 09:29,1598581747,1598581741,6
2020/8/28 09:28,1598581687,1598581674,13
2020/8/28 09:27,1598581627,1598581590,37
2020/8/28 09:26,1598581567,1598581540,27
2020/8/28 09:25,1598581507,1598581458,49
2020/8/28 09:24,1598581447,1598581438,9
2020/8/28 09:23,1598581387,1598581345,42
2020/8/28 09:22,1598581327,1598581316,11
2020/8/28 09:21,1598581267,1598581224,43
2020/8/28 09:20,1598581207,1598581204,3
2020/8/28 09:19,1598581147,1598581143,4
2020/8/28 09:18,1598581087,1598581081,6
2020/8/28 09:17,1598581027,1598580994,33
2020/8/28 09:16,1598580967,1598580965,2
2020/8/28 09:15,1598580907,1598580903,4
2020/8/28 09:14,1598580847,1598580824,23
2020/8/28 09:13,1598580787,1598580788,-1
2020/8/28 09:12,1598580727,1598580713,14
2020/8/28 09:11,1598580667,1598580635,32
2020/8/28 09:10,1598580607,1598580594,13
2020/8/28 09:09,1598580547,1598580511,36
2020/8/28 09:08,1598580487,1598580439,48
2020/8/28 09:07,1598580427,1598580377,50
2020/8/28 09:06,1598580367,1598580335,32
2020/8/28 09:05,1598580307,1598580274,33
2020/8/28 09:04,1598580247,1598580223,24
2020/8/28 09:03,1598580187,1598580188,-1
2020/8/28 09:02,1598580127,1598580119,8
2020/8/28 09:01,1598580067,1598580056,11
2020/8/28 09:00,1598580007,1598579975,32
2020/8/28 08:59,1598579947,1598579924,23
2020/8/28 08:58,1598579887,1598579883,4
2020/8/28 08:57,1598579827,1598579791,36
2020/8/28 08:56,1598579767,1598579735,32
2020/8/28 08:55,1598579707,1598579704,3
2020/8/28 08:54,1598579647,1598579638,9
2020/8/28 08:53,1598579587,1598579578,9
2020/8/28 08:52,1598579527,1598579497,30
2020/8/28 08:51,1598579467,1598579456,11
2020/8/28 08:50,1598579407,1598579405,2
2020/8/28 08:49,1598579347,1598579314,33
2020/8/28 08:48,1598579287,1598579197,90
2020/8/28 08:47,1598579227,1598579197,30
2020/8/28 08:46,1598579167,1598579048,119
2020/8/28 08:45,1598579107,1598579048,59
2020/8/28 08:44,1598579047,1598579048,-1
2020/8/28 08:43,1598578987,1598578949,38
2020/8/28 08:42,1598578927,1598578906,21
2020/8/28 08:41,1598578867,1598578865,2
2020/8/28 08:40,1598578807,1598578786,21
2020/8/28 08:39,1598578747,1598578733,14
2020/8/28 08:38,1598578687,1598578688,-1
2020/8/28 08:37,1598578627,1598578626,1
2020/8/28 08:36,1598578567,1598578559,8
2020/8/28 08:35,1598578507,1598578458,49
2020/8/28 08:34,1598578447,1598578417,30
2020/8/28 08:33,1598578387,1598578376,11
2020/8/28 08:32,1598578327,1598578295,32
2020/8/28 08:31,1598578267,1598578224,43
2020/8/28 08:30,1598578207,1598578163,44
2020/8/28 08:29,1598578147,1598578143,4
2020/8/28 08:28,1598578087,1598578082,5
2020/8/28 08:27,1598578027,1598577980,47
2020/8/28 08:26,1598577967,1598577883,84
2020/8/28 08:25,1598577907,1598577883,24
2020/8/28 08:24,1598577847,1598577821,26
2020/8/28 08:23,1598577787,1598577766,21
2020/8/28 08:22,1598577727,1598577715,12
2020/8/28 08:21,1598577667,1598577665,2
2020/8/28 08:20,1598577607,1598577608,-1
2020/8/28 08:19,1598577547,1598577544,3
2020/8/28 08:18,1598577487,1598577469,18
2020/8/28 08:17,1598577427,1598577425,2
2020/8/28 08:16,1598577367,1598577336,31
2020/8/28 08:15,1598577307,1598577296,11
2020/8/28 08:14,1598577247,1598577236,11
2020/8/28 08:13,1598577187,1598577184,3
2020/8/28 08:12,1598577127,1598577122,5
2020/8/28 08:11,1598577067,1598577031,36
2020/8/28 08:10,1598577007,1598576990,17
2020/8/28 08:09,1598576947,1598576944,3
2020/8/28 08:08,1598576887,1598576877,10
2020/8/28 08:07,1598576828,1598576828,0
2020/8/28 08:06,1598576767,1598576743,24
2020/8/28 08:05,1598576707,1598576651,56
2020/8/28 08:04,1598576647,1598576621,26
2020/8/28 08:03,1598576587,1598576588,-1
2020/8/28 08:02,1598576527,1598576458,69
2020/8/28 08:01,1598576467,1598576458,9
2020/8/28 08:00,1598576407,1598576395,12
2020/8/28 07:59,1598576347,1598576307,40
2020/8/28 07:58,1598576287,1598576282,5
2020/8/28 07:57,1598576227,1598576181,46
2020/8/28 07:56,1598576167,1598576158,9
2020/8/28 07:55,1598576107,1598576102,5
2020/8/28 07:54,1598576047,1598576039,8
2020/8/28 07:53,1598575987,1598575989,-2
2020/8/28 07:52,1598575927,1598575928,-1
2020/8/28 07:51,1598575867,1598575868,-1
2020/8/28 07:50,1598575807,1598575785,22
2020/8/28 07:49,1598575747,1598575717,30
2020/8/28 07:48,1598575687,1598575590,97
2020/8/28 07:47,1598575627,1598575590,37
2020/8/28 07:46,1598575567,1598575501,66
2020/8/28 07:45,1598575507,1598575501,6
2020/8/28 07:44,1598575447,1598575391,56
2020/8/28 07:43,1598575387,1598575379,8
2020/8/28 07:42,1598575327,1598575317,10
2020/8/28 07:41,1598575267,1598575267,0
2020/8/28 07:40,1598575207,1598575197,10
2020/8/28 07:39,1598575147,1598575145,2
2020/8/28 07:38,1598575087,1598575023,64
2020/8/28 07:37,1598575027,1598575023,4
2020/8/28 07:36,1598574967,1598574921,46
2020/8/28 07:35,1598574907,1598574908,-1
2020/8/28 07:34,1598574847,1598574809,38
2020/8/28 07:33,1598574787,1598574781,6
2020/8/28 07:32,1598574727,1598574652,75
2020/8/28 07:31,1598574667,1598574652,15
2020/8/28 07:30,1598574607,1598574544,63
2020/8/28 07:29,1598574547,1598574544,3
2020/8/28 07:28,1598574487,1598574463,24
2020/8/28 07:27,1598574427,1598574409,18
2020/8/28 07:26,1598574367,1598574300,67
2020/8/28 07:25,1598574307,1598574300,7
2020/8/28 07:24,1598574247,1598574209,38
2020/8/28 07:23,1598574187,1598574178,9
2020/8/28 07:22,1598574127,1598574056,71
2020/8/28 07:21,1598574067,1598574056,11
2020/8/28 07:20,1598574007,1598573986,21
2020/8/28 07:19,1598573947,1598573941,6
2020/8/28 07:18,1598573887,1598573867,20
2020/8/28 07:17,1598573827,1598573812,15
2020/8/28 07:16,1598573767,1598573750,17
2020/8/28 07:15,1598573707,1598573650,57
2020/8/28 07:14,1598573647,1598573639,8
2020/8/28 07:13,1598573587,1598572797,790
2020/8/28 07:12,1598573527,1598572797,730
2020/8/28 07:11,1598573467,1598572797,670
2020/8/28 07:10,1598573407,1598572797,610
2020/8/28 07:09,1598573347,1598572797,550
2020/8/28 07:08,1598573287,1598572797,490
2020/8/28 07:07,1598573227,1598572797,430
2020/8/28 07:06,1598573167,1598572797,370
2020/8/28 07:05,1598573107,1598572797,310
2020/8/28 07:04,1598573047,1598572797,250
2020/8/28 07:03,1598572987,1598572797,190
2020/8/28 07:02,1598572927,1598572797,130
2020/8/28 07:01,1598572867,1598572797,70
2020/8/28 07:00,1598572807,1598572797,10
2020/8/28 06:59,1598572747,1598572381,366
2020/8/28 06:58,1598572687,1598572381,306
2020/8/28 06:57,1598572627,1598572381,246
2020/8/28 06:56,1598572567,1598572381,186
2020/8/28 06:55,1598572507,1598572381,126
2020/8/28 06:54,1598572447,1598572381,66
2020/8/28 06:53,1598572387,1598572381,6
2020/8/28 06:52,1598572327,1598572117,210
2020/8/28 06:51,1598572267,1598572117,150
2020/8/28 06:50,1598572207,1598572117,90
2020/8/28 06:49,1598572147,1598572117,30
2020/8/28 06:48,1598572087,1598571904,183
2020/8/28 06:47,1598572027,1598571904,123
2020/8/28 06:46,1598571967,1598571904,63
2020/8/28 06:45,1598571907,1598571904,3
2020/8/28 06:44,1598571847,1598571589,258
2020/8/28 06:43,1598571787,1598571589,198
2020/8/28 06:42,1598571727,1598571589,138
2020/8/28 06:41,1598571667,1598571589,78
2020/8/28 06:40,1598571607,1598571589,18
2020/8/28 06:39,1598571547,1598571501,46
2020/8/28 06:38,1598571487,1598571488,-1
2020/8/28 06:37,1598571427,1598571427,0
2020/8/28 06:36,1598571367,1598571253,114
2020/8/28 06:35,1598571307,1598571253,54
2020/8/28 06:34,1598571247,1598571121,126
2020/8/28 06:33,1598571187,1598571121,66
2020/8/28 06:32,1598571127,1598571121,6
2020/8/28 06:31,1598571067,1598571020,47
2020/8/28 06:30,1598571007,1598570959,48
2020/8/28 06:29,1598570947,1598570897,50
2020/8/28 06:28,1598570887,1598570837,50
2020/8/28 06:27,1598570827,1598570755,72
2020/8/28 06:26,1598570767,1598570755,12
2020/8/28 06:25,1598570707,1598570682,25
2020/8/28 06:24,1598570647,1598570624,23
2020/8/28 06:23,1598570587,1598570588,-1
2020/8/28 06:22,1598570527,1598570430,97
2020/8/28 06:21,1598570467,1598570430,37
2020/8/28 06:20,1598570407,1598570380,27
2020/8/28 06:19,1598570347,1598570339,8
2020/8/28 06:18,1598570287,1598570258,29
2020/8/28 06:17,1598570227,1598570223,4
2020/8/28 06:16,1598570167,1598570156,11
2020/8/28 06:15,1598570107,1598570085,22
2020/8/28 06:14,1598570047,1598570045,2
2020/8/28 06:13,1598569987,1598569982,5
2020/8/28 06:12,1598569927,1598569913,14
2020/8/28 06:11,1598569867,1598569867,0
2020/8/28 06:10,1598569807,1598569806,1
2020/8/28 06:09,1598569747,1598569699,48
2020/8/28 06:08,1598569687,1598569638,49
2020/8/28 06:07,1598569627,1598569621,6
2020/8/28 06:06,1598569567,1598569455,112
2020/8/28 06:05,1598569507,1598569455,52
2020/8/28 06:04,1598569447,1598569374,73
2020/8/28 06:03,1598569387,1598569374,13
2020/8/28 06:02,1598569327,1598569302,25
2020/8/28 06:01,1598569267,1598569211,56
2020/8/28 06:00,1598569207,1598569160,47
2020/8/28 05:59,1598569147,1598569135,12
2020/8/28 05:58,1598569087,1598569048,39
2020/8/28 05:57,1598569027,1598568987,40
2020/8/28 05:56,1598568967,1598568845,122
2020/8/28 05:55,1598568907,1598568845,62
2020/8/28 05:54,1598568847,1598568845,2
2020/8/28 05:53,1598568787,1598568768,19
2020/8/28 05:52,1598568727,1598568682,45
2020/8/28 05:51,1598568667,1598568641,26
2020/8/28 05:50,1598568607,1598568591,16
2020/8/28 05:49,1598568547,1598568540,7
2020/8/28 05:48,1598568487,1598568486,1
2020/8/28 05:47,1598568427,1598568347,80
2020/8/28 05:46,1598568367,1598568347,20
2020/8/28 05:45,1598568307,1598568286,21
2020/8/28 05:44,1598568247,1598568235,12
2020/8/28 05:43,1598568187,1598568113,74
2020/8/28 05:42,1598568127,1598568113,14
2020/8/28 05:41,1598568067,1598568049,18
2020/8/28 05:40,1598568007,1598568001,6
2020/8/28 05:39,1598567947,1598567945,2
2020/8/28 05:38,1598567887,1598567859,28
2020/8/28 05:37,1598567827,1598567789,38
2020/8/28 05:36,1598567767,1598567761,6
2020/8/28 05:35,1598567707,1598567695,12
2020/8/28 05:34,1598567647,1598567646,1
2020/8/28 05:33,1598567587,1598567548,39
2020/8/28 05:32,1598567527,1598567462,65
2020/8/28 05:31,1598567467,1598567462,5
2020/8/28 05:30,1598567407,1598567392,15
2020/8/28 05:29,1598567347,1598567321,26
2020/8/28 05:28,1598567287,1598567260,27
2020/8/28 05:27,1598567227,1598567228,-1
2020/8/28 05:26,1598567167,1598567120,47
2020/8/28 05:25,1598567107,1598567107,0
2020/8/28 05:24,1598567047,1598567045,2
2020/8/28 05:23,1598566987,1598566974,13
2020/8/28 05:22,1598566927,1598566923,4
2020/8/28 05:21,1598566868,1598566821,47
2020/8/28 05:20,1598566807,1598566780,27
2020/8/28 05:19,1598566747,1598566740,7
2020/8/28 05:18,1598566687,1598566668,19
2020/8/28 05:17,1598566627,1598566628,-1
2020/8/28 05:16,1598566567,1598566516,51
2020/8/28 05:15,1598566507,1598566455,52
2020/8/28 05:14,1598566447,1598566424,23
2020/8/28 05:13,1598566387,1598566321,66
2020/8/28 05:12,1598566327,1598566321,6
2020/8/28 05:11,1598566267,1598566252,15
2020/8/28 05:10,1598566207,1598566170,37
2020/8/28 05:09,1598566147,1598566099,48
2020/8/28 05:08,1598566087,1598566084,3
2020/8/28 05:07,1598566027,1598565977,50
2020/8/28 05:06,1598565967,1598565946,21
2020/8/28 05:05,1598565907,1598565886,21
2020/8/28 05:04,1598565847,1598565798,49
2020/8/28 05:03,1598565787,1598565780,7
2020/8/28 05:02,1598565727,1598565631,96
2020/8/28 05:01,1598565667,1598565631,36
2020/8/28 05:00,1598565607,1598565559,48
2020/8/28 04:59,1598565547,1598565499,48
2020/8/28 04:58,1598565487,1598565488,-1
2020/8/28 04:57,1598565427,1598565427,0
2020/8/28 04:56,1598565367,1598565346,21
2020/8/28 04:55,1598565307,1598565295,12
2020/8/28 04:54,1598565247,1598565216,31
2020/8/28 04:53,1598565187,1598565163,24
2020/8/28 04:52,1598565127,1598565117,10
2020/8/28 04:51,1598565067,1598565021,46
2020/8/28 04:50,1598565007,1598564960,47
2020/8/28 04:49,1598564947,1598564943,4
2020/8/28 04:48,1598564887,1598564807,80
2020/8/28 04:47,1598564827,1598564807,20
2020/8/28 04:46,1598564767,1598564746,21
2020/8/28 04:45,1598564707,1598564696,11
2020/8/28 04:44,1598564647,1598564645,2
2020/8/28 04:43,1598564587,1598564581,6
2020/8/28 04:42,1598564527,1598564521,6
2020/8/28 04:41,1598564467,1598564440,27
2020/8/28 04:40,1598564407,1598564390,17
2020/8/28 04:39,1598564347,1598564299,48
2020/8/28 04:38,1598564287,1598564246,41
2020/8/28 04:37,1598564227,1598564221,6
2020/8/28 04:36,1598564167,1598564096,71
2020/8/28 04:35,1598564107,1598564096,11
2020/8/28 04:34,1598564047,1598564048,-1
2020/8/28 04:33,1598563987,1598563923,64
2020/8/28 04:32,1598563927,1598563923,4
2020/8/28 04:31,1598563867,1598563852,15
2020/8/28 04:30,1598563807,1598563790,17
2020/8/28 04:29,1598563747,1598563728,19
2020/8/28 04:28,1598563687,1598563686,1
2020/8/28 04:27,1598563627,1598563628,-1
2020/8/28 04:26,1598563567,1598563558,9
2020/8/28 04:25,1598563507,1598563506,1
2020/8/28 04:24,1598563447,1598563410,37
2020/8/28 04:23,1598563387,1598563384,3
2020/8/28 04:22,1598563328,1598563241,87
2020/8/28 04:21,1598563267,1598563241,26
2020/8/28 04:20,1598563207,1598563058,149
2020/8/28 04:19,1598563147,1598563058,89
2020/8/28 04:18,1598563087,1598563058,29
2020/8/28 04:17,1598563027,1598563008,19
2020/8/28 04:16,1598562967,1598562966,1
2020/8/28 04:15,1598562907,1598562885,22
2020/8/28 04:14,1598562847,1598562707,140
2020/8/28 04:13,1598562787,1598562707,80
2020/8/28 04:12,1598562727,1598562707,20
2020/8/28 04:11,1598562667,1598562665,2
2020/8/28 04:10,1598562607,1598562601,6
2020/8/28 04:09,1598562547,1598562508,39
2020/8/28 04:08,1598562487,1598562488,-1
2020/8/28 04:07,1598562427,1598562367,60
2020/8/28 04:06,1598562367,1598562367,0
2020/8/28 04:05,1598562307,1598562305,2
2020/8/28 04:04,1598562247,1598562224,23
2020/8/28 04:03,1598562187,1598562122,65
2020/8/28 04:02,1598562127,1598562122,5
2020/8/28 04:01,1598562067,1598561940,127
2020/8/28 04:00,1598562007,1598561940,67
2020/8/28 03:59,1598561947,1598561940,7
2020/8/28 03:58,1598561887,1598561827,60
2020/8/28 03:57,1598561827,1598561827,0
2020/8/28 03:56,1598561767,1598561716,51
2020/8/28 03:55,1598561707,1598561655,52
2020/8/28 03:54,1598561647,1598561603,44
2020/8/28 03:53,1598561587,1598561533,54
2020/8/28 03:52,1598561527,1598561468,59
2020/8/28 03:51,1598561467,1598561468,-1
2020/8/28 03:50,1598561407,1598561404,3
2020/8/28 03:49,1598561347,1598561338,9
2020/8/28 03:48,1598561287,1598561288,-1
2020/8/28 03:47,1598561227,1598561198,29
2020/8/28 03:46,1598561167,1598561146,21
2020/8/28 03:45,1598561107,1598561098,9
2020/8/28 03:44,1598561047,1598561034,13
2020/8/28 03:43,1598560987,1598560912,75
2020/8/28 03:42,1598560927,1598560912,15
2020/8/28 03:41,1598560867,1598560860,7
2020/8/28 03:40,1598560807,1598560792,15
2020/8/28 03:39,1598560747,1598560729,18
2020/8/28 03:38,1598560687,1598560679,8
2020/8/28 03:37,1598560627,1598560566,61
2020/8/28 03:36,1598560567,1598560566,1
2020/8/28 03:35,1598560507,1598560495,12
2020/8/28 03:34,1598560447,1598560436,11
2020/8/28 03:33,1598560387,1598560322,65
2020/8/28 03:32,1598560327,1598560322,5
2020/8/28 03:31,1598560267,1598560167,100
2020/8/28 03:30,1598560207,1598560167,40
2020/8/28 03:29,1598560147,1598560128,19
2020/8/28 03:28,1598560087,1598560088,-1
2020/8/28 03:27,1598560027,1598560006,21
2020/8/28 03:26,1598559967,1598559962,5
2020/8/28 03:25,1598559907,1598559906,1
2020/8/28 03:24,1598559847,1598559833,14
2020/8/28 03:23,1598559787,1598559762,25
2020/8/28 03:22,1598559727,1598559725,2
2020/8/28 03:21,1598559667,1598559649,18
2020/8/28 03:20,1598559607,1598559597,10
2020/8/28 03:19,1598559547,1598559537,10
2020/8/28 03:18,1598559487,1598559485,2
2020/8/28 03:17,1598559427,1598559414,13
2020/8/28 03:16,1598559367,1598559303,64
2020/8/28 03:15,1598559307,1598559303,4
2020/8/28 03:14,1598559247,1598559238,9
2020/8/28 03:13,1598559187,1598559150,37
2020/8/28 03:12,1598559127,1598559098,29
2020/8/28 03:11,1598559067,1598559008,59
2020/8/28 03:10,1598559007,1598559008,-1
2020/8/28 03:09,1598558947,1598558905,42
2020/8/28 03:08,1598558887,1598558875,12
2020/8/28 03:07,1598558827,1598558804,23
2020/8/28 03:06,1598558767,1598558757,10
2020/8/28 03:05,1598558707,1598558702,5
2020/8/28 03:04,1598558647,1598558642,5
2020/8/28 03:03,1598558587,1598558570,17
2020/8/28 03:02,1598558527,1598558469,58
2020/8/28 03:01,1598558467,1598558467,0
2020/8/28 03:00,1598558407,1598558388,19
2020/8/28 02:59,1598558347,1598558315,32
2020/8/28 02:58,1598558287,1598558254,33
2020/8/28 02:57,1598558227,1598558199,28
2020/8/28 02:56,1598558167,1598558142,25
2020/8/28 02:55,1598558107,1598558104,3
2020/8/28 02:54,1598558047,1598558042,5
2020/8/28 02:53,1598557987,1598557965,22
2020/8/28 02:52,1598557927,1598557920,7
2020/8/28 02:51,1598557867,1598557807,60
2020/8/28 02:50,1598557807,1598557807,0
2020/8/28 02:49,1598557747,1598557715,32
2020/8/28 02:48,1598557687,1598557654,33
2020/8/28 02:47,1598557627,1598557628,-1
2020/8/28 02:46,1598557567,1598557522,45
2020/8/28 02:45,1598557507,1598557471,36
2020/8/28 02:44,1598557447,1598557390,57
2020/8/28 02:43,1598557387,1598557369,18
2020/8/28 02:42,1598557327,1598557318,9
2020/8/28 02:41,1598557267,1598557267,0
2020/8/28 02:40,1598557207,1598557186,21
2020/8/28 02:39,1598557147,1598557128,19
2020/8/28 02:38,1598557087,1598557054,33
2020/8/28 02:37,1598557027,1598557018,9
2020/8/28 02:36,1598556967,1598556932,35
2020/8/28 02:35,1598556907,1598556882,25
2020/8/28 02:34,1598556847,1598556842,5
2020/8/28 02:33,1598556787,1598556783,4
2020/8/28 02:32,1598556727,1598556689,38
2020/8/28 02:31,1598556667,1598556648,19
2020/8/28 02:30,1598556607,1598556596,11
2020/8/28 02:29,1598556547,1598556495,52
2020/8/28 02:28,1598556487,1598556424,63
2020/8/28 02:27,1598556427,1598556424,3
2020/8/28 02:26,1598556367,1598556353,14
2020/8/28 02:25,1598556307,1598556290,17
2020/8/28 02:24,1598556247,1598556180,67
2020/8/28 02:23,1598556187,1598556180,7
2020/8/28 02:22,1598556127,1598556076,51
2020/8/28 02:21,1598556067,1598556058,9
2020/8/28 02:20,1598556007,1598555986,21
2020/8/28 02:19,1598555947,1598555946,1
2020/8/28 02:18,1598555887,1598555837,50
2020/8/28 02:17,1598555827,1598555794,33
2020/8/28 02:16,1598555767,1598555763,4
2020/8/28 02:15,1598555707,1598555610,97
2020/8/28 02:14,1598555647,1598555610,37
2020/8/28 02:13,1598555587,1598555555,32
2020/8/28 02:12,1598555527,1598555508,19
2020/8/28 02:11,1598555467,1598555407,60
2020/8/28 02:10,1598555407,1598555407,0
2020/8/28 02:09,1598555347,1598555335,12
2020/8/28 02:08,1598555287,1598555275,12
2020/8/28 02:07,1598555227,1598555214,13
2020/8/28 02:06,1598555167,1598555163,4
2020/8/28 02:05,1598555107,1598555092,15
2020/8/28 02:04,1598555047,1598554949,98
2020/8/28 02:03,1598554987,1598554949,38
2020/8/28 02:02,1598554927,1598554917,10
2020/8/28 02:01,1598554867,1598554851,16
2020/8/28 02:00,1598554807,1598554787,20
2020/8/28 01:59,1598554747,1598554685,62
2020/8/28 01:58,1598554687,1598554685,2
2020/8/28 01:57,1598554627,1598554623,4
2020/8/28 01:56,1598554567,1598554482,85
2020/8/28 01:55,1598554507,1598554482,25
2020/8/28 01:54,1598554447,1598554447,0
2020/8/28 01:53,1598554387,1598554385,2
2020/8/28 01:52,1598554327,1598554318,9
2020/8/28 01:51,1598554267,1598554267,0
2020/8/28 01:50,1598554207,1598554176,31
2020/8/28 01:49,1598554147,1598554146,1
2020/8/28 01:48,1598554087,1598554013,74
2020/8/28 01:47,1598554027,1598554013,14
2020/8/28 01:46,1598553967,1598553962,5
2020/8/28 01:45,1598553907,1598553900,7
2020/8/28 01:44,1598553847,1598553839,8
2020/8/28 01:43,1598553787,1598553778,9
2020/8/28 01:42,1598553727,1598553698,29
2020/8/28 01:41,1598553667,1598553666,1
2020/8/28 01:40,1598553607,1598553606,1
2020/8/28 01:39,1598553547,1598553538,9
2020/8/28 01:38,1598553487,1598553463,24
2020/8/28 01:37,1598553427,1598553411,16
2020/8/28 01:36,1598553367,1598553364,3
2020/8/28 01:35,1598553307,1598553280,27
2020/8/28 01:34,1598553247,1598553222,25
2020/8/28 01:33,1598553187,1598553147,40
2020/8/28 01:32,1598553127,1598553106,21
2020/8/28 01:31,1598553067,1598553048,19
2020/8/28 01:30,1598553007,1598553002,5
2020/8/28 01:29,1598552947,1598552903,44
2020/8/28 01:28,1598552887,1598552883,4
2020/8/28 01:27,1598552827,1598552822,5
2020/8/28 01:26,1598552767,1598552767,0
2020/8/28 01:25,1598552707,1598552700,7
2020/8/28 01:24,1598552647,1598552609,38
2020/8/28 01:23,1598552587,1598552578,9
2020/8/28 01:22,1598552527,1598552507,20
2020/8/28 01:21,1598552467,1598552405,62
2020/8/28 01:20,1598552407,1598552405,2
2020/8/28 01:19,1598552347,1598552344,3
2020/8/28 01:18,1598552287,1598552212,75
2020/8/28 01:17,1598552227,1598552212,15
2020/8/28 01:16,1598552167,1598552163,4
2020/8/28 01:15,1598552107,1598552049,58
2020/8/28 01:14,1598552047,1598552023,24
2020/8/28 01:13,1598551987,1598551958,29
2020/8/28 01:12,1598551927,1598551794,133
2020/8/28 01:11,1598551867,1598551794,73
2020/8/28 01:10,1598551807,1598551794,13
2020/8/28 01:09,1598551747,1598551703,44
2020/8/28 01:08,1598551687,1598551682,5
2020/8/28 01:07,1598551627,1598551591,36
2020/8/28 01:06,1598551567,1598551530,37
2020/8/28 01:05,1598551507,1598551449,58
2020/8/28 01:04,1598551447,1598551368,79
2020/8/28 01:03,1598551387,1598551368,19
2020/8/28 01:02,1598551327,1598551276,51
2020/8/28 01:01,1598551267,1598551257,10
2020/8/28 01:00,1598551207,1598551206,1
2020/8/28 00:59,1598551147,1598551134,13
2020/8/28 00:58,1598551087,1598551054,33
2020/8/28 00:57,1598551027,1598551011,16
2020/8/28 00:56,1598550967,1598550920,47
2020/8/28 00:55,1598550907,1598550898,9
2020/8/28 00:54,1598550847,1598550839,8
2020/8/28 00:53,1598550787,1598550767,20
2020/8/28 00:52,1598550727,1598550706,21
2020/8/28 00:51,1598550667,1598550652,15
2020/8/28 00:50,1598550607,1598550574,33
2020/8/28 00:49,1598550547,1598550543,4
2020/8/28 00:48,1598550487,1598550484,3
2020/8/28 00:47,1598550427,1598550370,57
2020/8/28 00:46,1598550367,1598550299,68
2020/8/28 00:45,1598550307,1598550299,8
2020/8/28 00:44,1598550247,1598550235,12
2020/8/28 00:43,1598550187,1598550136,51
2020/8/28 00:42,1598550127,1598550128,-1
2020/8/28 00:41,1598550067,1598550045,22
2020/8/28 00:40,1598550007,1598550004,3
2020/8/28 00:39,1598549947,1598549933,14
2020/8/28 00:38,1598549887,1598549810,77
2020/8/28 00:37,1598549827,1598549810,17
2020/8/28 00:36,1598549767,1598549688,79
2020/8/28 00:35,1598549707,1598549688,19
2020/8/28 00:34,1598549647,1598549596,51
2020/8/28 00:33,1598549587,1598549505,82
2020/8/28 00:32,1598549527,1598549505,22
2020/8/28 00:31,1598549467,1598549442,25
2020/8/28 00:30,1598549407,1598549383,24
2020/8/28 00:29,1598549347,1598549331,16
2020/8/28 00:28,1598549287,1598549250,37
2020/8/28 00:27,1598549227,1598549210,17
2020/8/28 00:26,1598549167,1598549166,1
2020/8/28 00:25,1598549107,1598549108,-1
2020/8/28 00:24,1598549047,1598549036,11
2020/8/28 00:23,1598548987,1598548986,1
2020/8/28 00:22,1598548927,1598548911,16
2020/8/28 00:21,1598548867,1598548854,13
2020/8/28 00:20,1598548807,1598548791,16
2020/8/28 00:19,1598548747,1598548720,27
2020/8/28 00:18,1598548687,1598548658,29
2020/8/28 00:17,1598548627,1598548587,40
2020/8/28 00:16,1598548567,1598548526,41
2020/8/28 00:15,1598548507,1598548485,22
2020/8/28 00:14,1598548447,1598548434,13
2020/8/28 00:13,1598548387,1598548383,4
2020/8/28 00:12,1598548327,1598548316,11
2020/8/28 00:11,1598548267,1598548243,24
2020/8/28 00:10,1598548207,1598548180,27
2020/8/28 00:09,1598548147,1598548088,59
2020/8/28 00:08,1598548087,1598548072,15
2020/8/28 00:07,1598548027,1598547945,82
2020/8/28 00:06,1598547967,1598547945,22
2020/8/28 00:05,1598547907,1598547905,2
2020/8/28 00:04,1598547847,1598547847,0
2020/8/28 00:03,1598547787,1598547765,22
2020/8/28 00:02,1598547727,1598547671,56
2020/8/28 00:01,1598547667,1598547598,69
2020/8/28 00:00,1598547607,1598547598,9
2020/8/27 23:59,1598547547,1598547528,19
2020/8/27 23:58,1598547487,1598547487,0
2020/8/27 23:57,1598547427,1598547416,11
2020/8/27 23:56,1598547367,1598547355,12
2020/8/27 23:55,1598547307,1598547304,3
2020/8/27 23:54,1598547247,1598547244,3
2020/8/27 23:53,1598547187,1598547183,4
2020/8/27 23:52,1598547127,1598547036,91
2020/8/27 23:51,1598547067,1598547036,31
2020/8/27 23:50,1598547007,1598546969,38
2020/8/27 23:49,1598546947,1598546935,12
2020/8/27 23:48,1598546887,1598546887,0
2020/8/27 23:47,1598546827,1598546822,5
2020/8/27 23:46,1598546767,1598546756,11
2020/8/27 23:45,1598546707,1598546706,1
2020/8/27 23:44,1598546647,1598546613,34
2020/8/27 23:43,1598546587,1598546511,76
2020/8/27 23:42,1598546527,1598546511,16
2020/8/27 23:41,1598546467,1598546457,10
2020/8/27 23:40,1598546407,1598546369,38
2020/8/27 23:39,1598546347,1598546288,59
2020/8/27 23:38,1598546287,1598546288,-1
2020/8/27 23:37,1598546227,1598546228,-1
2020/8/27 23:36,1598546167,1598546166,1
2020/8/27 23:35,1598546107,1598546064,43
2020/8/27 23:34,1598546047,1598545956,91
2020/8/27 23:33,1598545987,1598545956,31
2020/8/27 23:32,1598545927,1598545914,13
2020/8/27 23:31,1598545867,1598545860,7
2020/8/27 23:30,1598545807,1598545785,22
2020/8/27 23:29,1598545747,1598545735,12
2020/8/27 23:28,1598545687,1598545688,-1
2020/8/27 23:27,1598545627,1598545628,-1
2020/8/27 23:26,1598545567,1598545566,1
2020/8/27 23:25,1598545507,1598545505,2
2020/8/27 23:24,1598545447,1598545383,64
2020/8/27 23:23,1598545387,1598545383,4
2020/8/27 23:22,1598545327,1598545322,5
2020/8/27 23:21,1598545267,1598545210,57
2020/8/27 23:20,1598545207,1598545129,78
2020/8/27 23:19,1598545147,1598545129,18
2020/8/27 23:18,1598545087,1598545078,9
2020/8/27 23:17,1598545027,1598545018,9
2020/8/27 23:16,1598544967,1598544945,22
2020/8/27 23:15,1598544907,1598544838,69
2020/8/27 23:14,1598544847,1598544838,9
2020/8/27 23:13,1598544787,1598544733,54
2020/8/27 23:12,1598544727,1598544676,51
2020/8/27 23:11,1598544667,1598544667,0
2020/8/27 23:10,1598544607,1598544602,5
2020/8/27 23:09,1598544547,1598544539,8
2020/8/27 23:08,1598544487,1598544480,7
2020/8/27 23:07,1598544427,1598544427,0
2020/8/27 23:06,1598544367,1598544346,21
2020/8/27 23:05,1598544307,1598544284,23
2020/8/27 23:04,1598544247,1598544203,44
2020/8/27 23:03,1598544187,1598544166,21
2020/8/27 23:02,1598544127,1598544122,5
2020/8/27 23:01,1598544067,1598544061,6
2020/8/27 23:00,1598544007,1598543980,27
2020/8/27 22:59,1598543947,1598543943,4
2020/8/27 22:58,1598543887,1598543848,39
2020/8/27 22:57,1598543827,1598543827,0
2020/8/27 22:56,1598543767,1598543760,7
2020/8/27 22:55,1598543707,1598543685,22
2020/8/27 22:54,1598543647,1598543623,24
2020/8/27 22:53,1598543587,1598543573,14
2020/8/27 22:52,1598543527,1598543486,41
2020/8/27 22:51,1598543467,1598543463,4
2020/8/27 22:50,1598543407,1598543390,17
2020/8/27 22:49,1598543347,1598543338,9
2020/8/27 22:48,1598543287,1598543247,40
2020/8/27 22:47,1598543227,1598543167,60
2020/8/27 22:46,1598543167,1598543167,0
2020/8/27 22:45,1598543107,1598543099,8
2020/8/27 22:44,1598543047,1598543047,0
2020/8/27 22:43,1598542987,1598542958,29
2020/8/27 22:42,1598542927,1598542928,-1
2020/8/27 22:41,1598542867,1598542857,10
2020/8/27 22:40,1598542807,1598542674,133
2020/8/27 22:39,1598542747,1598542674,73
2020/8/27 22:38,1598542687,1598542674,13
2020/8/27 22:37,1598542627,1598542572,55
2020/8/27 22:36,1598542567,1598542511,56
2020/8/27 22:35,1598542507,1598542441,66
2020/8/27 22:34,1598542447,1598542441,6
2020/8/27 22:33,1598542387,1598542338,49
2020/8/27 22:32,1598542327,1598542288,39
2020/8/27 22:31,1598542267,1598542196,71
2020/8/27 22:30,1598542207,1598542196,11
2020/8/27 22:29,1598542147,1598542128,19
2020/8/27 22:28,1598542087,1598542012,75
2020/8/27 22:27,1598542027,1598542012,15
2020/8/27 22:26,1598541967,1598541965,2
2020/8/27 22:25,1598541907,1598541901,6
2020/8/27 22:24,1598541847,1598541819,28
2020/8/27 22:23,1598541787,1598541778,9
2020/8/27 22:22,1598541727,1598541666,61
2020/8/27 22:21,1598541667,1598541666,1
2020/8/27 22:20,1598541607,1598541605,2
2020/8/27 22:19,1598541547,1598541545,2
2020/8/27 22:18,1598541487,1598541424,63
2020/8/27 22:17,1598541427,1598541424,3
2020/8/27 22:16,1598541367,1598541368,-1
2020/8/27 22:15,1598541308,1598541219,89
2020/8/27 22:14,1598541248,1598541219,29
2020/8/27 22:13,1598541187,1598541178,9
2020/8/27 22:12,1598541127,1598541128,-1
2020/8/27 22:11,1598541067,1598541066,1
2020/8/27 22:10,1598541007,1598541006,1
2020/8/27 22:09,1598540947,1598540893,54
2020/8/27 22:08,1598540887,1598540812,75
2020/8/27 22:07,1598540827,1598540812,15
2020/8/27 22:06,1598540767,1598540762,5
2020/8/27 22:05,1598540707,1598540702,5
2020/8/27 22:04,1598540647,1598540643,4
2020/8/27 22:03,1598540587,1598540582,5
2020/8/27 22:02,1598540527,1598540466,61
2020/8/27 22:01,1598540467,1598540466,1
2020/8/27 22:00,1598540407,1598540373,34
2020/8/27 21:59,1598540347,1598540302,45
2020/8/27 21:58,1598540287,1598540255,32
2020/8/27 21:57,1598540227,1598540200,27
2020/8/27 21:56,1598540167,1598540140,27
2020/8/27 21:55,1598540107,1598540099,8
2020/8/27 21:54,1598540047,1598540047,0
2020/8/27 21:53,1598539987,1598539947,40
2020/8/27 21:52,1598539927,1598539844,83
2020/8/27 21:51,1598539867,1598539844,23
2020/8/27 21:50,1598539807,1598539803,4
2020/8/27 21:49,1598539747,1598539733,14
2020/8/27 21:48,1598539687,1598539682,5
2020/8/27 21:47,1598539627,1598539601,26
2020/8/27 21:46,1598539567,1598539519,48
2020/8/27 21:45,1598539507,1598539417,90
2020/8/27 21:44,1598539447,1598539417,30
2020/8/27 21:43,1598539387,1598539387,0
2020/8/27 21:42,1598539327,1598539285,42
2020/8/27 21:41,1598539267,1598539216,51
2020/8/27 21:40,1598539207,1598539207,0
2020/8/27 21:39,1598539147,1598539093,54
2020/8/27 21:38,1598539087,1598539084,3
2020/8/27 21:37,1598539027,1598538969,58
2020/8/27 21:36,1598538967,1598538923,44
2020/8/27 21:35,1598538907,1598538907,0
2020/8/27 21:34,1598538847,1598538805,42
2020/8/27 21:33,1598538787,1598538787,0
2020/8/27 21:32,1598538727,1598538613,114
2020/8/27 21:31,1598538667,1598538613,54
2020/8/27 21:30,1598538607,1598538592,15
2020/8/27 21:29,1598538547,1598538481,66
2020/8/27 21:28,1598538487,1598538481,6
2020/8/27 21:27,1598538427,1598538427,0
2020/8/27 21:26,1598538367,1598538349,18
2020/8/27 21:25,1598538307,1598538289,18
2020/8/27 21:24,1598538247,1598538238,9
2020/8/27 21:23,1598538187,1598538187,0
2020/8/27 21:22,1598538127,1598538115,12
2020/8/27 21:21,1598538067,1598538065,2
2020/8/27 21:20,1598538007,1598537973,34
2020/8/27 21:19,1598537947,1598537894,53
2020/8/27 21:18,1598537887,1598537883,4
2020/8/27 21:17,1598537827,1598537806,21
2020/8/27 21:16,1598537767,1598537749,18
2020/8/27 21:15,1598537707,1598537687,20
2020/8/27 21:14,1598537647,1598537589,58
2020/8/27 21:13,1598537587,1598537588,-1
2020/8/27 21:12,1598537527,1598537495,32
2020/8/27 21:11,1598537467,1598537465,2
2020/8/27 21:10,1598537407,1598537407,0
2020/8/27 21:09,1598537347,1598537342,5
2020/8/27 21:08,1598537287,1598537287,0
2020/8/27 21:07,1598537227,1598537221,6
2020/8/27 21:06,1598537167,1598537128,39
2020/8/27 21:05,1598537107,1598537037,70
2020/8/27 21:04,1598537047,1598537037,10
2020/8/27 21:03,1598536987,1598536962,25
2020/8/27 21:02,1598536927,1598536921,6
2020/8/27 21:01,1598536867,1598536854,13
2020/8/27 21:00,1598536807,1598536803,4
2020/8/27 20:59,1598536747,1598536729,18
2020/8/27 20:58,1598536687,1598536662,25
2020/8/27 20:57,1598536627,1598536609,18
2020/8/27 20:56,1598536567,1598536518,49
2020/8/27 20:55,1598536507,1598536478,29
2020/8/27 20:54,1598536447,1598536446,1
2020/8/27 20:53,1598536387,1598536314,73
2020/8/27 20:52,1598536327,1598536314,13
2020/8/27 20:51,1598536267,1598536264,3
2020/8/27 20:50,1598536207,1598536182,25
2020/8/27 20:49,1598536147,1598536146,1
2020/8/27 20:48,1598536087,1598536087,0
2020/8/27 20:47,1598536027,1598536013,14
2020/8/27 20:46,1598535967,1598535953,14
2020/8/27 20:45,1598535907,1598535907,0
2020/8/27 20:44,1598535847,1598535846,1
2020/8/27 20:43,1598535787,1598535775,12
2020/8/27 20:42,1598535727,1598535724,3
2020/8/27 20:41,1598535667,1598535663,4
2020/8/27 20:40,1598535607,1598535551,56
2020/8/27 20:39,1598535547,1598535536,11
2020/8/27 20:38,1598535487,1598535440,47
2020/8/27 20:37,1598535427,1598535347,80
2020/8/27 20:36,1598535367,1598535347,20
2020/8/27 20:35,1598535307,1598535286,21
2020/8/27 20:34,1598535247,1598535246,1
2020/8/27 20:33,1598535187,1598535185,2
2020/8/27 20:32,1598535127,1598535073,54
2020/8/27 20:31,1598535067,1598535058,9
2020/8/27 20:30,1598535007,1598534991,16
2020/8/27 20:29,1598534947,1598534944,3
2020/8/27 20:28,1598534887,1598534873,14
2020/8/27 20:27,1598534827,1598534806,21
2020/8/27 20:26,1598534767,1598534767,0
2020/8/27 20:25,1598534707,1598534686,21
2020/8/27 20:24,1598534647,1598534614,33
2020/8/27 20:23,1598534587,1598534563,24
2020/8/27 20:22,1598534527,1598534516,11
2020/8/27 20:21,1598534467,1598534468,-1
2020/8/27 20:20,1598534407,1598534375,32
2020/8/27 20:19,1598534347,1598534308,39
2020/8/27 20:18,1598534287,1598534244,43
2020/8/27 20:17,1598534227,1598534163,64
2020/8/27 20:16,1598534167,1598534163,4
2020/8/27 20:15,1598534107,1598534095,12
2020/8/27 20:14,1598534047,1598534035,12
2020/8/27 20:13,1598533987,1598533974,13
2020/8/27 20:12,1598533927,1598533927,0
2020/8/27 20:11,1598533867,1598533777,90
2020/8/27 20:10,1598533807,1598533777,30
2020/8/27 20:09,1598533747,1598533678,69
2020/8/27 20:08,1598533687,1598533678,9
2020/8/27 20:07,1598533627,1598533577,50
2020/8/27 20:06,1598533567,1598533526,41
2020/8/27 20:05,1598533507,1598533465,42
2020/8/27 20:04,1598533447,1598533445,2
2020/8/27 20:03,1598533387,1598533373,14
2020/8/27 20:02,1598533327,1598533309,18
2020/8/27 20:01,1598533267,1598533261,6
2020/8/27 20:00,1598533207,1598533199,8
2020/8/27 19:59,1598533147,1598533144,3
2020/8/27 19:58,1598533087,1598533016,71
2020/8/27 19:57,1598533027,1598533016,11
2020/8/27 19:56,1598532967,1598532908,59
2020/8/27 19:55,1598532907,1598532907,0
2020/8/27 19:54,1598532847,1598532835,12
2020/8/27 19:53,1598532787,1598532762,25
2020/8/27 19:52,1598532727,1598532726,1
2020/8/27 19:51,1598532667,1598532640,27
2020/8/27 19:50,1598532607,1598532509,98
2020/8/27 19:49,1598532547,1598532509,38
2020/8/27 19:48,1598532487,1598532477,10
2020/8/27 19:47,1598532427,1598532418,9
2020/8/27 19:46,1598532367,1598532359,8
2020/8/27 19:45,1598532307,1598532305,2
2020/8/27 19:44,1598532247,1598532220,27
2020/8/27 19:43,1598532187,1598532159,28
2020/8/27 19:42,1598532127,1598532124,3
2020/8/27 19:41,1598532067,1598532016,51
2020/8/27 19:40,1598532007,1598531954,53
2020/8/27 19:39,1598531947,1598531939,8
2020/8/27 19:38,1598531887,1598531887,0
2020/8/27 19:37,1598531827,1598531822,5
2020/8/27 19:36,1598531767,1598531761,6
2020/8/27 19:35,1598531707,1598531700,7
2020/8/27 19:34,1598531647,1598531526,121
2020/8/27 19:33,1598531587,1598531526,61
2020/8/27 19:32,1598531527,1598531526,1
2020/8/27 19:31,1598531467,1598531444,23
2020/8/27 19:30,1598531407,1598531406,1
2020/8/27 19:29,1598531347,1598531327,20
2020/8/27 19:28,1598531287,1598531286,1
2020/8/27 19:27,1598531227,1598531199,28
2020/8/27 19:26,1598531167,1598531149,18
2020/8/27 19:25,1598531107,1598531108,-1
2020/8/27 19:24,1598531047,1598531047,0
2020/8/27 19:23,1598530987,1598530967,20
2020/8/27 19:22,1598530927,1598530915,12
2020/8/27 19:21,1598530867,1598530838,29
2020/8/27 19:20,1598530807,1598530805,2
2020/8/27 19:19,1598530747,1598530728,19
2020/8/27 19:18,1598530687,1598530682,5
2020/8/27 19:17,1598530627,1598530551,76
2020/8/27 19:16,1598530567,1598530551,16
2020/8/27 19:15,1598530507,1598530479,28
2020/8/27 19:14,1598530447,1598530418,29
2020/8/27 19:13,1598530387,1598530297,90
2020/8/27 19:12,1598530327,1598530297,30
2020/8/27 19:11,1598530267,1598529362,905
2020/8/27 19:10,1598530207,1598529362,845
2020/8/27 19:09,1598530147,1598529362,785
2020/8/27 19:08,1598530087,1598529362,725
2020/8/27 19:07,1598530027,1598529362,665
2020/8/27 19:06,1598529967,1598529362,605
2020/8/27 19:05,1598529907,1598529362,545
2020/8/27 19:04,1598529847,1598529362,485
2020/8/27 19:03,1598529787,1598529362,425
2020/8/27 19:02,1598529727,1598529362,365
2020/8/27 19:01,1598529668,1598529362,306
2020/8/27 19:00,1598529607,1598529362,245
2020/8/27 18:59,1598529547,1598529362,185
2020/8/27 18:58,1598529487,1598529362,125
2020/8/27 18:57,1598529427,1598529362,65
2020/8/27 18:56,1598529367,1598529362,5
2020/8/27 18:55,1598529307,1598528884,423
2020/8/27 18:54,1598529247,1598528884,363
2020/8/27 18:53,1598529187,1598528884,303
2020/8/27 18:52,1598529127,1598528884,243
2020/8/27 18:51,1598529067,1598528884,183
2020/8/27 18:50,1598529007,1598528884,123
2020/8/27 18:49,1598528947,1598528884,63
2020/8/27 18:48,1598528887,1598528884,3
2020/8/27 18:47,1598528827,1598528773,54
2020/8/27 18:46,1598528767,1598528694,73
2020/8/27 18:45,1598528707,1598528694,13
2020/8/27 18:44,1598528647,1598528539,108
2020/8/27 18:43,1598528587,1598528539,48
2020/8/27 18:42,1598528527,1598528478,49
2020/8/27 18:41,1598528467,1598528366,101
2020/8/27 18:40,1598528407,1598528366,41
2020/8/27 18:39,1598528347,1598528319,28
2020/8/27 18:38,1598528287,1598528244,43
2020/8/27 18:37,1598528227,1598528197,30
2020/8/27 18:36,1598528167,1598528163,4
2020/8/27 18:35,1598528107,1598528091,16
2020/8/27 18:34,1598528047,1598528041,6
2020/8/27 18:33,1598527987,1598527939,48
2020/8/27 18:32,1598527927,1598527888,39
2020/8/27 18:31,1598527867,1598527827,40
2020/8/27 18:30,1598527807,1598527776,31
2020/8/27 18:29,1598527747,1598527705,42
2020/8/27 18:28,1598527687,1598527679,8
2020/8/27 18:27,1598527627,1598527624,3
2020/8/27 18:26,1598527567,1598527564,3
2020/8/27 18:25,1598527507,1598527507,0
2020/8/27 18:24,1598527447,1598527441,6
2020/8/27 18:23,1598527387,1598527360,27
2020/8/27 18:22,1598527327,1598527323,4
2020/8/27 18:21,1598527267,1598527207,60
2020/8/27 18:20,1598527207,1598527207,0
2020/8/27 18:19,1598527147,1598527147,0
2020/8/27 18:18,1598527087,1598527076,11
2020/8/27 18:17,1598527027,1598526963,64
2020/8/27 18:16,1598526967,1598526963,4
2020/8/27 18:15,1598526907,1598526861,46
2020/8/27 18:14,1598526847,1598526843,4
2020/8/27 18:13,1598526787,1598526700,87
2020/8/27 18:12,1598526727,1598526700,27
2020/8/27 18:11,1598526667,1598526638,29
2020/8/27 18:10,1598526607,1598526546,61
2020/8/27 18:09,1598526547,1598526546,1
2020/8/27 18:08,1598526487,1598526476,11
2020/8/27 18:07,1598526427,1598526416,11
2020/8/27 18:06,1598526367,1598526354,13
2020/8/27 18:05,1598526307,1598526261,46
2020/8/27 18:04,1598526247,1598526232,15
2020/8/27 18:03,1598526187,1598526154,33
2020/8/27 18:02,1598526127,1598526117,10
2020/8/27 18:01,1598526067,1598526066,1
2020/8/27 18:00,1598526007,1598525998,9
2020/8/27 17:59,1598525947,1598525935,12
2020/8/27 17:58,1598525887,1598525874,13
2020/8/27 17:57,1598525827,1598525824,3
2020/8/27 17:56,1598525767,1598525760,7
2020/8/27 17:55,1598525707,1598525651,56
2020/8/27 17:54,1598525647,1598525615,32
2020/8/27 17:53,1598525587,1598525551,36
2020/8/27 17:52,1598525527,1598525488,39
2020/8/27 17:51,1598525467,1598525437,30
2020/8/27 17:50,1598525407,1598525336,71
2020/8/27 17:49,1598525347,1598525336,11
2020/8/27 17:48,1598525287,1598525275,12
2020/8/27 17:47,1598525227,1598525214,13
2020/8/27 17:46,1598525167,1598525158,9
2020/8/27 17:45,1598525107,1598525044,63
2020/8/27 17:44,1598525047,1598525044,3
2020/8/27 17:43,1598524987,1598524987,0
2020/8/27 17:42,1598524927,1598524871,56
2020/8/27 17:41,1598524867,1598524861,6
2020/8/27 17:40,1598524807,1598524766,41
2020/8/27 17:39,1598524747,1598524719,28
2020/8/27 17:38,1598524687,1598524671,16
2020/8/27 17:37,1598524627,1598524624,3
2020/8/27 17:36,1598524567,1598524461,106
2020/8/27 17:35,1598524507,1598524461,46
2020/8/27 17:34,1598524447,1598524389,58
2020/8/27 17:33,1598524387,1598524308,79
2020/8/27 17:32,1598524327,1598524308,19
2020/8/27 17:31,1598524267,1598524260,7
2020/8/27 17:30,1598524207,1598524166,41
2020/8/27 17:29,1598524147,1598524119,28
2020/8/27 17:28,1598524087,1598524085,2
2020/8/27 17:27,1598524027,1598524026,1
2020/8/27 17:26,1598523967,1598523965,2
2020/8/27 17:25,1598523907,1598523892,15
2020/8/27 17:24,1598523847,1598523821,26
2020/8/27 17:23,1598523787,1598523786,1
2020/8/27 17:22,1598523727,1598523710,17
2020/8/27 17:21,1598523667,1598523648,19
2020/8/27 17:20,1598523607,1598523597,10
2020/8/27 17:19,1598523547,1598523495,52
2020/8/27 17:18,1598523487,1598523465,22
2020/8/27 17:17,1598523427,1598523421,6
2020/8/27 17:16,1598523367,1598523363,4
2020/8/27 17:15,1598523307,1598523292,15
2020/8/27 17:14,1598523247,1598523221,26
2020/8/27 17:13,1598523187,1598523172,15
2020/8/27 17:12,1598523127,1598523103,24
2020/8/27 17:11,1598523067,1598523067,0
2020/8/27 17:10,1598523007,1598522993,14
2020/8/27 17:09,1598522947,1598522947,0
2020/8/27 17:08,1598522887,1598522873,14
2020/8/27 17:07,1598522827,1598522778,49
2020/8/27 17:06,1598522767,1598522762,5
2020/8/27 17:05,1598522707,1598522693,14
2020/8/27 17:04,1598522647,1598522647,0
2020/8/27 17:03,1598522587,1598522560,27
2020/8/27 17:02,1598522527,1598522520,7
2020/8/27 17:01,1598522467,1598522449,18
2020/8/27 17:00,1598522407,1598522327,80
2020/8/27 16:59,1598522347,1598522327,20
2020/8/27 16:58,1598522287,1598522276,11
2020/8/27 16:57,1598522227,1598522185,42
2020/8/27 16:56,1598522167,1598522164,3
2020/8/27 16:55,1598522107,1598522103,4
2020/8/27 16:54,1598522047,1598522042,5
2020/8/27 16:53,1598521987,1598521910,77
2020/8/27 16:52,1598521927,1598521910,17
2020/8/27 16:51,1598521867,1598521849,18
2020/8/27 16:50,1598521807,1598521803,4
2020/8/27 16:49,1598521747,1598521747,0
2020/8/27 16:48,1598521687,1598521666,21
2020/8/27 16:47,1598521627,1598521612,15
2020/8/27 16:46,1598521567,1598521545,22
2020/8/27 16:45,1598521507,1598521503,4
2020/8/27 16:44,1598521447,1598521448,-1
2020/8/27 16:43,1598521387,1598521357,30
2020/8/27 16:42,1598521327,1598521319,8
2020/8/27 16:41,1598521267,1598521267,0
2020/8/27 16:40,1598521207,1598521207,0
2020/8/27 16:39,1598521147,1598521147,0
2020/8/27 16:38,1598521087,1598521086,1
2020/8/27 16:37,1598521027,1598521027,0
2020/8/27 16:36,1598520967,1598520963,4
2020/8/27 16:35,1598520907,1598520835,72
2020/8/27 16:34,1598520847,1598520835,12
2020/8/27 16:33,1598520787,1598520741,46
2020/8/27 16:32,1598520727,1598520651,76
2020/8/27 16:31,1598520667,1598520651,16
2020/8/27 16:30,1598520607,1598520578,29
2020/8/27 16:29,1598520547,1598520537,10
2020/8/27 16:28,1598520487,1598520466,21
2020/8/27 16:27,1598520428,1598520387,41
2020/8/27 16:26,1598520367,1598520342,25
2020/8/27 16:25,1598520307,1598520272,35
2020/8/27 16:24,1598520247,1598520241,6
2020/8/27 16:23,1598520187,1598520150,37
2020/8/27 16:22,1598520127,1598520099,28
2020/8/27 16:21,1598520067,1598520067,0
2020/8/27 16:20,1598520007,1598520006,1
2020/8/27 16:19,1598519947,1598519947,0
2020/8/27 16:18,1598519887,1598519862,25
2020/8/27 16:17,1598519827,1598519792,35
2020/8/27 16:16,1598519767,1598519721,46
2020/8/27 16:15,1598519707,1598519681,26
2020/8/27 16:14,1598519647,1598519579,68
2020/8/27 16:13,1598519587,1598519579,8
2020/8/27 16:12,1598519527,1598519488,39
2020/8/27 16:11,1598519467,1598519460,7
2020/8/27 16:10,1598519407,1598519375,32
2020/8/27 16:09,1598519347,1598519345,2
2020/8/27 16:08,1598519287,1598519274,13
2020/8/27 16:07,1598519227,1598519223,4
2020/8/27 16:06,1598519167,1598519157,10
2020/8/27 16:05,1598519107,1598519059,48
2020/8/27 16:04,1598519047,1598519039,8
2020/8/27 16:03,1598518987,1598518961,26
2020/8/27 16:02,1598518927,1598518928,-1
2020/8/27 16:01,1598518867,1598518865,2
2020/8/27 16:00,1598518807,1598518800,7
2020/8/27 15:59,1598518747,1598518714,33
2020/8/27 15:58,1598518687,1598518688,-1
2020/8/27 15:57,1598518627,1598518621,6
2020/8/27 15:56,1598518567,1598518567,0
2020/8/27 15:55,1598518507,1598518506,1
2020/8/27 15:54,1598518447,1598518421,26
2020/8/27 15:53,1598518387,1598518388,-1
2020/8/27 15:52,1598518327,1598518325,2
2020/8/27 15:51,1598518267,1598518263,4
2020/8/27 15:50,1598518207,1598518205,2
2020/8/27 15:49,1598518147,1598518147,0
2020/8/27 15:48,1598518087,1598518063,24
2020/8/27 15:47,1598518027,1598518002,25
2020/8/27 15:46,1598517967,1598513036,4931
2020/8/27 15:45,1598517907,1598513036,4871
2020/8/27 15:44,1598517847,1598513036,4811
2020/8/27 15:43,1598517787,1598513036,4751
2020/8/27 15:42,1598517727,1598513036,4691
2020/8/27 15:41,1598517667,1598513036,4631
2020/8/27 15:40,1598517607,1598513036,4571
2020/8/27 15:39,1598517547,1598513036,4511
2020/8/27 15:38,1598517487,1598513036,4451
2020/8/27 15:37,1598517427,1598513036,4391
2020/8/27 15:36,1598517367,1598513036,4331
2020/8/27 15:35,1598517307,1598513036,4271
2020/8/27 15:34,1598517247,1598513036,4211
2020/8/27 15:33,1598517187,1598513036,4151
2020/8/27 15:32,1598517127,1598513036,4091
2020/8/27 15:31,1598517067,1598513036,4031
2020/8/27 15:30,1598517007,1598513036,3971
2020/8/27 15:29,1598516947,1598513036,3911
2020/8/27 15:28,1598516887,1598513036,3851
2020/8/27 15:27,1598516827,1598513036,3791
2020/8/27 15:26,1598516767,1598513036,3731
2020/8/27 15:25,1598516707,1598513036,3671
2020/8/27 15:24,1598516647,1598513036,3611
2020/8/27 15:23,1598516587,1598513036,3551
2020/8/27 15:22,1598516527,1598513036,3491
2020/8/27 15:21,1598516467,1598513036,3431
2020/8/27 15:20,1598516407,1598513036,3371
2020/8/27 15:19,1598516347,1598513036,3311
2020/8/27 15:18,1598516287,1598513036,3251
2020/8/27 15:17,1598516227,1598513036,3191
2020/8/27 15:16,1598516167,1598513036,3131
2020/8/27 15:15,1598516108,1598513036,3072
2020/8/27 15:14,1598516047,1598513036,3011
2020/8/27 15:13,1598515987,1598513036,2951
2020/8/27 15:12,1598515927,1598513036,2891
2020/8/27 15:11,1598515867,1598513036,2831
2020/8/27 15:10,1598515807,1598513036,2771
2020/8/27 15:09,1598515747,1598513036,2711
2020/8/27 15:08,1598515687,1598513036,2651
2020/8/27 15:07,1598515627,1598513036,2591
2020/8/27 15:06,1598515567,1598513036,2531
2020/8/27 15:05,1598515507,1598513036,2471
2020/8/27 15:04,1598515447,1598513036,2411
2020/8/27 15:03,1598515387,1598513036,2351
2020/8/27 15:02,1598515327,1598513036,2291
2020/8/27 15:01,1598515267,1598513036,2231
2020/8/27 15:00,1598515207,1598513036,2171
2020/8/27 14:59,1598515147,1598513036,2111
2020/8/27 14:58,1598515087,1598513036,2051
2020/8/27 14:57,1598515027,1598513036,1991
2020/8/27 14:56,1598514967,1598513036,1931
2020/8/27 14:55,1598514907,1598513036,1871
2020/8/27 14:54,1598514847,1598513036,1811
2020/8/27 14:53,1598514787,1598513036,1751
2020/8/27 14:52,1598514727,1598513036,1691
2020/8/27 14:51,1598514667,1598513036,1631
2020/8/27 14:50,1598514607,1598513036,1571
2020/8/27 14:49,1598514547,1598513036,1511
2020/8/27 14:48,1598514487,1598513036,1451
2020/8/27 14:47,1598514427,1598513036,1391
2020/8/27 14:46,1598514367,1598513036,1331
2020/8/27 14:45,1598514307,1598513036,1271
2020/8/27 14:44,1598514247,1598513036,1211
2020/8/27 14:43,1598514187,1598513036,1151
2020/8/27 14:42,1598514127,1598513036,1091
2020/8/27 14:41,1598514067,1598513036,1031
2020/8/27 14:40,1598514007,1598513036,971
2020/8/27 14:39,1598513947,1598513036,911
2020/8/27 14:38,1598513887,1598513036,851
2020/8/27 14:37,1598513827,1598513036,791
2020/8/27 14:36,1598513767,1598513036,731
2020/8/27 14:35,1598513707,1598513036,671
2020/8/27 14:34,1598513647,1598513036,611
2020/8/27 14:33,1598513587,1598513036,551
2020/8/27 14:32,1598513527,1598513036,491
2020/8/27 14:31,1598513467,1598513036,431
2020/8/27 14:30,1598513407,1598513036,371
2020/8/27 14:29,1598513347,1598513036,311
2020/8/27 14:28,1598513287,1598513036,251
2020/8/27 14:27,1598513227,1598513036,191
2020/8/27 14:26,1598513167,1598513036,131
2020/8/27 14:25,1598513107,1598513036,71
2020/8/27 14:24,1598513047,1598513036,11
2020/8/27 14:23,1598512987,1598512920,67
2020/8/27 14:22,1598512927,1598512920,7
2020/8/27 14:21,1598512867,1598512852,15
2020/8/27 14:20,1598512807,1598512788,19
2020/8/27 14:19,1598512747,1598512741,6
2020/8/27 14:18,1598512687,1598512686,1
2020/8/27 14:17,1598512627,1598512603,24
2020/8/27 14:16,1598512567,1598512561,6
2020/8/27 14:15,1598512507,1598512505,2
2020/8/27 14:14,1598512447,1598512381,66
2020/8/27 14:13,1598512387,1598512381,6
2020/8/27 14:12,1598512327,1598512283,44
2020/8/27 14:11,1598512267,1598512249,18
2020/8/27 14:10,1598512207,1598512205,2
2020/8/27 14:09,1598512147,1598512098,49
2020/8/27 14:08,1598512087,1598512087,0
2020/8/27 14:07,1598512027,1598512024,3
2020/8/27 14:06,1598511967,1598511934,33
2020/8/27 14:05,1598511907,1598511883,24
2020/8/27 14:04,1598511847,1598511792,55
2020/8/27 14:03,1598511787,1598511711,76
2020/8/27 14:02,1598511727,1598511711,16
2020/8/27 14:01,1598511667,1598511657,10
2020/8/27 14:00,1598511607,1598511600,7
2020/8/27 13:59,1598511547,1598511535,12
2020/8/27 13:58,1598511487,1598511487,0
2020/8/27 13:57,1598511427,1598511396,31
2020/8/27 13:56,1598511367,1598511357,10
2020/8/27 13:55,1598511307,1598511304,3
2020/8/27 13:54,1598511247,1598511236,11
2020/8/27 13:53,1598511187,1598511172,15
2020/8/27 13:52,1598511127,1598511128,-1
2020/8/27 13:51,1598511067,1598511063,4
2020/8/27 13:50,1598511007,1598511005,2
2020/8/27 13:49,1598510947,1598510947,0
2020/8/27 13:48,1598510887,1598510858,29
2020/8/27 13:47,1598510827,1598510828,-1
2020/8/27 13:46,1598510767,1598510757,10
2020/8/27 13:45,1598510707,1598510655,52
2020/8/27 13:44,1598510647,1598510634,13
2020/8/27 13:43,1598510587,1598510583,4
2020/8/27 13:42,1598510527,1598510524,3
2020/8/27 13:41,1598510467,1598510441,26
2020/8/27 13:40,1598510407,1598510370,37
2020/8/27 13:39,1598510347,1598510348,-1
2020/8/27 13:38,1598510287,1598510268,19
2020/8/27 13:37,1598510227,1598510215,12
2020/8/27 13:36,1598510167,1598510116,51
2020/8/27 13:35,1598510107,1598510105,2
2020/8/27 13:34,1598510047,1598510030,17
2020/8/27 13:33,1598509987,1598509923,64
2020/8/27 13:32,1598509927,1598509923,4
2020/8/27 13:31,1598509867,1598509841,26
2020/8/27 13:30,1598509807,1598509781,26
2020/8/27 13:29,1598509747,1598509709,38
2020/8/27 13:28,1598509687,1598509688,-1
2020/8/27 13:27,1598509627,1598509611,16
2020/8/27 13:26,1598509567,1598509557,10
2020/8/27 13:25,1598509507,1598509494,13
2020/8/27 13:24,1598509447,1598509435,12
2020/8/27 13:23,1598509387,1598509385,2
2020/8/27 13:22,1598509327,1598509324,3
2020/8/27 13:21,1598509267,1598509267,0
2020/8/27 13:20,1598509207,1598509203,4
2020/8/27 13:19,1598509147,1598509129,18
2020/8/27 13:18,1598509087,1598509076,11
2020/8/27 13:17,1598509027,1598509004,23
2020/8/27 13:16,1598508967,1598508963,4
2020/8/27 13:15,1598508907,1598508907,0
2020/8/27 13:14,1598508847,1598508816,31
2020/8/27 13:13,1598508787,1598508734,53
2020/8/27 13:12,1598508727,1598508695,32
2020/8/27 13:11,1598508667,1598508643,24
2020/8/27 13:10,1598508607,1598508570,37
2020/8/27 13:09,1598508547,1598508541,6
2020/8/27 13:08,1598508487,1598508480,7
2020/8/27 13:07,1598508427,1598508428,-1
2020/8/27 13:06,1598508367,1598508315,52
2020/8/27 13:05,1598508307,1598508306,1
2020/8/27 13:04,1598508247,1598508213,34
2020/8/27 13:03,1598508187,1598508186,1
2020/8/27 13:02,1598508127,1598508123,4
2020/8/27 13:01,1598508067,1598508038,29
2020/8/27 13:00,1598508007,1598507990,17
2020/8/27 12:59,1598507947,1598507946,1
2020/8/27 12:58,1598507887,1598507859,28
2020/8/27 12:57,1598507827,1598507767,60
2020/8/27 12:56,1598507767,1598507767,0
2020/8/27 12:55,1598507707,1598507686,21
2020/8/27 12:54,1598507647,1598507615,32
2020/8/27 12:53,1598507587,1598507588,-1
2020/8/27 12:52,1598507527,1598507514,13
2020/8/27 12:51,1598507467,1598507468,-1
2020/8/27 12:50,1598507407,1598507407,0
2020/8/27 12:49,1598507347,1598507331,16
2020/8/27 12:48,1598507287,1598507270,17
2020/8/27 12:47,1598507227,1598507222,5
2020/8/27 12:46,1598507167,1598507149,18
2020/8/27 12:45,1598507107,1598507066,41
2020/8/27 12:44,1598507047,1598506874,173
2020/8/27 12:43,1598506987,1598506874,113
2020/8/27 12:42,1598506927,1598506874,53
2020/8/27 12:41,1598506867,1598506772,95
2020/8/27 12:40,1598506807,1598506772,35
2020/8/27 12:39,1598506747,1598506720,27
2020/8/27 12:38,1598506687,1598506685,2
2020/8/27 12:37,1598506627,1598506508,119
2020/8/27 12:36,1598506567,1598506508,59
2020/8/27 12:35,1598506507,1598506487,20
2020/8/27 12:34,1598506447,1598506397,50
2020/8/27 12:33,1598506387,1598506366,21
2020/8/27 12:32,1598506327,1598506315,12
2020/8/27 12:31,1598506267,1598506264,3
2020/8/27 12:30,1598506207,1598506173,34
2020/8/27 12:29,1598506147,1598506132,15
2020/8/27 12:28,1598506087,1598506086,1
2020/8/27 12:27,1598506027,1598506010,17
2020/8/27 12:26,1598505967,1598505958,9
2020/8/27 12:25,1598505907,1598505867,40
2020/8/27 12:24,1598505847,1598505847,0
2020/8/27 12:23,1598505787,1598505755,32
2020/8/27 12:22,1598505727,1598505623,104
2020/8/27 12:21,1598505667,1598505623,44
2020/8/27 12:20,1598505607,1598505593,14
2020/8/27 12:19,1598505547,1598505501,46
2020/8/27 12:18,1598505487,1598505433,54
2020/8/27 12:17,1598505427,1598505409,18
2020/8/27 12:16,1598505367,1598505338,29
2020/8/27 12:15,1598505307,1598505259,48
2020/8/27 12:14,1598505247,1598505247,0
2020/8/27 12:13,1598505187,1598505144,43
2020/8/27 12:12,1598505127,1598505095,32
2020/8/27 12:11,1598505067,1598505044,23
2020/8/27 12:10,1598505007,1598504996,11
2020/8/27 12:09,1598504947,1598504896,51
2020/8/27 12:08,1598504887,1598504868,19
2020/8/27 12:07,1598504827,1598504759,68
2020/8/27 12:06,1598504767,1598504759,8
2020/8/27 12:05,1598504707,1598504705,2
2020/8/27 12:04,1598504647,1598504637,10
2020/8/27 12:03,1598504587,1598504520,67
2020/8/27 12:02,1598504527,1598504520,7
2020/8/27 12:01,1598504467,1598504462,5
2020/8/27 12:00,1598504407,1598504363,44
2020/8/27 11:59,1598504347,1598504297,50
2020/8/27 11:58,1598504287,1598504287,0
2020/8/27 11:57,1598504227,1598504225,2
2020/8/27 11:56,1598504167,1598504087,80
2020/8/27 11:55,1598504107,1598504087,20
2020/8/27 11:54,1598504047,1598503955,92
2020/8/27 11:53,1598503987,1598503955,32
2020/8/27 11:52,1598503927,1598503921,6
2020/8/27 11:51,1598503867,1598503862,5
2020/8/27 11:50,1598503807,1598503785,22
2020/8/27 11:49,1598503747,1598503731,16
2020/8/27 11:48,1598503687,1598503680,7
2020/8/27 11:47,1598503627,1598503611,16
2020/8/27 11:46,1598503567,1598503563,4
2020/8/27 11:45,1598503507,1598503496,11
2020/8/27 11:44,1598503447,1598503375,72
2020/8/27 11:43,1598503387,1598503375,12
2020/8/27 11:42,1598503327,1598503324,3
2020/8/27 11:41,1598503267,1598503245,22
2020/8/27 11:40,1598503207,1598503141,66
2020/8/27 11:39,1598503147,1598503141,6
2020/8/27 11:38,1598503087,1598503080,7
2020/8/27 11:37,1598503027,1598502937,90
2020/8/27 11:36,1598502967,1598502937,30
2020/8/27 11:35,1598502907,1598502765,142
2020/8/27 11:34,1598502847,1598502765,82
2020/8/27 11:33,1598502787,1598502765,22
2020/8/27 11:32,1598502727,1598502684,43
2020/8/27 11:31,1598502667,1598502522,145
2020/8/27 11:30,1598502607,1598502522,85
2020/8/27 11:29,1598502547,1598502522,25
2020/8/27 11:28,1598502487,1598502484,3
2020/8/27 11:27,1598502427,1598502414,13
2020/8/27 11:26,1598502367,1598502236,131
2020/8/27 11:25,1598502307,1598502236,71
2020/8/27 11:24,1598502247,1598502236,11
2020/8/27 11:23,1598502187,1598502186,1
2020/8/27 11:22,1598502127,1598502115,12
2020/8/27 11:21,1598502067,1598502041,26
2020/8/27 11:20,1598502007,1598502008,-1
2020/8/27 11:19,1598501947,1598501942,5
2020/8/27 11:18,1598501887,1598501851,36
2020/8/27 11:17,1598501827,1598501764,63
2020/8/27 11:16,1598501767,1598501764,3
2020/8/27 11:15,1598501707,1598501617,90
2020/8/27 11:14,1598501647,1598501617,30
2020/8/27 11:13,1598501587,1598501569,18
2020/8/27 11:12,1598501527,1598501515,12
2020/8/27 11:11,1598501467,1598501453,14
2020/8/27 11:10,1598501407,1598501383,24
2020/8/27 11:09,1598501347,1598501322,25
2020/8/27 11:08,1598501287,1598501274,13
2020/8/27 11:07,1598501227,1598501228,-1
2020/8/27 11:06,1598501167,1598501154,13
2020/8/27 11:05,1598501107,1598501075,32
2020/8/27 11:04,1598501047,1598501038,9
2020/8/27 11:03,1598500987,1598500946,41
2020/8/27 11:02,1598500927,1598500915,12
2020/8/27 11:01,1598500867,1598500822,45
2020/8/27 11:00,1598500807,1598500789,18
2020/8/27 10:59,1598500747,1598500742,5
2020/8/27 10:58,1598500687,1598500681,6
2020/8/27 10:57,1598500627,1598500610,17
2020/8/27 10:56,1598500567,1598500488,79
2020/8/27 10:55,1598500507,1598500488,19
2020/8/27 10:54,1598500448,1598500439,9
2020/8/27 10:53,1598500387,1598500335,52
2020/8/27 10:52,1598500327,1598500285,42
2020/8/27 10:51,1598500267,1598500254,13
2020/8/27 10:50,1598500207,1598500208,-1
2020/8/27 10:49,1598500147,1598500119,28
2020/8/27 10:48,1598500087,1598500081,6
2020/8/27 10:47,1598500027,1598500020,7
2020/8/27 10:46,1598499967,1598499961,6
2020/8/27 10:45,1598499907,1598499887,20
2020/8/27 10:44,1598499847,1598499836,11
2020/8/27 10:43,1598499787,1598499770,17
2020/8/27 10:42,1598499727,1598499653,74
2020/8/27 10:41,1598499667,1598499653,14
2020/8/27 10:40,1598499607,1598499581,26
2020/8/27 10:39,1598499547,1598499490,57
2020/8/27 10:38,1598499487,1598499480,7
2020/8/27 10:37,1598499427,1598499422,5
2020/8/27 10:36,1598499367,1598499307,60
2020/8/27 10:35,1598499307,1598499307,0
2020/8/27 10:34,1598499247,1598499226,21
2020/8/27 10:33,1598499187,1598499176,11
2020/8/27 10:32,1598499127,1598499124,3
2020/8/27 10:31,1598499067,1598498959,108
2020/8/27 10:30,1598499007,1598498959,48
2020/8/27 10:29,1598498947,1598498942,5
2020/8/27 10:28,1598498887,1598498886,1
2020/8/27 10:27,1598498827,1598498708,119
2020/8/27 10:26,1598498767,1598498708,59
2020/8/27 10:25,1598498707,1598498647,60
2020/8/27 10:24,1598498647,1598498647,0
2020/8/27 10:23,1598498587,1598498580,7
2020/8/27 10:22,1598498527,1598498525,2
2020/8/27 10:21,1598498467,1598498433,34
2020/8/27 10:20,1598498407,1598498405,2
2020/8/27 10:19,1598498347,1598498341,6
2020/8/27 10:18,1598498287,1598498279,8
2020/8/27 10:17,1598498227,1598498188,39
2020/8/27 10:16,1598498167,1598498148,19
2020/8/27 10:15,1598498107,1598498056,51
2020/8/27 10:14,1598498047,1598497944,103
2020/8/27 10:13,1598497987,1598497944,43
2020/8/27 10:12,1598497927,1598497890,37
2020/8/27 10:11,1598497867,1598497822,45
2020/8/27 10:10,1598497807,1598497740,67
2020/8/27 10:09,1598497747,1598497740,7
2020/8/27 10:08,1598497687,1598497660,27
2020/8/27 10:07,1598497627,1598497599,28
2020/8/27 10:06,1598497567,1598497567,0
2020/8/27 10:05,1598497507,1598497480,27
2020/8/27 10:04,1598497447,1598497445,2
2020/8/27 10:03,1598497387,1598497364,23
2020/8/27 10:02,1598497327,1598497322,5
2020/8/27 10:01,1598497267,1598497266,1
2020/8/27 10:00,1598497207,1598497186,21
2020/8/27 09:59,1598497147,1598497140,7
2020/8/27 09:58,1598497087,1598496947,140
2020/8/27 09:57,1598497027,1598496947,80
2020/8/27 09:56,1598496967,1598496947,20
2020/8/27 09:55,1598496908,1598496907,1
2020/8/27 09:54,1598496847,1598496846,1
2020/8/27 09:53,1598496787,1598496785,2
2020/8/27 09:52,1598496727,1598496704,23
2020/8/27 09:51,1598496667,1598496663,4
2020/8/27 09:50,1598496607,1598496602,5
2020/8/27 09:49,1598496547,1598496531,16
2020/8/27 09:48,1598496487,1598496470,17
2020/8/27 09:47,1598496427,1598496427,0
2020/8/27 09:46,1598496367,1598496366,1
2020/8/27 09:45,1598496307,1598496278,29
2020/8/27 09:44,1598496247,1598496229,18
2020/8/27 09:43,1598496187,1598496185,2
2020/8/27 09:42,1598496127,1598496128,-1
2020/8/27 09:41,1598496067,1598496063,4
2020/8/27 09:40,1598496007,1598496002,5
2020/8/27 09:39,1598495947,1598495931,16
2020/8/27 09:38,1598495887,1598495869,18
2020/8/27 09:37,1598495827,1598495819,8
2020/8/27 09:36,1598495767,1598495768,-1
2020/8/27 09:35,1598495707,1598495702,5
2020/8/27 09:34,1598495647,1598495646,1
2020/8/27 09:33,1598495587,1598495575,12
2020/8/27 09:32,1598495527,1598495443,84
2020/8/27 09:31,1598495467,1598495443,24
2020/8/27 09:30,1598495407,1598495402,5
2020/8/27 09:29,1598495347,1598495341,6
2020/8/27 09:28,1598495287,1598495281,6
2020/8/27 09:27,1598495227,1598495224,3
2020/8/27 09:26,1598495167,1598495108,59
2020/8/27 09:25,1598495107,1598495108,-1
2020/8/27 09:24,1598495047,1598495045,2
2020/8/27 09:23,1598494987,1598494970,17
2020/8/27 09:22,1598494927,1598494922,5
2020/8/27 09:21,1598494867,1598494864,3
2020/8/27 09:20,1598494807,1598494783,24
2020/8/27 09:19,1598494747,1598494732,15
2020/8/27 09:18,1598494687,1598494648,39
2020/8/27 09:17,1598494627,1598494610,17
2020/8/27 09:16,1598494567,1598494427,140
2020/8/27 09:15,1598494507,1598494427,80
2020/8/27 09:14,1598494447,1598494427,20
2020/8/27 09:13,1598494387,1598494180,207
2020/8/27 09:12,1598494327,1598494180,147
2020/8/27 09:11,1598494267,1598494180,87
2020/8/27 09:10,1598494207,1598494180,27
2020/8/27 09:09,1598494147,1598493976,171
2020/8/27 09:08,1598494087,1598493976,111
2020/8/27 09:07,1598494027,1598493976,51
2020/8/27 09:06,1598493967,1598493781,186
2020/8/27 09:05,1598493907,1598493781,126
2020/8/27 09:04,1598493847,1598493781,66
2020/8/27 09:03,1598493787,1598493781,6
2020/8/27 09:02,1598493727,1598493688,39
2020/8/27 09:01,1598493667,1598493658,9
2020/8/27 09:00,1598493607,1598493605,2
2020/8/27 08:59,1598493547,1598493544,3
2020/8/27 08:58,1598493487,1598493488,-1
2020/8/27 08:57,1598493427,1598493411,16
2020/8/27 08:56,1598493367,1598493360,7
2020/8/27 08:55,1598493307,1598493280,27
2020/8/27 08:54,1598493247,1598493229,18
2020/8/27 08:53,1598493187,1598493177,10
2020/8/27 08:52,1598493127,1598493117,10
2020/8/27 08:51,1598493067,1598493045,22
2020/8/27 08:50,1598493007,1598492954,53
2020/8/27 08:49,1598492947,1598492934,13
2020/8/27 08:48,1598492887,1598492883,4
2020/8/27 08:47,1598492827,1598492792,35
2020/8/27 08:46,1598492767,1598492733,34
2020/8/27 08:45,1598492707,1598492702,5
2020/8/27 08:44,1598492647,1598492639,8
2020/8/27 08:43,1598492587,1598492558,29
2020/8/27 08:42,1598492527,1598492486,41
2020/8/27 08:41,1598492467,1598492435,32
2020/8/27 08:40,1598492407,1598492391,16
2020/8/27 08:39,1598492347,1598492324,23
2020/8/27 08:38,1598492287,1598492283,4
2020/8/27 08:37,1598492227,1598492212,15
2020/8/27 08:36,1598492167,1598492062,105
2020/8/27 08:35,1598492108,1598492062,46
2020/8/27 08:34,1598492047,1598492009,38
2020/8/27 08:33,1598491987,1598491958,29
2020/8/27 08:32,1598491927,1598491913,14
2020/8/27 08:31,1598491867,1598491857,10
2020/8/27 08:30,1598491807,1598491776,31
2020/8/27 08:29,1598491747,1598491735,12
2020/8/27 08:28,1598491687,1598491543,144
2020/8/27 08:27,1598491627,1598491543,84
2020/8/27 08:26,1598491567,1598491543,24
2020/8/27 08:25,1598491507,1598491507,0
2020/8/27 08:24,1598491447,1598491369,78
2020/8/27 08:23,1598491387,1598491369,18
2020/8/27 08:22,1598491327,1598491267,60
2020/8/27 08:21,1598491267,1598491267,0
2020/8/27 08:20,1598491207,1598491183,24
2020/8/27 08:19,1598491147,1598491141,6
2020/8/27 08:18,1598491087,1598491053,34
2020/8/27 08:17,1598491027,1598491003,24
2020/8/27 08:16,1598490967,1598490962,5
2020/8/27 08:15,1598490907,1598490900,7
2020/8/27 08:14,1598490847,1598490819,28
2020/8/27 08:13,1598490787,1598490779,8
2020/8/27 08:12,1598490727,1598490724,3
2020/8/27 08:11,1598490667,1598490657,10
2020/8/27 08:10,1598490607,1598490605,2
2020/8/27 08:09,1598490547,1598490524,23
2020/8/27 08:08,1598490487,1598490473,14
2020/8/27 08:07,1598490427,1598490166,261
2020/8/27 08:06,1598490367,1598490166,201
2020/8/27 08:05,1598490307,1598490166,141
2020/8/27 08:04,1598490247,1598490166,81
2020/8/27 08:03,1598490187,1598490166,21
2020/8/27 08:02,1598490127,1598490125,2
2020/8/27 08:01,1598490067,1598490065,2
2020/8/27 08:00,1598490007,1598490005,2
2020/8/27 07:59,1598489947,1598489926,21
2020/8/27 07:58,1598489887,1598489869,18
2020/8/27 07:57,1598489827,1598489827,0
2020/8/27 07:56,1598489767,1598489757,10
2020/8/27 07:55,1598489707,1598489668,39
2020/8/27 07:54,1598489647,1598489627,20
2020/8/27 07:53,1598489587,1598489586,1
2020/8/27 07:52,1598489527,1598489500,27
2020/8/27 07:51,1598489467,1598489454,13
2020/8/27 07:50,1598489407,1598489394,13
2020/8/27 07:49,1598489347,1598489262,85
2020/8/27 07:48,1598489287,1598489262,25
2020/8/27 07:47,1598489227,1598489198,29
2020/8/27 07:46,1598489167,1598489163,4
2020/8/27 07:45,1598489107,1598489101,6
2020/8/27 07:44,1598489047,1598489037,10
2020/8/27 07:43,1598488987,1598488986,1
2020/8/27 07:42,1598488927,1598488905,22
2020/8/27 07:41,1598488867,1598488811,56
2020/8/27 07:40,1598488807,1598488796,11
2020/8/27 07:39,1598488747,1598488743,4
2020/8/27 07:38,1598488687,1598488682,5
2020/8/27 07:37,1598488627,1598488580,47
2020/8/27 07:36,1598488567,1598488530,37
2020/8/27 07:35,1598488507,1598488453,54
2020/8/27 07:34,1598488447,1598488397,50
2020/8/27 07:33,1598488387,1598488366,21
2020/8/27 07:32,1598488327,1598488238,89
2020/8/27 07:31,1598488267,1598488238,29
2020/8/27 07:30,1598488207,1598488153,54
2020/8/27 07:29,1598488147,1598488113,34
2020/8/27 07:28,1598488087,1598488071,16
2020/8/27 07:27,1598488027,1598487980,47
2020/8/27 07:26,1598487967,1598487964,3
2020/8/27 07:25,1598487907,1598487889,18
2020/8/27 07:24,1598487847,1598487818,29
2020/8/27 07:23,1598487787,1598487777,10
2020/8/27 07:22,1598487727,1598487685,42
2020/8/27 07:21,1598487667,1598487656,11
2020/8/27 07:20,1598487607,1598487590,17
2020/8/27 07:19,1598487547,1598487543,4
2020/8/27 07:18,1598487487,1598487391,96
2020/8/27 07:17,1598487427,1598487391,36
2020/8/27 07:16,1598487367,1598487334,33
2020/8/27 07:15,1598487307,1598487293,14
2020/8/27 07:14,1598487247,1598487238,9
2020/8/27 07:13,1598487187,1598487167,20
2020/8/27 07:12,1598487127,1598487035,92
2020/8/27 07:11,1598487067,1598487035,32
2020/8/27 07:10,1598487007,1598486283,724
2020/8/27 07:09,1598486947,1598486283,664
2020/8/27 07:08,1598486887,1598486283,604
2020/8/27 07:07,1598486827,1598486283,544
2020/8/27 07:06,1598486767,1598486283,484
2020/8/27 07:05,1598486707,1598486283,424
2020/8/27 07:04,1598486647,1598486283,364
2020/8/27 07:03,1598486587,1598486283,304
2020/8/27 07:02,1598486527,1598486283,244
2020/8/27 07:01,1598486467,1598486283,184
2020/8/27 07:00,1598486407,1598486283,124
2020/8/27 06:59,1598486347,1598486283,64
2020/8/27 06:58,1598486287,1598486283,4
2020/8/27 06:57,1598486227,1598486069,158
2020/8/27 06:56,1598486168,1598486069,99
2020/8/27 06:55,1598486107,1598486069,38
2020/8/27 06:54,1598486047,1598485978,69
2020/8/27 06:53,1598485987,1598485978,9
2020/8/27 06:52,1598485927,1598485693,234
2020/8/27 06:51,1598485867,1598485693,174
2020/8/27 06:50,1598485807,1598485693,114
2020/8/27 06:49,1598485747,1598485693,54
2020/8/27 06:48,1598485687,1598485542,145
2020/8/27 06:47,1598485627,1598485542,85
2020/8/27 06:46,1598485567,1598485542,25
2020/8/27 06:45,1598485508,1598485278,230
2020/8/27 06:44,1598485447,1598485278,169
2020/8/27 06:43,1598485387,1598485278,109
2020/8/27 06:42,1598485327,1598485278,49
2020/8/27 06:41,1598485267,1598485111,156
2020/8/27 06:40,1598485207,1598485111,96
2020/8/27 06:39,1598485147,1598485111,36
2020/8/27 06:38,1598485087,1598485022,65
2020/8/27 06:37,1598485027,1598485022,5
2020/8/27 06:36,1598484967,1598484890,77
2020/8/27 06:35,1598484907,1598484890,17
2020/8/27 06:34,1598484847,1598484769,78
2020/8/27 06:33,1598484787,1598484769,18
2020/8/27 06:32,1598484727,1598484718,9
2020/8/27 06:31,1598484667,1598484667,0
2020/8/27 06:30,1598484607,1598484607,0
2020/8/27 06:29,1598484547,1598484534,13
2020/8/27 06:28,1598484487,1598484463,24
2020/8/27 06:27,1598484428,1598484372,56
2020/8/27 06:26,1598484367,1598484290,77
2020/8/27 06:25,1598484307,1598484290,17
2020/8/27 06:24,1598484247,1598484219,28
2020/8/27 06:23,1598484187,1598484117,70
2020/8/27 06:22,1598484127,1598484117,10
2020/8/27 06:21,1598484067,1598484036,31
2020/8/27 06:20,1598484007,1598483995,12
2020/8/27 06:19,1598483947,1598483924,23
2020/8/27 06:18,1598483887,1598483883,4
2020/8/27 06:17,1598483827,1598483782,45
2020/8/27 06:16,1598483767,1598483735,32
2020/8/27 06:15,1598483707,1598483619,88
2020/8/27 06:14,1598483647,1598483619,28
2020/8/27 06:13,1598483587,1598483556,31
2020/8/27 06:12,1598483527,1598483485,42
2020/8/27 06:11,1598483467,1598483403,64
2020/8/27 06:10,1598483407,1598483403,4
2020/8/27 06:09,1598483347,1598483344,3
2020/8/27 06:08,1598483287,1598483281,6
2020/8/27 06:07,1598483227,1598483200,27
2020/8/27 06:06,1598483167,1598483129,38
2020/8/27 06:05,1598483107,1598483089,18
2020/8/27 06:04,1598483047,1598483038,9
2020/8/27 06:03,1598482987,1598482957,30
2020/8/27 06:02,1598482927,1598482923,4
2020/8/27 06:01,1598482867,1598482834,33
2020/8/27 06:00,1598482807,1598482768,39
2020/8/27 05:59,1598482747,1598482722,25
2020/8/27 05:58,1598482687,1598482611,76
2020/8/27 05:57,1598482627,1598482611,16
2020/8/27 05:56,1598482567,1598482545,22
2020/8/27 05:55,1598482507,1598482397,110
2020/8/27 05:54,1598482447,1598482397,50
2020/8/27 05:53,1598482387,1598482336,51
2020/8/27 05:52,1598482327,1598482274,53
2020/8/27 05:51,1598482267,1598482259,8
2020/8/27 05:50,1598482207,1598482153,54
2020/8/27 05:49,1598482148,1598482102,46
2020/8/27 05:48,1598482087,1598482083,4
2020/8/27 05:47,1598482027,1598481949,78
2020/8/27 05:46,1598481967,1598481949,18
2020/8/27 05:45,1598481907,1598481907,0
2020/8/27 05:44,1598481847,1598481842,5
2020/8/27 05:43,1598481787,1598481716,71
2020/8/27 05:42,1598481727,1598481716,11
2020/8/27 05:41,1598481667,1598481665,2
2020/8/27 05:40,1598481607,1598481603,4
2020/8/27 05:39,1598481547,1598481543,4
2020/8/27 05:38,1598481487,1598481421,66
2020/8/27 05:37,1598481427,1598481421,6
2020/8/27 05:36,1598481367,1598481339,28
2020/8/27 05:35,1598481307,1598481248,59
2020/8/27 05:34,1598481247,1598481248,-1
2020/8/27 05:33,1598481187,1598481085,102
2020/8/27 05:32,1598481127,1598481085,42
2020/8/27 05:31,1598481067,1598480995,72
2020/8/27 05:30,1598481007,1598480995,12
2020/8/27 05:29,1598480947,1598480939,8
2020/8/27 05:28,1598480887,1598480882,5
2020/8/27 05:27,1598480827,1598480810,17
2020/8/27 05:26,1598480767,1598480749,18
2020/8/27 05:25,1598480707,1598480691,16
2020/8/27 05:24,1598480647,1598480648,-1
2020/8/27 05:23,1598480587,1598480546,41
2020/8/27 05:22,1598480527,1598480424,103
2020/8/27 05:21,1598480467,1598480424,43
2020/8/27 05:20,1598480407,1598480404,3
2020/8/27 05:19,1598480347,1598480343,4
2020/8/27 05:18,1598480287,1598480271,16
2020/8/27 05:17,1598480227,1598480220,7
2020/8/27 05:16,1598480167,1598480118,49
2020/8/27 05:15,1598480107,1598480048,59
2020/8/27 05:14,1598480047,1598480047,0
2020/8/27 05:13,1598479987,1598479982,5
2020/8/27 05:12,1598479927,1598479884,43
2020/8/27 05:11,1598479867,1598479843,24
2020/8/27 05:10,1598479807,1598479794,13
2020/8/27 05:09,1598479747,1598479660,87
2020/8/27 05:08,1598479687,1598479660,27
2020/8/27 05:07,1598479627,1598479599,28
2020/8/27 05:06,1598479567,1598479497,70
2020/8/27 05:05,1598479507,1598479497,10
2020/8/27 05:04,1598479447,1598479405,42
2020/8/27 05:03,1598479387,1598479355,32
2020/8/27 05:02,1598479327,1598479304,23
2020/8/27 05:01,1598479267,1598479205,62
2020/8/27 05:00,1598479207,1598479205,2
2020/8/27 04:59,1598479147,1598479111,36
2020/8/27 04:58,1598479087,1598479086,1
2020/8/27 04:57,1598479027,1598479019,8
2020/8/27 04:56,1598478967,1598478941,26
2020/8/27 04:55,1598478907,1598478876,31
2020/8/27 04:54,1598478847,1598478836,11
2020/8/27 04:53,1598478787,1598478760,27
2020/8/27 04:52,1598478727,1598478693,34
2020/8/27 04:51,1598478667,1598478659,8
2020/8/27 04:50,1598478607,1598478572,35
2020/8/27 04:49,1598478547,1598478541,6
2020/8/27 04:48,1598478487,1598478480,7
2020/8/27 04:47,1598478427,1598478419,8
2020/8/27 04:46,1598478367,1598478315,52
2020/8/27 04:45,1598478307,1598478275,32
2020/8/27 04:44,1598478247,1598478247,0
2020/8/27 04:43,1598478187,1598478163,24
2020/8/27 04:42,1598478127,1598478123,4
2020/8/27 04:41,1598478067,1598478045,22
2020/8/27 04:40,1598478007,1598477998,9
2020/8/27 04:39,1598477947,1598477938,9
2020/8/27 04:38,1598477887,1598477888,-1
2020/8/27 04:37,1598477827,1598477819,8
2020/8/27 04:36,1598477767,1598477767,0
2020/8/27 04:35,1598477707,1598477700,7
2020/8/27 04:34,1598477647,1598477642,5
2020/8/27 04:33,1598477587,1598477582,5
2020/8/27 04:32,1598477527,1598477480,47
2020/8/27 04:31,1598477467,1598477465,2
2020/8/27 04:30,1598477407,1598477407,0
2020/8/27 04:29,1598477347,1598477337,10
2020/8/27 04:28,1598477287,1598477286,1
2020/8/27 04:27,1598477227,1598477226,1
2020/8/27 04:26,1598477167,1598477123,44
2020/8/27 04:25,1598477107,1598477021,86
2020/8/27 04:24,1598477047,1598477021,26
2020/8/27 04:23,1598476987,1598476879,108
2020/8/27 04:22,1598476927,1598476879,48
2020/8/27 04:21,1598476867,1598476818,49
2020/8/27 04:20,1598476807,1598476746,61
2020/8/27 04:19,1598476747,1598476746,1
2020/8/27 04:18,1598476687,1598476683,4
2020/8/27 04:17,1598476627,1598476625,2
2020/8/27 04:16,1598476567,1598476502,65
2020/8/27 04:15,1598476507,1598476502,5
2020/8/27 04:14,1598476447,1598476340,107
2020/8/27 04:13,1598476387,1598476340,47
2020/8/27 04:12,1598476327,1598476305,22
2020/8/27 04:11,1598476267,1598476241,26
2020/8/27 04:10,1598476207,1598476207,0
2020/8/27 04:09,1598476147,1598475993,154
2020/8/27 04:08,1598476087,1598475993,94
2020/8/27 04:07,1598476027,1598475993,34
2020/8/27 04:06,1598475967,1598475902,65
2020/8/27 04:05,1598475907,1598475902,5
2020/8/27 04:04,1598475847,1598475800,47
2020/8/27 04:03,1598475787,1598475739,48
2020/8/27 04:02,1598475727,1598475708,19
2020/8/27 04:01,1598475667,1598475667,0
2020/8/27 04:00,1598475607,1598475586,21
2020/8/27 03:59,1598475547,1598475515,32
2020/8/27 03:58,1598475487,1598475476,11
2020/8/27 03:57,1598475427,1598475402,25
2020/8/27 03:56,1598475367,1598475301,66
2020/8/27 03:55,1598475307,1598475301,6
2020/8/27 03:54,1598475247,1598475230,17
2020/8/27 03:53,1598475187,1598475118,69
2020/8/27 03:52,1598475127,1598475118,9
2020/8/27 03:51,1598475067,1598475006,61
2020/8/27 03:50,1598475007,1598475006,1
2020/8/27 03:49,1598474947,1598474935,12
2020/8/27 03:48,1598474887,1598474854,33
2020/8/27 03:47,1598474827,1598474793,34
2020/8/27 03:46,1598474767,1598474742,25
2020/8/27 03:45,1598474707,1598474701,6
2020/8/27 03:44,1598474647,1598474569,78
2020/8/27 03:43,1598474587,1598474569,18
2020/8/27 03:42,1598474527,1598474507,20
2020/8/27 03:41,1598474467,1598474416,51
2020/8/27 03:40,1598474407,1598474355,52
2020/8/27 03:39,1598474347,1598474283,64
2020/8/27 03:38,1598474287,1598474283,4
2020/8/27 03:37,1598474227,1598474202,25
2020/8/27 03:36,1598474167,1598474131,36
2020/8/27 03:35,1598474107,1598474090,17
2020/8/27 03:34,1598474047,1598474005,42
2020/8/27 03:33,1598473987,1598473948,39
2020/8/27 03:32,1598473927,1598473857,70
2020/8/27 03:31,1598473867,1598473857,10
2020/8/27 03:30,1598473807,1598473804,3
2020/8/27 03:29,1598473747,1598473706,41
2020/8/27 03:28,1598473687,1598473674,13
2020/8/27 03:27,1598473627,1598473612,15
2020/8/27 03:26,1598473567,1598473521,46
2020/8/27 03:25,1598473507,1598473503,4
2020/8/27 03:24,1598473447,1598473409,38
2020/8/27 03:23,1598473387,1598473328,59
2020/8/27 03:22,1598473327,1598473226,101
2020/8/27 03:21,1598473267,1598473226,41
2020/8/27 03:20,1598473207,1598473170,37
2020/8/27 03:19,1598473147,1598473134,13
2020/8/27 03:18,1598473087,1598473054,33
2020/8/27 03:17,1598473027,1598473002,25
2020/8/27 03:16,1598472967,1598472961,6
2020/8/27 03:15,1598472907,1598472879,28
2020/8/27 03:14,1598472847,1598472839,8
2020/8/27 03:13,1598472787,1598472764,23
2020/8/27 03:12,1598472727,1598472697,30
2020/8/27 03:11,1598472667,1598472615,52
2020/8/27 03:10,1598472607,1598472594,13
2020/8/27 03:09,1598472547,1598472471,76
2020/8/27 03:08,1598472487,1598472471,16
2020/8/27 03:07,1598472427,1598472412,15
2020/8/27 03:06,1598472367,1598472320,47
2020/8/27 03:05,1598472307,1598472292,15
2020/8/27 03:04,1598472247,1598472219,28
2020/8/27 03:03,1598472187,1598472161,26
2020/8/27 03:02,1598472127,1598472090,37
2020/8/27 03:01,1598472067,1598471943,124
2020/8/27 03:00,1598472007,1598471943,64
2020/8/27 02:59,1598471947,1598471943,4
2020/8/27 02:58,1598471887,1598471852,35
2020/8/27 02:57,1598471827,1598471771,56
2020/8/27 02:56,1598471767,1598471739,28
2020/8/27 02:55,1598471707,1598471680,27
2020/8/27 02:54,1598471647,1598471496,151
2020/8/27 02:53,1598471587,1598471496,91
2020/8/27 02:52,1598471527,1598471496,31
2020/8/27 02:51,1598471467,1598471345,122
2020/8/27 02:50,1598471407,1598471345,62
2020/8/27 02:49,1598471347,1598471345,2
2020/8/27 02:48,1598471287,1598471285,2
2020/8/27 02:47,1598471227,1598471227,0
2020/8/27 02:46,1598471167,1598471163,4
2020/8/27 02:45,1598471107,1598471087,20
2020/8/27 02:44,1598471047,1598471047,0
2020/8/27 02:43,1598470987,1598470987,0
2020/8/27 02:42,1598470927,1598470915,12
2020/8/27 02:41,1598470867,1598470859,8
2020/8/27 02:40,1598470807,1598470803,4
2020/8/27 02:39,1598470747,1598470723,24
2020/8/27 02:38,1598470687,1598470688,-1
2020/8/27 02:37,1598470627,1598470538,89
2020/8/27 02:36,1598470567,1598470538,29
2020/8/27 02:35,1598470507,1598470471,36
2020/8/27 02:34,1598470447,1598470426,21
2020/8/27 02:33,1598470387,1598470308,79
2020/8/27 02:32,1598470327,1598470308,19
2020/8/27 02:31,1598470267,1598470223,44
2020/8/27 02:30,1598470207,1598470207,0
2020/8/27 02:29,1598470147,1598470141,6
2020/8/27 02:28,1598470087,1598470040,47
2020/8/27 02:27,1598470027,1598469991,36
2020/8/27 02:26,1598469967,1598469924,43
2020/8/27 02:25,1598469907,1598469902,5
2020/8/27 02:24,1598469847,1598469832,15
2020/8/27 02:23,1598469787,1598469746,41
2020/8/27 02:22,1598469727,1598469674,53
2020/8/27 02:21,1598469667,1598469630,37
2020/8/27 02:20,1598469607,1598469596,11
2020/8/27 02:19,1598469547,1598469520,27
2020/8/27 02:18,1598469487,1598469480,7
2020/8/27 02:17,1598469427,1598469408,19
2020/8/27 02:16,1598469367,1598469320,47
2020/8/27 02:15,1598469307,1598469306,1
2020/8/27 02:14,1598469247,1598469243,4
2020/8/27 02:13,1598469187,1598469168,19
2020/8/27 02:12,1598469127,1598469115,12
2020/8/27 02:11,1598469067,1598469056,11
2020/8/27 02:10,1598469007,1598468971,36
2020/8/27 02:09,1598468947,1598468931,16
2020/8/27 02:08,1598468887,1598468886,1
2020/8/27 02:07,1598468827,1598468788,39
2020/8/27 02:06,1598468767,1598468758,9
2020/8/27 02:05,1598468707,1598468646,61
2020/8/27 02:04,1598468647,1598468646,1
2020/8/27 02:03,1598468587,1598468575,12
2020/8/27 02:02,1598468527,1598468504,23
2020/8/27 02:01,1598468467,1598468460,7
2020/8/27 02:00,1598468407,1598468373,34
2020/8/27 01:59,1598468347,1598468339,8
2020/8/27 01:58,1598468287,1598468270,17
2020/8/27 01:57,1598468227,1598468227,0
2020/8/27 01:56,1598468167,1598468142,25
2020/8/27 01:55,1598468107,1598468100,7
2020/8/27 01:54,1598468047,1598468036,11
2020/8/27 01:53,1598467987,1598467985,2
2020/8/27 01:52,1598467927,1598467883,44
2020/8/27 01:51,1598467867,1598467832,35
2020/8/27 01:50,1598467807,1598467776,31
2020/8/27 01:49,1598467747,1598467700,47
2020/8/27 01:48,1598467687,1598467679,8
2020/8/27 01:47,1598467627,1598467626,1
2020/8/27 01:46,1598467567,1598467517,50
2020/8/27 01:45,1598467507,1598467493,14
2020/8/27 01:44,1598467447,1598467443,4
2020/8/27 01:43,1598467387,1598467350,37
2020/8/27 01:42,1598467327,1598467293,34
2020/8/27 01:41,1598467267,1598467262,5
2020/8/27 01:40,1598467207,1598467181,26
2020/8/27 01:39,1598467147,1598467130,17
2020/8/27 01:38,1598467087,1598467068,19
2020/8/27 01:37,1598467027,1598467008,19
2020/8/27 01:36,1598466967,1598466956,11
2020/8/27 01:35,1598466907,1598466875,32
2020/8/27 01:34,1598466847,1598466814,33
2020/8/27 01:33,1598466787,1598466775,12
2020/8/27 01:32,1598466727,1598466720,7
2020/8/27 01:31,1598466667,1598466662,5
2020/8/27 01:30,1598466607,1598466560,47
2020/8/27 01:29,1598466547,1598466544,3
2020/8/27 01:28,1598466487,1598466458,29
2020/8/27 01:27,1598466427,1598466377,50
2020/8/27 01:26,1598466367,1598466306,61
2020/8/27 01:25,1598466307,1598466306,1
2020/8/27 01:24,1598466247,1598466204,43
2020/8/27 01:23,1598466187,1598466185,2
2020/8/27 01:22,1598466127,1598466094,33
2020/8/27 01:21,1598466067,1598466042,25
2020/8/27 01:20,1598466007,1598465979,28
2020/8/27 01:19,1598465947,1598465883,64
2020/8/27 01:18,1598465887,1598465883,4
2020/8/27 01:17,1598465827,1598465791,36
2020/8/27 01:16,1598465767,1598465750,17
2020/8/27 01:15,1598465707,1598465678,29
2020/8/27 01:14,1598465647,1598465597,50
2020/8/27 01:13,1598465587,1598465556,31
2020/8/27 01:12,1598465527,1598465513,14
2020/8/27 01:11,1598465467,1598465466,1
2020/8/27 01:10,1598465407,1598465351,56
2020/8/27 01:09,1598465347,1598465343,4
2020/8/27 01:08,1598465287,1598465239,48
2020/8/27 01:07,1598465227,1598465208,19
2020/8/27 01:06,1598465167,1598465133,34
2020/8/27 01:05,1598465107,1598465098,9
2020/8/27 01:04,1598465047,1598465035,12
2020/8/27 01:03,1598464987,1598464978,9
2020/8/27 01:02,1598464927,1598464883,44
2020/8/27 01:01,1598464867,1598464840,27
2020/8/27 01:00,1598464807,1598464775,32
2020/8/27 00:59,1598464747,1598464673,74
2020/8/27 00:58,1598464687,1598464673,14
2020/8/27 00:57,1598464627,1598464572,55
2020/8/27 00:56,1598464567,1598464449,118
2020/8/27 00:55,1598464507,1598464449,58
2020/8/27 00:54,1598464447,1598464404,43
2020/8/27 00:53,1598464387,1598464369,18
2020/8/27 00:52,1598464327,1598464313,14
2020/8/27 00:51,1598464267,1598464259,8
2020/8/27 00:50,1598464207,1598464141,66
2020/8/27 00:49,1598464147,1598464141,6
2020/8/27 00:48,1598464087,1598464074,13
2020/8/27 00:47,1598464027,1598464018,9
2020/8/27 00:46,1598463968,1598463965,3
2020/8/27 00:45,1598463907,1598463905,2
2020/8/27 00:44,1598463847,1598463757,90
2020/8/27 00:43,1598463787,1598463757,30
2020/8/27 00:42,1598463727,1598463673,54
2020/8/27 00:41,1598463667,1598463622,45
2020/8/27 00:40,1598463607,1598463591,16
2020/8/27 00:39,1598463547,1598463527,20
2020/8/27 00:38,1598463487,1598463486,1
2020/8/27 00:37,1598463427,1598463357,70
2020/8/27 00:36,1598463367,1598463357,10
2020/8/27 00:35,1598463307,1598463308,-1
2020/8/27 00:34,1598463247,1598463212,35
2020/8/27 00:33,1598463187,1598463174,13
2020/8/27 00:32,1598463127,1598463024,103
2020/8/27 00:31,1598463067,1598463024,43
2020/8/27 00:30,1598463007,1598462997,10
2020/8/27 00:29,1598462947,1598462922,25
2020/8/27 00:28,1598462887,1598462851,36
2020/8/27 00:27,1598462827,1598462801,26
2020/8/27 00:26,1598462767,1598462749,18
2020/8/27 00:25,1598462707,1598462704,3
2020/8/27 00:24,1598462647,1598462631,16
2020/8/27 00:23,1598462587,1598462564,23
2020/8/27 00:22,1598462527,1598462469,58
2020/8/27 00:21,1598462467,1598462431,36
2020/8/27 00:20,1598462407,1598462378,29
2020/8/27 00:19,1598462347,1598462330,17
2020/8/27 00:18,1598462287,1598462269,18
2020/8/27 00:17,1598462227,1598462223,4
2020/8/27 00:16,1598462167,1598462121,46
2020/8/27 00:15,1598462107,1598462081,26
2020/8/27 00:14,1598462047,1598462046,1
2020/8/27 00:13,1598461987,1598461892,95
2020/8/27 00:12,1598461927,1598461892,35
2020/8/27 00:11,1598461867,1598461839,28
2020/8/27 00:10,1598461807,1598461695,112
2020/8/27 00:09,1598461747,1598461695,52
2020/8/27 00:08,1598461687,1598461664,23
2020/8/27 00:07,1598461627,1598461579,48
2020/8/27 00:06,1598461567,1598461558,9
2020/8/27 00:05,1598461507,1598461485,22
2020/8/27 00:04,1598461447,1598461445,2
2020/8/27 00:03,1598461387,1598461343,44
2020/8/27 00:02,1598461327,1598461304,23
2020/8/27 00:01,1598461267,1598461251,16
2020/8/27 00:00,1598461207,1598461200,7
2020/8/26 23:59,1598461147,1598461114,33
2020/8/26 23:58,1598461087,1598461086,1
2020/8/26 23:57,1598461027,1598461013,14
2020/8/26 23:56,1598460967,1598460965,2
2020/8/26 23:55,1598460907,1598460894,13
2020/8/26 23:54,1598460847,1598460735,112
2020/8/26 23:53,1598460787,1598460735,52
2020/8/26 23:52,1598460727,1598460726,1
2020/8/26 23:51,1598460667,1598460658,9
2020/8/26 23:50,1598460607,1598460575,32
2020/8/26 23:49,1598460547,1598460538,9
2020/8/26 23:48,1598460487,1598460447,40
2020/8/26 23:47,1598460427,1598460422,5
2020/8/26 23:46,1598460367,1598460367,0
2020/8/26 23:45,1598460307,1598460290,17
2020/8/26 23:44,1598460247,1598460208,39
2020/8/26 23:43,1598460187,1598460180,7
2020/8/26 23:42,1598460127,1598460117,10
2020/8/26 23:41,1598460067,1598459992,75
2020/8/26 23:40,1598460007,1598459992,15
2020/8/26 23:39,1598459947,1598459888,59
2020/8/26 23:38,1598459887,1598459839,48
2020/8/26 23:37,1598459827,1598459816,11
2020/8/26 23:36,1598459767,1598459766,1
2020/8/26 23:35,1598459707,1598459682,25
2020/8/26 23:34,1598459647,1598459641,6
2020/8/26 23:33,1598459587,1598459569,18
2020/8/26 23:32,1598459527,1598459498,29
2020/8/26 23:31,1598459467,1598459443,24
2020/8/26 23:30,1598459407,1598459401,6
2020/8/26 23:29,1598459347,1598459336,11
2020/8/26 23:28,1598459287,1598459277,10
2020/8/26 23:27,1598459227,1598459228,-1
2020/8/26 23:26,1598459167,1598459108,59
2020/8/26 23:25,1598459107,1598459108,-1
2020/8/26 23:24,1598459047,1598458892,155
2020/8/26 23:23,1598458987,1598458892,95
2020/8/26 23:22,1598458927,1598458892,35
2020/8/26 23:21,1598458867,1598458646,221
2020/8/26 23:20,1598458807,1598458646,161
2020/8/26 23:19,1598458747,1598458646,101
2020/8/26 23:18,1598458687,1598458646,41
2020/8/26 23:17,1598458627,1598458481,146
2020/8/26 23:16,1598458567,1598458481,86
2020/8/26 23:15,1598458507,1598458481,26
2020/8/26 23:14,1598458447,1598458429,18
2020/8/26 23:13,1598458387,1598458383,4
2020/8/26 23:12,1598458327,1598458275,52
2020/8/26 23:11,1598458267,1598458254,13
2020/8/26 23:10,1598458207,1598458193,14
2020/8/26 23:09,1598458147,1598458131,16
2020/8/26 23:08,1598458087,1598458086,1
2020/8/26 23:07,1598458027,1598458018,9
2020/8/26 23:06,1598457967,1598457968,-1
2020/8/26 23:05,1598457907,1598457908,-1
2020/8/26 23:04,1598457847,1598457845,2
2020/8/26 23:03,1598457787,1598457786,1
2020/8/26 23:02,1598457727,1598457694,33
2020/8/26 23:01,1598457667,1598457662,5
2020/8/26 23:00,1598457607,1598457589,18
2020/8/26 22:59,1598457547,1598457539,8
2020/8/26 22:58,1598457487,1598457487,0
2020/8/26 22:57,1598457427,1598457385,42
2020/8/26 22:56,1598457367,1598457344,23
2020/8/26 22:55,1598457307,1598457302,5
2020/8/26 22:54,1598457247,1598457240,7
2020/8/26 22:53,1598457187,1598457165,22
2020/8/26 22:52,1598457127,1598457112,15
2020/8/26 22:51,1598457067,1598457018,49
2020/8/26 22:50,1598457007,1598456937,70
2020/8/26 22:49,1598456947,1598456937,10
2020/8/26 22:48,1598456887,1598456879,8
2020/8/26 22:47,1598456827,1598456747,80
2020/8/26 22:46,1598456767,1598456747,20
2020/8/26 22:45,1598456707,1598456698,9
2020/8/26 22:44,1598456647,1598456647,0
2020/8/26 22:43,1598456587,1598456587,0
2020/8/26 22:42,1598456527,1598456522,5
2020/8/26 22:41,1598456467,1598456430,37
2020/8/26 22:40,1598456407,1598456405,2
2020/8/26 22:39,1598456347,1598456340,7
2020/8/26 22:38,1598456287,1598456223,64
2020/8/26 22:37,1598456227,1598456223,4
2020/8/26 22:36,1598456167,1598456154,13
2020/8/26 22:35,1598456107,1598456074,33
2020/8/26 22:34,1598456047,1598456034,13
2020/8/26 22:33,1598455987,1598455950,37
2020/8/26 22:32,1598455927,1598455877,50
2020/8/26 22:31,1598455867,1598455850,17
2020/8/26 22:30,1598455807,1598455796,11
2020/8/26 22:29,1598455747,1598455746,1
2020/8/26 22:28,1598455687,1598455681,6
2020/8/26 22:27,1598455627,1598455618,9
2020/8/26 22:26,1598455567,1598455481,86
2020/8/26 22:25,1598455507,1598455481,26
2020/8/26 22:24,1598455447,1598455434,13
2020/8/26 22:23,1598455388,1598455374,14
2020/8/26 22:22,1598455327,1598455265,62
2020/8/26 22:21,1598455267,1598455265,2
2020/8/26 22:20,1598455207,1598455162,45
2020/8/26 22:19,1598455147,1598455146,1
2020/8/26 22:18,1598455087,1598455085,2
2020/8/26 22:17,1598455027,1598454921,106
2020/8/26 22:16,1598454967,1598454921,46
2020/8/26 22:15,1598454907,1598454873,34
2020/8/26 22:14,1598454847,1598454760,87
2020/8/26 22:13,1598454787,1598454760,27
2020/8/26 22:12,1598454727,1598454710,17
2020/8/26 22:11,1598454667,1598454660,7
2020/8/26 22:10,1598454607,1598454569,38
2020/8/26 22:09,1598454547,1598454546,1
2020/8/26 22:08,1598454487,1598454435,52
2020/8/26 22:07,1598454427,1598454393,34
2020/8/26 22:06,1598454367,1598454350,17
2020/8/26 22:05,1598454307,1598454298,9
2020/8/26 22:04,1598454247,1598454241,6
2020/8/26 22:03,1598454187,1598454185,2
2020/8/26 22:02,1598454127,1598454051,76
2020/8/26 22:01,1598454067,1598454051,16
2020/8/26 22:00,1598454007,1598454000,7
2020/8/26 21:59,1598453947,1598453878,69
2020/8/26 21:58,1598453887,1598453878,9
2020/8/26 21:57,1598453827,1598453795,32
2020/8/26 21:56,1598453767,1598453762,5
2020/8/26 21:55,1598453708,1598453655,53
2020/8/26 21:54,1598453647,1598453637,10
2020/8/26 21:53,1598453587,1598453544,43
2020/8/26 21:52,1598453527,1598453482,45
2020/8/26 21:51,1598453467,1598453443,24
2020/8/26 21:50,1598453407,1598453400,7
2020/8/26 21:49,1598453347,1598453339,8
2020/8/26 21:48,1598453287,1598453286,1
2020/8/26 21:47,1598453227,1598453179,48
2020/8/26 21:46,1598453167,1598453147,20
2020/8/26 21:45,1598453107,1598453108,-1
2020/8/26 21:44,1598453047,1598453004,43
2020/8/26 21:43,1598452987,1598452986,1
2020/8/26 21:42,1598452927,1598452921,6
2020/8/26 21:41,1598452867,1598452848,19
2020/8/26 21:40,1598452807,1598452762,45
2020/8/26 21:39,1598452747,1598452745,2
2020/8/26 21:38,1598452687,1598452667,20
2020/8/26 21:37,1598452627,1598452572,55
2020/8/26 21:36,1598452567,1598452540,27
2020/8/26 21:35,1598452507,1598452501,6
2020/8/26 21:34,1598452447,1598452446,1
2020/8/26 21:33,1598452387,1598452385,2
2020/8/26 21:32,1598452327,1598452310,17
2020/8/26 21:31,1598452267,1598452261,6
2020/8/26 21:30,1598452207,1598452154,53
2020/8/26 21:29,1598452147,1598452144,3
2020/8/26 21:28,1598452087,1598452078,9
2020/8/26 21:27,1598452027,1598452024,3
2020/8/26 21:26,1598451967,1598451960,7
2020/8/26 21:25,1598451907,1598451907,0
2020/8/26 21:24,1598451847,1598451794,53
2020/8/26 21:23,1598451787,1598451781,6
2020/8/26 21:22,1598451727,1598451722,5
2020/8/26 21:21,1598451667,1598451652,15
2020/8/26 21:20,1598451607,1598451590,17
2020/8/26 21:19,1598451547,1598451532,15
2020/8/26 21:18,1598451487,1598451486,1
2020/8/26 21:17,1598451427,1598451427,0
2020/8/26 21:16,1598451367,1598451363,4
2020/8/26 21:15,1598451307,1598451238,69
2020/8/26 21:14,1598451247,1598451238,9
2020/8/26 21:13,1598451187,1598451155,32
2020/8/26 21:12,1598451127,1598451097,30
2020/8/26 21:11,1598451067,1598451050,17
2020/8/26 21:10,1598451007,1598450997,10
2020/8/26 21:09,1598450947,1598450946,1
2020/8/26 21:08,1598450887,1598450744,143
2020/8/26 21:07,1598450827,1598450744,83
2020/8/26 21:06,1598450767,1598450744,23
2020/8/26 21:05,1598450707,1598450692,15
2020/8/26 21:04,1598450647,1598450626,21
2020/8/26 21:03,1598450587,1598450559,28
2020/8/26 21:02,1598450527,1598450510,17
2020/8/26 21:01,1598450467,1598450457,10
2020/8/26 21:00,1598450407,1598450405,2
2020/8/26 20:59,1598450347,1598450345,2
2020/8/26 20:58,1598450287,1598450287,0
2020/8/26 20:57,1598450227,1598450223,4
2020/8/26 20:56,1598450167,1598450165,2
2020/8/26 20:55,1598450107,1598450108,-1
2020/8/26 20:54,1598450047,1598450002,45
2020/8/26 20:53,1598449987,1598449984,3
2020/8/26 20:52,1598449927,1598449903,24
2020/8/26 20:51,1598449867,1598449838,29
2020/8/26 20:50,1598449807,1598449776,31
2020/8/26 20:49,1598449747,1598449734,13
2020/8/26 20:48,1598449687,1598449673,14
2020/8/26 20:47,1598449627,1598449625,2
2020/8/26 20:46,1598449567,1598449518,49
2020/8/26 20:45,1598449507,1598449496,11
2020/8/26 20:44,1598449447,1598449435,12
2020/8/26 20:43,1598449387,1598449293,94
2020/8/26 20:42,1598449327,1598449293,34
2020/8/26 20:41,1598449267,1598449182,85
2020/8/26 20:40,1598449207,1598449182,25
2020/8/26 20:39,1598449147,1598449147,0
2020/8/26 20:38,1598449087,1598449087,0
2020/8/26 20:37,1598449027,1598449026,1
2020/8/26 20:36,1598448967,1598448964,3
2020/8/26 20:35,1598448907,1598448905,2
2020/8/26 20:34,1598448847,1598448848,-1
2020/8/26 20:33,1598448787,1598448769,18
2020/8/26 20:32,1598448727,1598448626,101
2020/8/26 20:31,1598448667,1598448626,41
2020/8/26 20:30,1598448607,1598448585,22
2020/8/26 20:29,1598448547,1598448533,14
2020/8/26 20:28,1598448487,1598448480,7
2020/8/26 20:27,1598448427,1598448420,7
2020/8/26 20:26,1598448367,1598448334,33
2020/8/26 20:25,1598448307,1598448294,13
2020/8/26 20:24,1598448247,1598448243,4
2020/8/26 20:23,1598448187,1598448188,-1
2020/8/26 20:22,1598448127,1598448115,12
2020/8/26 20:21,1598448067,1598448018,49
2020/8/26 20:20,1598448007,1598448005,2
2020/8/26 20:19,1598447947,1598447941,6
2020/8/26 20:18,1598447887,1598447869,18
2020/8/26 20:17,1598447827,1598447827,0
2020/8/26 20:16,1598447767,1598447766,1
2020/8/26 20:15,1598447707,1598447699,8
2020/8/26 20:14,1598447647,1598447646,1
2020/8/26 20:13,1598447588,1598447552,36
2020/8/26 20:12,1598447527,1598447470,57
2020/8/26 20:11,1598447467,1598447419,48
2020/8/26 20:10,1598447407,1598447357,50
2020/8/26 20:09,1598447347,1598447287,60
2020/8/26 20:08,1598447287,1598447287,0
2020/8/26 20:07,1598447227,1598447227,0
2020/8/26 20:06,1598447167,1598447163,4
2020/8/26 20:05,1598447107,1598447104,3
2020/8/26 20:04,1598447047,1598447030,17
2020/8/26 20:03,1598446987,1598446988,-1
2020/8/26 20:02,1598446927,1598446926,1
2020/8/26 20:01,1598446867,1598446868,-1
2020/8/26 20:00,1598446807,1598446770,37
2020/8/26 19:59,1598446747,1598446747,0
2020/8/26 19:58,1598446687,1598446658,29
2020/8/26 19:57,1598446627,1598446603,24
2020/8/26 19:56,1598446567,1598446530,37
2020/8/26 19:55,1598446507,1598446478,29
2020/8/26 19:54,1598446447,1598446447,0
2020/8/26 19:53,1598446387,1598446386,1
2020/8/26 19:52,1598446327,1598446307,20
2020/8/26 19:51,1598446268,1598446236,32
2020/8/26 19:50,1598446207,1598446203,4
2020/8/26 19:49,1598446147,1598446124,23
2020/8/26 19:48,1598446087,1598445976,111
2020/8/26 19:47,1598446027,1598445976,51
2020/8/26 19:46,1598445967,1598445846,121
2020/8/26 19:45,1598445907,1598445846,61
2020/8/26 19:44,1598445847,1598445846,1
2020/8/26 19:43,1598445787,1598445754,33
2020/8/26 19:42,1598445727,1598445725,2
2020/8/26 19:41,1598445667,1598445662,5
2020/8/26 19:40,1598445608,1598445570,38
2020/8/26 19:39,1598445547,1598445488,59
2020/8/26 19:38,1598445487,1598445417,70
2020/8/26 19:37,1598445427,1598445417,10
2020/8/26 19:36,1598445367,1598445334,33
2020/8/26 19:35,1598445307,1598445283,24
2020/8/26 19:34,1598445247,1598445245,2
2020/8/26 19:33,1598445187,1598445129,58
2020/8/26 19:32,1598445127,1598445048,79
2020/8/26 19:31,1598445067,1598445048,19
2020/8/26 19:30,1598445007,1598445006,1
2020/8/26 19:29,1598444947,1598444942,5
2020/8/26 19:28,1598444887,1598444861,26
2020/8/26 19:27,1598444827,1598444788,39
2020/8/26 19:26,1598444768,1598444759,9
2020/8/26 19:25,1598444707,1598444682,25
2020/8/26 19:24,1598444647,1598444641,6
2020/8/26 19:23,1598444587,1598444564,23
2020/8/26 19:22,1598444527,1598444523,4
2020/8/26 19:21,1598444467,1598444466,1
2020/8/26 19:20,1598444407,1598444395,12
2020/8/26 19:19,1598444347,1598444347,0
2020/8/26 19:18,1598444287,1598444287,0
2020/8/26 19:17,1598444227,1598444181,46
2020/8/26 19:16,1598444167,1598444156,11
2020/8/26 19:15,1598444107,1598444094,13
2020/8/26 19:14,1598444047,1598443907,140
2020/8/26 19:13,1598443987,1598443907,80
2020/8/26 19:12,1598443927,1598443907,20
2020/8/26 19:11,1598443867,1598442999,868
2020/8/26 19:10,1598443807,1598442999,808
2020/8/26 19:09,1598443747,1598442999,748
2020/8/26 19:08,1598443687,1598442999,688
2020/8/26 19:07,1598443627,1598442999,628
2020/8/26 19:06,1598443567,1598442999,568
2020/8/26 19:05,1598443507,1598442999,508
2020/8/26 19:04,1598443447,1598442999,448
2020/8/26 19:03,1598443387,1598442999,388
2020/8/26 19:02,1598443327,1598442999,328
2020/8/26 19:01,1598443267,1598442999,268
2020/8/26 19:00,1598443207,1598442999,208
2020/8/26 18:59,1598443147,1598442999,148
2020/8/26 18:58,1598443087,1598442999,88
2020/8/26 18:57,1598443027,1598442999,28
2020/8/26 18:56,1598442967,1598442965,2
2020/8/26 18:55,1598442907,1598442680,227
2020/8/26 18:54,1598442847,1598442680,167
2020/8/26 18:53,1598442787,1598442680,107
2020/8/26 18:52,1598442727,1598442680,47
2020/8/26 18:51,1598442667,1598442407,260
2020/8/26 18:50,1598442607,1598442407,200
2020/8/26 18:49,1598442547,1598442407,140
2020/8/26 18:48,1598442487,1598442407,80
2020/8/26 18:47,1598442427,1598442407,20
2020/8/26 18:46,1598442367,1598442300,67
2020/8/26 18:45,1598442307,1598442300,7
2020/8/26 18:44,1598442247,1598442210,37
2020/8/26 18:43,1598442187,1598441986,201
2020/8/26 18:42,1598442127,1598441986,141
2020/8/26 18:41,1598442067,1598441986,81
2020/8/26 18:40,1598442008,1598441986,22
2020/8/26 18:39,1598441947,1598441909,38
2020/8/26 18:38,1598441887,1598441881,6
2020/8/26 18:37,1598441827,1598441824,3
2020/8/26 18:36,1598441767,1598441761,6
2020/8/26 18:35,1598441707,1598441708,-1
2020/8/26 18:34,1598441647,1598441618,29
2020/8/26 18:33,1598441587,1598441586,1
2020/8/26 18:32,1598441528,1598441511,17
2020/8/26 18:31,1598441467,1598441447,20
2020/8/26 18:30,1598441407,1598441370,37
2020/8/26 18:29,1598441347,1598441347,0
2020/8/26 18:28,1598441287,1598441256,31
2020/8/26 18:27,1598441227,1598441202,25
2020/8/26 18:26,1598441167,1598441153,14
2020/8/26 18:25,1598441107,1598441100,7
2020/8/26 18:24,1598441047,1598441020,27
2020/8/26 18:23,1598440987,1598440959,28
2020/8/26 18:22,1598440927,1598440928,-1
2020/8/26 18:21,1598440867,1598440835,32
2020/8/26 18:20,1598440807,1598440795,12
2020/8/26 18:19,1598440747,1598440734,13
2020/8/26 18:18,1598440687,1598440683,4
2020/8/26 18:17,1598440627,1598440610,17
2020/8/26 18:16,1598440567,1598440518,49
2020/8/26 18:15,1598440507,1598440492,15
2020/8/26 18:14,1598440447,1598440446,1
2020/8/26 18:13,1598440387,1598440354,33
2020/8/26 18:12,1598440327,1598440303,24
2020/8/26 18:11,1598440267,1598440257,10
2020/8/26 18:10,1598440207,1598440201,6
2020/8/26 18:09,1598440147,1598440077,70
2020/8/26 18:08,1598440087,1598440077,10
2020/8/26 18:07,1598440027,1598440014,13
2020/8/26 18:06,1598439967,1598439923,44
2020/8/26 18:05,1598439907,1598439853,54
2020/8/26 18:04,1598439847,1598439819,28
2020/8/26 18:03,1598439787,1598439786,1
2020/8/26 18:02,1598439728,1598439722,6
2020/8/26 18:01,1598439668,1598439666,2
2020/8/26 18:00,1598439607,1598439584,23
2020/8/26 17:59,1598439547,1598439511,36
2020/8/26 17:58,1598439487,1598439465,22
2020/8/26 17:57,1598439427,1598439407,20
2020/8/26 17:56,1598439367,1598439289,78
2020/8/26 17:55,1598439307,1598439289,18
2020/8/26 17:54,1598439247,1598439228,19
2020/8/26 17:53,1598439187,1598439182,5
2020/8/26 17:52,1598439127,1598439100,27
2020/8/26 17:51,1598439067,1598439064,3
2020/8/26 17:50,1598439007,1598438940,67
2020/8/26 17:49,1598438947,1598438940,7
2020/8/26 17:48,1598438887,1598438886,1
2020/8/26 17:47,1598438827,1598438824,3
2020/8/26 17:46,1598438767,1598438705,62
2020/8/26 17:45,1598438707,1598438705,2
2020/8/26 17:44,1598438647,1598438637,10
2020/8/26 17:43,1598438587,1598438587,0
2020/8/26 17:42,1598438527,1598438464,63
2020/8/26 17:41,1598438467,1598438464,3
2020/8/26 17:40,1598438407,1598438406,1
2020/8/26 17:39,1598438347,1598438331,16
2020/8/26 17:38,1598438287,1598438264,23
2020/8/26 17:37,1598438227,1598438199,28
2020/8/26 17:36,1598438167,1598438124,43
2020/8/26 17:35,1598438107,1598438037,70
2020/8/26 17:34,1598438047,1598438037,10
2020/8/26 17:33,1598437987,1598437984,3
2020/8/26 17:32,1598437927,1598437920,7
2020/8/26 17:31,1598437867,1598437868,-1
2020/8/26 17:30,1598437807,1598437805,2
2020/8/26 17:29,1598437747,1598437731,16
2020/8/26 17:28,1598437687,1598437684,3
2020/8/26 17:27,1598437627,1598437628,-1
2020/8/26 17:26,1598437567,1598437524,43
2020/8/26 17:25,1598437507,1598437483,24
2020/8/26 17:24,1598437447,1598437409,38
2020/8/26 17:23,1598437387,1598437368,19
2020/8/26 17:22,1598437327,1598437326,1
2020/8/26 17:21,1598437267,1598437260,7
2020/8/26 17:20,1598437207,1598437208,-1
2020/8/26 17:19,1598437147,1598437137,10
2020/8/26 17:18,1598437087,1598437075,12
2020/8/26 17:17,1598437027,1598437014,13
2020/8/26 17:16,1598436967,1598436849,118
2020/8/26 17:15,1598436907,1598436849,58
2020/8/26 17:14,1598436847,1598436786,61
2020/8/26 17:13,1598436787,1598436786,1
2020/8/26 17:12,1598436727,1598436720,7
2020/8/26 17:11,1598436667,1598436664,3
2020/8/26 17:10,1598436607,1598436596,11
2020/8/26 17:09,1598436547,1598436526,21
2020/8/26 17:08,1598436487,1598436476,11
2020/8/26 17:07,1598436427,1598436428,-1
2020/8/26 17:06,1598436367,1598436364,3
2020/8/26 17:05,1598436307,1598436279,28
2020/8/26 17:04,1598436247,1598436242,5
2020/8/26 17:03,1598436187,1598436144,43
2020/8/26 17:02,1598436127,1598436071,56
2020/8/26 17:01,1598436067,1598436061,6
2020/8/26 17:00,1598436007,1598435977,30
2020/8/26 16:59,1598435947,1598435882,65
2020/8/26 16:58,1598435887,1598435882,5
2020/8/26 16:57,1598435827,1598435788,39
2020/8/26 16:56,1598435767,1598435726,41
2020/8/26 16:55,1598435707,1598435579,128
2020/8/26 16:54,1598435647,1598435579,68
2020/8/26 16:53,1598435587,1598435579,8
2020/8/26 16:52,1598435527,1598435526,1
2020/8/26 16:51,1598435467,1598435460,7
2020/8/26 16:50,1598435407,1598435407,0
2020/8/26 16:49,1598435347,1598435345,2
2020/8/26 16:48,1598435287,1598435286,1
2020/8/26 16:47,1598435227,1598435205,22
2020/8/26 16:46,1598435167,1598435144,23
2020/8/26 16:45,1598435107,1598435005,102
2020/8/26 16:44,1598435047,1598435005,42
2020/8/26 16:43,1598434987,1598434931,56
2020/8/26 16:42,1598434927,1598434892,35
2020/8/26 16:41,1598434867,1598434859,8
2020/8/26 16:40,1598434807,1598434798,9
2020/8/26 16:39,1598434747,1598434746,1
2020/8/26 16:38,1598434687,1598434682,5
2020/8/26 16:37,1598434627,1598434618,9
2020/8/26 16:36,1598434567,1598434514,53
2020/8/26 16:35,1598434507,1598434507,0
2020/8/26 16:34,1598434447,1598434447,0
2020/8/26 16:33,1598434387,1598434383,4
2020/8/26 16:32,1598434327,1598434317,10
2020/8/26 16:31,1598434267,1598434262,5
2020/8/26 16:30,1598434207,1598434133,74
2020/8/26 16:29,1598434148,1598434133,15
2020/8/26 16:28,1598434087,1598434073,14
2020/8/26 16:27,1598434027,1598433986,41
2020/8/26 16:26,1598433967,1598433961,6
2020/8/26 16:25,1598433907,1598433897,10
2020/8/26 16:24,1598433847,1598433848,-1
2020/8/26 16:23,1598433787,1598433773,14
2020/8/26 16:22,1598433727,1598433725,2
2020/8/26 16:21,1598433667,1598433506,161
2020/8/26 16:20,1598433607,1598433506,101
2020/8/26 16:19,1598433547,1598433506,41
2020/8/26 16:18,1598433487,1598433445,42
2020/8/26 16:17,1598433427,1598433402,25
2020/8/26 16:16,1598433367,1598433361,6
2020/8/26 16:15,1598433307,1598433303,4
2020/8/26 16:14,1598433247,1598433236,11
2020/8/26 16:13,1598433187,1598433082,105
2020/8/26 16:12,1598433127,1598433082,45
2020/8/26 16:11,1598433067,1598433028,39
2020/8/26 16:10,1598433007,1598432990,17
2020/8/26 16:09,1598432947,1598432886,61
2020/8/26 16:08,1598432887,1598432886,1
2020/8/26 16:07,1598432827,1598432813,14
2020/8/26 16:06,1598432767,1598432767,0
2020/8/26 16:05,1598432707,1598432699,8
2020/8/26 16:04,1598432647,1598432648,-1
2020/8/26 16:03,1598432587,1598432588,-1
2020/8/26 16:02,1598432527,1598432500,27
2020/8/26 16:01,1598432467,1598432433,34
2020/8/26 16:00,1598432407,1598432379,28
2020/8/26 15:59,1598432347,1598432313,34
2020/8/26 15:58,1598432287,1598432272,15
2020/8/26 15:57,1598432227,1598432150,77
2020/8/26 15:56,1598432167,1598432150,17
2020/8/26 15:55,1598432107,1598432099,8
2020/8/26 15:54,1598432047,1598431988,59
2020/8/26 15:53,1598431987,1598431987,0
2020/8/26 15:52,1598431927,1598431926,1
2020/8/26 15:51,1598431867,1598431854,13
2020/8/26 15:50,1598431807,1598431773,34
2020/8/26 15:49,1598431747,1598431733,14
2020/8/26 15:48,1598431687,1598431610,77
2020/8/26 15:47,1598431627,1598431610,17
2020/8/26 15:46,1598431567,1598431564,3
2020/8/26 15:45,1598431507,1598431504,3
2020/8/26 15:44,1598431447,1598431439,8
2020/8/26 15:43,1598431387,1598431371,16
2020/8/26 15:42,1598431327,1598431325,2
2020/8/26 15:41,1598431267,1598431267,0
2020/8/26 15:40,1598431207,1598431207,0
2020/8/26 15:39,1598431147,1598431120,27
2020/8/26 15:38,1598431087,1598431071,16
2020/8/26 15:37,1598431027,1598431018,9
2020/8/26 15:36,1598430968,1598430955,13
2020/8/26 15:35,1598430907,1598430843,64
2020/8/26 15:34,1598430847,1598430843,4
2020/8/26 15:33,1598430787,1598430754,33
2020/8/26 15:32,1598430727,1598430724,3
2020/8/26 15:31,1598430667,1598430662,5
2020/8/26 15:30,1598430607,1598430591,16
2020/8/26 15:29,1598430547,1598430540,7
2020/8/26 15:28,1598430487,1598430484,3
2020/8/26 15:27,1598430427,1598430397,30
2020/8/26 15:26,1598430367,1598430365,2
2020/8/26 15:25,1598430307,1598430306,1
2020/8/26 15:24,1598430247,1598430213,34
2020/8/26 15:23,1598430188,1598430183,5
2020/8/26 15:22,1598430127,1598430116,11
2020/8/26 15:21,1598430067,1598430061,6
2020/8/26 15:20,1598430007,1598429988,19
2020/8/26 15:19,1598429947,1598429932,15
2020/8/26 15:18,1598429887,1598429880,7
2020/8/26 15:17,1598429827,1598429820,7
2020/8/26 15:16,1598429767,1598429732,35
2020/8/26 15:15,1598429707,1598429702,5
2020/8/26 15:14,1598429647,1598429647,0
2020/8/26 15:13,1598429587,1598429579,8
2020/8/26 15:12,1598429527,1598429520,7
2020/8/26 15:11,1598429467,1598429439,28
2020/8/26 15:10,1598429407,1598429382,25
2020/8/26 15:09,1598429347,1598429337,10
2020/8/26 15:08,1598429287,1598429286,1
2020/8/26 15:07,1598429227,1598429227,0
2020/8/26 15:06,1598429167,1598429144,23
2020/8/26 15:05,1598429107,1598429103,4
2020/8/26 15:04,1598429047,1598429042,5
2020/8/26 15:03,1598428987,1598428985,2
2020/8/26 15:02,1598428927,1598428907,20
2020/8/26 15:01,1598428867,1598428851,16
2020/8/26 15:00,1598428807,1598428784,23
2020/8/26 14:59,1598428747,1598428727,20
2020/8/26 14:58,1598428687,1598428584,103
2020/8/26 14:57,1598428627,1598428584,43
2020/8/26 14:56,1598428567,1598428563,4
2020/8/26 14:55,1598428507,1598428493,14
2020/8/26 14:54,1598428447,1598428446,1
2020/8/26 14:53,1598428387,1598428373,14
2020/8/26 14:52,1598428327,1598428319,8
2020/8/26 14:51,1598428267,1598428267,0
2020/8/26 14:50,1598428207,1598428170,37
2020/8/26 14:49,1598428147,1598428147,0
2020/8/26 14:48,1598428087,1598428088,-1
2020/8/26 14:47,1598428027,1598428028,-1
2020/8/26 14:46,1598427967,1598427967,0
2020/8/26 14:45,1598427907,1598427872,35
2020/8/26 14:44,1598427847,1598427847,0
2020/8/26 14:43,1598427787,1598427782,5
2020/8/26 14:42,1598427727,1598427719,8
2020/8/26 14:41,1598427667,1598427618,49
2020/8/26 14:40,1598427607,1598427595,12
2020/8/26 14:39,1598427547,1598427546,1
2020/8/26 14:38,1598427487,1598427466,21
2020/8/26 14:37,1598427427,1598427425,2
2020/8/26 14:36,1598427367,1598427364,3
2020/8/26 14:35,1598427307,1598427279,28
2020/8/26 14:34,1598427247,1598427192,55
2020/8/26 14:33,1598427187,1598427166,21
2020/8/26 14:32,1598427127,1598427124,3
2020/8/26 14:31,1598427067,1598427050,17
2020/8/26 14:30,1598427007,1598426977,30
2020/8/26 14:29,1598426947,1598426937,10
2020/8/26 14:28,1598426887,1598426866,21
2020/8/26 14:27,1598426827,1598426825,2
2020/8/26 14:26,1598426767,1598426763,4
2020/8/26 14:25,1598426707,1598426693,14
2020/8/26 14:24,1598426647,1598426592,55
2020/8/26 14:23,1598426587,1598426524,63
2020/8/26 14:22,1598426527,1598426524,3
2020/8/26 14:21,1598426467,1598426377,90
2020/8/26 14:20,1598426407,1598426377,30
2020/8/26 14:19,1598426347,1598426345,2
2020/8/26 14:18,1598426287,1598426284,3
2020/8/26 14:17,1598426227,1598426226,1
2020/8/26 14:16,1598426167,1598426104,63
2020/8/26 14:15,1598426107,1598426104,3
2020/8/26 14:14,1598426047,1598425920,127
2020/8/26 14:13,1598425987,1598425920,67
2020/8/26 14:12,1598425927,1598425920,7
2020/8/26 14:11,1598425867,1598425854,13
2020/8/26 14:10,1598425807,1598425789,18
2020/8/26 14:09,1598425747,1598425731,16
2020/8/26 14:08,1598425687,1598425677,10
2020/8/26 14:07,1598425627,1598425626,1
2020/8/26 14:06,1598425567,1598425551,16
2020/8/26 14:05,1598425507,1598425500,7
2020/8/26 14:04,1598425447,1598425376,71
2020/8/26 14:03,1598425387,1598425376,11
2020/8/26 14:02,1598425327,1598425311,16
2020/8/26 14:01,1598425267,1598425250,17
2020/8/26 14:00,1598425207,1598425206,1
2020/8/26 13:59,1598425147,1598425139,8
2020/8/26 13:58,1598425087,1598425086,1
2020/8/26 13:57,1598425027,1598424941,86
2020/8/26 13:56,1598424967,1598424941,26
2020/8/26 13:55,1598424907,1598424879,28
2020/8/26 13:54,1598424847,1598424844,3
2020/8/26 13:53,1598424787,1598424761,26
2020/8/26 13:52,1598424727,1598424707,20
2020/8/26 13:51,1598424667,1598424639,28
2020/8/26 13:50,1598424607,1598424595,12
2020/8/26 13:49,1598424547,1598424546,1
2020/8/26 13:48,1598424487,1598424433,54
2020/8/26 13:47,1598424427,1598424421,6
2020/8/26 13:46,1598424367,1598424364,3
2020/8/26 13:45,1598424307,1598424303,4
2020/8/26 13:44,1598424247,1598424222,25
2020/8/26 13:43,1598424187,1598424179,8
2020/8/26 13:42,1598424127,1598424111,16
2020/8/26 13:41,1598424067,1598424067,0
2020/8/26 13:40,1598424007,1598423938,69
2020/8/26 13:39,1598423947,1598423938,9
2020/8/26 13:38,1598423887,1598423846,41
2020/8/26 13:37,1598423827,1598423795,32
2020/8/26 13:36,1598423767,1598423562,205
2020/8/26 13:35,1598423707,1598423562,145
2020/8/26 13:34,1598423647,1598423562,85
2020/8/26 13:33,1598423587,1598423562,25
2020/8/26 13:32,1598423527,1598423460,67
2020/8/26 13:31,1598423467,1598423460,7
2020/8/26 13:30,1598423407,1598423393,14
2020/8/26 13:29,1598423347,1598423328,19
2020/8/26 13:28,1598423287,1598423281,6
2020/8/26 13:27,1598423227,1598423212,15
2020/8/26 13:26,1598423167,1598423163,4
2020/8/26 13:25,1598423107,1598423105,2
2020/8/26 13:24,1598423047,1598423047,0
2020/8/26 13:23,1598422987,1598422962,25
2020/8/26 13:22,1598422927,1598422850,77
2020/8/26 13:21,1598422867,1598422850,17
2020/8/26 13:20,1598422807,1598422749,58
2020/8/26 13:19,1598422747,1598422687,60
2020/8/26 13:18,1598422687,1598422537,150
2020/8/26 13:17,1598422627,1598422537,90
2020/8/26 13:16,1598422567,1598422537,30
2020/8/26 13:15,1598422507,1598422331,176
2020/8/26 13:14,1598422447,1598422331,116
2020/8/26 13:13,1598422387,1598422331,56
2020/8/26 13:12,1598422327,1598422288,39
2020/8/26 13:11,1598422267,1598422219,48
2020/8/26 13:10,1598422207,1598422200,7
2020/8/26 13:09,1598422147,1598422106,41
2020/8/26 13:08,1598422087,1598422067,20
2020/8/26 13:07,1598422027,1598421995,32
2020/8/26 13:06,1598421967,1598421928,39
2020/8/26 13:05,1598421907,1598421906,1
2020/8/26 13:04,1598421847,1598421823,24
2020/8/26 13:03,1598421787,1598421762,25
2020/8/26 13:02,1598421727,1598421721,6
2020/8/26 13:01,1598421667,1598421659,8
2020/8/26 13:00,1598421607,1598421588,19
2020/8/26 12:59,1598421547,1598421538,9
2020/8/26 12:58,1598421487,1598421447,40
2020/8/26 12:57,1598421427,1598421403,24
2020/8/26 12:56,1598421367,1598421304,63
2020/8/26 12:55,1598421307,1598421304,3
2020/8/26 12:54,1598421247,1598421121,126
2020/8/26 12:53,1598421187,1598421121,66
2020/8/26 12:52,1598421127,1598421121,6
2020/8/26 12:51,1598421067,1598421019,48
2020/8/26 12:50,1598421007,1598420954,53
2020/8/26 12:49,1598420947,1598420942,5
2020/8/26 12:48,1598420887,1598420861,26
2020/8/26 12:47,1598420827,1598420795,32
2020/8/26 12:46,1598420767,1598420744,23
2020/8/26 12:45,1598420707,1598420683,24
2020/8/26 12:44,1598420647,1598420632,15
2020/8/26 12:43,1598420587,1598420571,16
2020/8/26 12:42,1598420527,1598420499,28
2020/8/26 12:41,1598420467,1598420458,9
2020/8/26 12:40,1598420407,1598420340,67
2020/8/26 12:39,1598420347,1598420340,7
2020/8/26 12:38,1598420287,1598420285,2
2020/8/26 12:37,1598420227,1598420214,13
2020/8/26 12:36,1598420167,1598420152,15
2020/8/26 12:35,1598420107,1598420091,16
2020/8/26 12:34,1598420047,1598420007,40
2020/8/26 12:33,1598419987,1598419959,28
2020/8/26 12:32,1598419927,1598419893,34
2020/8/26 12:31,1598419867,1598419857,10
2020/8/26 12:30,1598419807,1598419745,62
2020/8/26 12:29,1598419747,1598419745,2
2020/8/26 12:28,1598419687,1598419642,45
2020/8/26 12:27,1598419627,1598419603,24
2020/8/26 12:26,1598419567,1598419521,46
2020/8/26 12:25,1598419507,1598419328,179
2020/8/26 12:24,1598419447,1598419328,119
2020/8/26 12:23,1598419387,1598419328,59
2020/8/26 12:22,1598419327,1598419266,61
2020/8/26 12:21,1598419267,1598419266,1
2020/8/26 12:20,1598419207,1598419194,13
2020/8/26 12:19,1598419147,1598419124,23
2020/8/26 12:18,1598419087,1598419072,15
2020/8/26 12:17,1598419027,1598419014,13
2020/8/26 12:16,1598418967,1598418879,88
2020/8/26 12:15,1598418907,1598418879,28
2020/8/26 12:14,1598418847,1598418823,24
2020/8/26 12:13,1598418787,1598418785,2
2020/8/26 12:12,1598418727,1598418705,22
2020/8/26 12:11,1598418667,1598418655,12
2020/8/26 12:10,1598418607,1598418591,16
2020/8/26 12:09,1598418547,1598418512,35
2020/8/26 12:08,1598418487,1598418482,5
2020/8/26 12:07,1598418427,1598418380,47
2020/8/26 12:06,1598418367,1598418347,20
2020/8/26 12:05,1598418307,1598418307,0
2020/8/26 12:04,1598418247,1598418242,5
2020/8/26 12:03,1598418187,1598418181,6
2020/8/26 12:02,1598418127,1598418126,1
2020/8/26 12:01,1598418067,1598418055,12
2020/8/26 12:00,1598418007,1598417984,23
2020/8/26 11:59,1598417947,1598417891,56
2020/8/26 11:58,1598417887,1598417887,0
2020/8/26 11:57,1598417827,1598417800,27
2020/8/26 11:56,1598417767,1598417754,13
2020/8/26 11:55,1598417707,1598417674,33
2020/8/26 11:54,1598417647,1598417643,4
2020/8/26 11:53,1598417587,1598417546,41
2020/8/26 11:52,1598417527,1598417494,33
2020/8/26 11:51,1598417467,1598417454,13
2020/8/26 11:50,1598417407,1598417385,22
2020/8/26 11:49,1598417347,1598417271,76
2020/8/26 11:48,1598417287,1598417271,16
2020/8/26 11:47,1598417227,1598417198,29
2020/8/26 11:46,1598417167,1598417169,-2
2020/8/26 11:45,1598417107,1598417109,-2
2020/8/26 11:44,1598417047,1598416953,94
2020/8/26 11:43,1598416987,1598416953,34
2020/8/26 11:42,1598416927,1598416915,12
2020/8/26 11:41,1598416867,1598416752,115
2020/8/26 11:40,1598416807,1598416752,55
2020/8/26 11:39,1598416747,1598416700,47
2020/8/26 11:38,1598416687,1598416561,126
2020/8/26 11:37,1598416627,1598416561,66
2020/8/26 11:36,1598416567,1598416561,6
2020/8/26 11:35,1598416507,1598416508,-1
2020/8/26 11:34,1598416447,1598416445,2
2020/8/26 11:33,1598416387,1598416356,31
2020/8/26 11:32,1598416327,1598416330,-3
2020/8/26 11:31,1598416267,1598416250,17
2020/8/26 11:30,1598416207,1598416205,2
2020/8/26 11:29,1598416147,1598416143,4
2020/8/26 11:28,1598416087,1598416085,2
2020/8/26 11:27,1598416027,1598416030,-3
2020/8/26 11:26,1598415967,1598415929,38
2020/8/26 11:25,1598415907,1598415898,9
2020/8/26 11:24,1598415847,1598415783,64
2020/8/26 11:23,1598415787,1598415783,4
2020/8/26 11:22,1598415727,1598415725,2
2020/8/26 11:21,1598415667,1598415663,4
2020/8/26 11:20,1598415607,1598415582,25
2020/8/26 11:19,1598415547,1598415511,36
2020/8/26 11:18,1598415487,1598415483,4
2020/8/26 11:17,1598415427,1598415425,2
2020/8/26 11:16,1598415367,1598415357,10
2020/8/26 11:15,1598415307,1598415297,10
2020/8/26 11:14,1598415247,1598415236,11
2020/8/26 11:13,1598415187,1598415175,12
2020/8/26 11:12,1598415127,1598415086,41
2020/8/26 11:11,1598415067,1598415064,3
2020/8/26 11:10,1598415007,1598415002,5
2020/8/26 11:09,1598414947,1598414880,67
2020/8/26 11:08,1598414887,1598414880,7
2020/8/26 11:07,1598414827,1598414768,59
2020/8/26 11:06,1598414767,1598414768,-1
2020/8/26 11:05,1598414707,1598414676,31
2020/8/26 11:04,1598414647,1598414543,104
2020/8/26 11:03,1598414587,1598414543,44
2020/8/26 11:02,1598414527,1598414501,26
2020/8/26 11:01,1598414467,1598414451,16
2020/8/26 11:00,1598414407,1598414360,47
2020/8/26 10:59,1598414347,1598414328,19
2020/8/26 10:58,1598414287,1598414280,7
2020/8/26 10:57,1598414227,1598414208,19
2020/8/26 10:56,1598414167,1598414146,21
2020/8/26 10:55,1598414107,1598414095,12
2020/8/26 10:54,1598414047,1598414049,-2
2020/8/26 10:53,1598413987,1598413953,34
2020/8/26 10:52,1598413927,1598413923,4
2020/8/26 10:51,1598413867,1598413841,26
2020/8/26 10:50,1598413807,1598413770,37
2020/8/26 10:49,1598413747,1598413736,11
2020/8/26 10:48,1598413687,1598413655,32
2020/8/26 10:47,1598413627,1598413617,10
2020/8/26 10:46,1598413567,1598413556,11
2020/8/26 10:45,1598413507,1598413484,23
2020/8/26 10:44,1598413447,1598413413,34
2020/8/26 10:43,1598413387,1598413271,116
2020/8/26 10:42,1598413327,1598413271,56
2020/8/26 10:41,1598413267,1598413270,-3
2020/8/26 10:40,1598413207,1598413210,-3
2020/8/26 10:39,1598413147,1598413086,61
2020/8/26 10:38,1598413087,1598413086,1
2020/8/26 10:37,1598413027,1598413027,0
2020/8/26 10:36,1598412967,1598412963,4
2020/8/26 10:35,1598412907,1598412910,-3
2020/8/26 10:34,1598412847,1598412811,36
2020/8/26 10:33,1598412787,1598412790,-3
2020/8/26 10:32,1598412727,1598412702,25
2020/8/26 10:31,1598412667,1598412638,29
2020/8/26 10:30,1598412607,1598412610,-3
2020/8/26 10:29,1598412547,1598412549,-2
2020/8/26 10:28,1598412487,1598412475,12
2020/8/26 10:27,1598412427,1598412428,-1
2020/8/26 10:26,1598412367,1598412370,-3
2020/8/26 10:25,1598412307,1598412302,5
2020/8/26 10:24,1598412247,1598412200,47
2020/8/26 10:23,1598412187,1598412174,13
2020/8/26 10:22,1598412127,1598412108,19
2020/8/26 10:21,1598412067,1598412050,17
2020/8/26 10:20,1598412007,1598411955,52
2020/8/26 10:19,1598411947,1598411883,64
2020/8/26 10:18,1598411887,1598411883,4
2020/8/26 10:17,1598411827,1598411823,4
2020/8/26 10:16,1598411767,1598411701,66
2020/8/26 10:15,1598411707,1598411701,6
2020/8/26 10:14,1598411647,1598411591,56
2020/8/26 10:13,1598411587,1598411582,5
2020/8/26 10:12,1598411527,1598411530,-3
2020/8/26 10:11,1598411467,1598411467,0
2020/8/26 10:10,1598411407,1598411386,21
2020/8/26 10:09,1598411347,1598411324,23
2020/8/26 10:08,1598411288,1598411233,55
2020/8/26 10:07,1598411227,1598411193,34
2020/8/26 10:06,1598411167,1598411141,26
2020/8/26 10:05,1598411107,1598411103,4
2020/8/26 10:04,1598411047,1598411029,18
2020/8/26 10:03,1598410987,1598410988,-1
2020/8/26 10:02,1598410927,1598410927,0
2020/8/26 10:01,1598410867,1598410831,36
2020/8/26 10:00,1598410807,1598410764,43
2020/8/26 09:59,1598410747,1598410703,44
2020/8/26 09:58,1598410687,1598410689,-2
2020/8/26 09:57,1598410627,1598410630,-3
2020/8/26 09:56,1598410567,1598410551,16
2020/8/26 09:55,1598410507,1598410509,-2
2020/8/26 09:54,1598410447,1598410448,-1
2020/8/26 09:53,1598410387,1598410387,0
2020/8/26 09:52,1598410327,1598410223,104
2020/8/26 09:51,1598410267,1598410223,44
2020/8/26 09:50,1598410207,1598410190,17
2020/8/26 09:49,1598410147,1598410150,-3
2020/8/26 09:48,1598410087,1598410060,27
2020/8/26 09:47,1598410027,1598410019,8
2020/8/26 09:46,1598409967,1598409958,9
2020/8/26 09:45,1598409907,1598409887,20
2020/8/26 09:44,1598409847,1598409785,62
2020/8/26 09:43,1598409787,1598409785,2
2020/8/26 09:42,1598409727,1598409722,5
2020/8/26 09:41,1598409667,1598409655,12
2020/8/26 09:40,1598409607,1598409598,9
2020/8/26 09:39,1598409547,1598409551,-4
2020/8/26 09:38,1598409487,1598409480,7
2020/8/26 09:37,1598409427,1598409399,28
2020/8/26 09:36,1598409367,1598409368,-1
2020/8/26 09:35,1598409307,1598409310,-3
2020/8/26 09:34,1598409247,1598409236,11
2020/8/26 09:33,1598409187,1598409174,13
2020/8/26 09:32,1598409127,1598409122,5
2020/8/26 09:31,1598409067,1598409069,-2
2020/8/26 09:30,1598409007,1598408981,26
2020/8/26 09:29,1598408947,1598408900,47
2020/8/26 09:28,1598408887,1598408885,2
2020/8/26 09:27,1598408827,1598408787,40
2020/8/26 09:26,1598408767,1598408747,20
2020/8/26 09:25,1598408707,1598408706,1
2020/8/26 09:24,1598408647,1598408634,13
2020/8/26 09:23,1598408587,1598408539,48
2020/8/26 09:22,1598408527,1598408509,18
2020/8/26 09:21,1598408467,1598408460,7
2020/8/26 09:20,1598408407,1598408410,-3
2020/8/26 09:19,1598408347,1598408277,70
2020/8/26 09:18,1598408287,1598408277,10
2020/8/26 09:17,1598408227,1598408206,21
2020/8/26 09:16,1598408167,1598408162,5
2020/8/26 09:15,1598408107,1598408074,33
2020/8/26 09:14,1598408047,1598408043,4
2020/8/26 09:13,1598407987,1598407981,6
2020/8/26 09:12,1598407927,1598407930,-3
2020/8/26 09:11,1598407867,1598407856,11
2020/8/26 09:10,1598407807,1598407722,85
2020/8/26 09:09,1598407747,1598407722,25
2020/8/26 09:08,1598407687,1598407654,33
2020/8/26 09:07,1598407627,1598407619,8
2020/8/26 09:06,1598407567,1598407560,7
2020/8/26 09:05,1598407507,1598407465,42
2020/8/26 09:04,1598407447,1598407422,25
2020/8/26 09:03,1598407387,1598407383,4
2020/8/26 09:02,1598407327,1598407322,5
2020/8/26 09:01,1598407267,1598407248,19
2020/8/26 09:00,1598407207,1598407174,33
2020/8/26 08:59,1598407147,1598407093,54
2020/8/26 08:58,1598407087,1598407043,44
2020/8/26 08:57,1598407027,1598406980,47
2020/8/26 08:56,1598406967,1598406959,8
2020/8/26 08:55,1598406907,1598406891,16
2020/8/26 08:54,1598406847,1598406828,19
2020/8/26 08:53,1598406787,1598406767,20
2020/8/26 08:52,1598406727,1598406696,31
2020/8/26 08:51,1598406667,1598406604,63
2020/8/26 08:50,1598406607,1598406604,3
2020/8/26 08:49,1598406547,1598406543,4
2020/8/26 08:48,1598406487,1598406472,15
2020/8/26 08:47,1598406427,1598406379,48
2020/8/26 08:46,1598406367,1598406352,15
2020/8/26 08:45,1598406307,1598406306,1
2020/8/26 08:44,1598406247,1598406245,2
2020/8/26 08:43,1598406187,1598406162,25
2020/8/26 08:42,1598406127,1598406128,-1
2020/8/26 08:41,1598406067,1598406058,9
2020/8/26 08:40,1598406007,1598405960,47
2020/8/26 08:39,1598405947,1598405940,7
2020/8/26 08:38,1598405887,1598405868,19
2020/8/26 08:37,1598405827,1598405817,10
2020/8/26 08:36,1598405767,1598405724,43
2020/8/26 08:35,1598405707,1598405705,2
2020/8/26 08:34,1598405647,1598405623,24
2020/8/26 08:33,1598405587,1598405571,16
2020/8/26 08:32,1598405527,1598405510,17
2020/8/26 08:31,1598405467,1598405453,14
2020/8/26 08:30,1598405407,1598405377,30
2020/8/26 08:29,1598405347,1598405265,82
2020/8/26 08:28,1598405287,1598405265,22
2020/8/26 08:27,1598405227,1598405183,44
2020/8/26 08:26,1598405167,1598405163,4
2020/8/26 08:25,1598405107,1598405081,26
2020/8/26 08:24,1598405047,1598405040,7
2020/8/26 08:23,1598404987,1598404948,39
2020/8/26 08:22,1598404927,1598404916,11
2020/8/26 08:21,1598404867,1598404868,-1
2020/8/26 08:20,1598404807,1598404799,8
2020/8/26 08:19,1598404747,1598404666,81
2020/8/26 08:18,1598404687,1598404666,21
2020/8/26 08:17,1598404627,1598404582,45
2020/8/26 08:16,1598404567,1598404564,3
2020/8/26 08:15,1598404507,1598404482,25
2020/8/26 08:14,1598404447,1598404444,3
2020/8/26 08:13,1598404387,1598404391,-4
2020/8/26 08:12,1598404327,1598404308,19
2020/8/26 08:11,1598404267,1598404247,20
2020/8/26 08:10,1598404207,1598404203,4
2020/8/26 08:09,1598404147,1598404104,43
2020/8/26 08:08,1598404087,1598404088,-1
2020/8/26 08:07,1598404027,1598404023,4
2020/8/26 08:06,1598403967,1598403967,0
2020/8/26 08:05,1598403907,1598403908,-1
2020/8/26 08:04,1598403847,1598403848,-1
2020/8/26 08:03,1598403787,1598403723,64
2020/8/26 08:02,1598403727,1598403723,4
2020/8/26 08:01,1598403667,1598403511,156
2020/8/26 08:00,1598403607,1598403511,96
2020/8/26 07:59,1598403547,1598403511,36
2020/8/26 07:58,1598403487,1598403460,27
2020/8/26 07:57,1598403427,1598403420,7
2020/8/26 07:56,1598403367,1598403369,-2
2020/8/26 07:55,1598403307,1598403308,-1
2020/8/26 07:54,1598403247,1598403243,4
2020/8/26 07:53,1598403187,1598403186,1
2020/8/26 07:52,1598403127,1598403124,3
2020/8/26 07:51,1598403067,1598403001,66
2020/8/26 07:50,1598403007,1598403001,6
2020/8/26 07:49,1598402947,1598402950,-3
2020/8/26 07:48,1598402887,1598402887,0
2020/8/26 07:47,1598402827,1598402767,60
2020/8/26 07:46,1598402767,1598402767,0
2020/8/26 07:45,1598402707,1598402635,72
2020/8/26 07:44,1598402647,1598402635,12
2020/8/26 07:43,1598402587,1598402590,-3
2020/8/26 07:42,1598402527,1598402522,5
2020/8/26 07:41,1598402467,1598402450,17
2020/8/26 07:40,1598402407,1598402388,19
2020/8/26 07:39,1598402347,1598402326,21
2020/8/26 07:38,1598402287,1598402205,82
2020/8/26 07:37,1598402227,1598402205,22
2020/8/26 07:36,1598402167,1598402164,3
2020/8/26 07:35,1598402107,1598401990,117
2020/8/26 07:34,1598402047,1598401990,57
2020/8/26 07:33,1598401987,1598401990,-3
2020/8/26 07:32,1598401927,1598401926,1
2020/8/26 07:31,1598401867,1598401837,30
2020/8/26 07:30,1598401807,1598401772,35
2020/8/26 07:29,1598401747,1598401714,33
2020/8/26 07:28,1598401687,1598401685,2
2020/8/26 07:27,1598401627,1598401588,39
2020/8/26 07:26,1598401567,1598401551,16
2020/8/26 07:25,1598401507,1598401501,6
2020/8/26 07:24,1598401447,1598401450,-3
2020/8/26 07:23,1598401387,1598401369,18
2020/8/26 07:22,1598401327,1598401297,30
2020/8/26 07:21,1598401267,1598401267,0
2020/8/26 07:20,1598401207,1598401155,52
2020/8/26 07:19,1598401147,1598401044,103
2020/8/26 07:18,1598401087,1598401044,43
2020/8/26 07:17,1598401027,1598401002,25
2020/8/26 07:16,1598400967,1598400930,37
2020/8/26 07:15,1598400907,1598400747,160
2020/8/26 07:14,1598400847,1598400747,100
2020/8/26 07:13,1598400787,1598400747,40
2020/8/26 07:12,1598400727,1598399850,877
2020/8/26 07:11,1598400667,1598399850,817
2020/8/26 07:10,1598400607,1598399850,757
2020/8/26 07:09,1598400547,1598399850,697
2020/8/26 07:08,1598400487,1598399850,637
2020/8/26 07:07,1598400427,1598399850,577
2020/8/26 07:06,1598400367,1598399850,517
2020/8/26 07:05,1598400307,1598399850,457
2020/8/26 07:04,1598400247,1598399850,397
2020/8/26 07:03,1598400187,1598399850,337
2020/8/26 07:02,1598400127,1598399850,277
2020/8/26 07:01,1598400067,1598399850,217
2020/8/26 07:00,1598400007,1598399850,157
2020/8/26 06:59,1598399947,1598399850,97
2020/8/26 06:58,1598399887,1598399850,37
2020/8/26 06:57,1598399827,1598399627,200
2020/8/26 06:56,1598399767,1598399627,140
2020/8/26 06:55,1598399707,1598399627,80
2020/8/26 06:54,1598399647,1598399627,20
2020/8/26 06:53,1598399587,1598399302,285
2020/8/26 06:52,1598399527,1598399302,225
2020/8/26 06:51,1598399467,1598399302,165
2020/8/26 06:50,1598399407,1598399302,105
2020/8/26 06:49,1598399347,1598399302,45
2020/8/26 06:48,1598399287,1598399257,30
2020/8/26 06:47,1598399227,1598399218,9
2020/8/26 06:46,1598399167,1598399089,78
2020/8/26 06:45,1598399107,1598399089,18
2020/8/26 06:44,1598399047,1598399050,-3
2020/8/26 06:43,1598398987,1598398920,67
2020/8/26 06:42,1598398927,1598398920,7
2020/8/26 06:41,1598398867,1598398749,118
2020/8/26 06:40,1598398807,1598398749,58
2020/8/26 06:39,1598398747,1598398749,-2
2020/8/26 06:38,1598398687,1598398524,163
2020/8/26 06:37,1598398627,1598398524,103
2020/8/26 06:36,1598398567,1598398524,43
2020/8/26 06:35,1598398507,1598398393,114
2020/8/26 06:34,1598398447,1598398393,54
2020/8/26 06:33,1598398387,1598398317,70
2020/8/26 06:32,1598398327,1598398317,10
2020/8/26 06:31,1598398267,1598398270,-3
2020/8/26 06:30,1598398207,1598398179,28
2020/8/26 06:29,1598398147,1598398118,29
2020/8/26 06:28,1598398087,1598398088,-1
2020/8/26 06:27,1598398027,1598397995,32
2020/8/26 06:26,1598397967,1598397914,53
2020/8/26 06:25,1598397907,1598397894,13
2020/8/26 06:24,1598397847,1598397822,25
2020/8/26 06:23,1598397787,1598397771,16
2020/8/26 06:22,1598397727,1598397730,-3
2020/8/26 06:21,1598397667,1598397660,7
2020/8/26 06:20,1598397607,1598397575,32
2020/8/26 06:19,1598397547,1598397504,43
2020/8/26 06:18,1598397487,1598397418,69
2020/8/26 06:17,1598397427,1598397418,9
2020/8/26 06:16,1598397368,1598397321,47
2020/8/26 06:15,1598397307,1598397249,58
2020/8/26 06:14,1598397247,1598397249,-2
2020/8/26 06:13,1598397187,1598397137,50
2020/8/26 06:12,1598397127,1598397126,1
2020/8/26 06:11,1598397067,1598397025,42
2020/8/26 06:10,1598397007,1598396954,53
2020/8/26 06:09,1598396947,1598396932,15
2020/8/26 06:08,1598396887,1598396873,14
2020/8/26 06:07,1598396827,1598396822,5
2020/8/26 06:06,1598396767,1598396750,17
2020/8/26 06:05,1598396707,1598396698,9
2020/8/26 06:04,1598396647,1598396588,59
2020/8/26 06:03,1598396587,1598396588,-1
2020/8/26 06:02,1598396527,1598396434,93
2020/8/26 06:01,1598396467,1598396434,33
2020/8/26 06:00,1598396407,1598396331,76
2020/8/26 05:59,1598396347,1598396331,16
2020/8/26 05:58,1598396287,1598396282,5
2020/8/26 05:57,1598396227,1598396224,3
2020/8/26 05:56,1598396168,1598396163,5
2020/8/26 05:55,1598396107,1598396095,12
2020/8/26 05:54,1598396047,1598395997,50
2020/8/26 05:53,1598395987,1598395985,2
2020/8/26 05:52,1598395927,1598395888,39
2020/8/26 05:51,1598395867,1598395834,33
2020/8/26 05:50,1598395807,1598395773,34
2020/8/26 05:49,1598395747,1598395712,35
2020/8/26 05:48,1598395687,1598395651,36
2020/8/26 05:47,1598395627,1598395629,-2
2020/8/26 05:46,1598395567,1598395478,89
2020/8/26 05:45,1598395507,1598395478,29
2020/8/26 05:44,1598395447,1598395447,0
2020/8/26 05:43,1598395387,1598395382,5
2020/8/26 05:42,1598395327,1598395325,2
2020/8/26 05:41,1598395267,1598395253,14
2020/8/26 05:40,1598395207,1598395192,15
2020/8/26 05:39,1598395147,1598395102,45
2020/8/26 05:38,1598395087,1598395090,-3
2020/8/26 05:37,1598395027,1598395008,19
2020/8/26 05:36,1598394967,1598394967,0
2020/8/26 05:35,1598394907,1598394868,39
2020/8/26 05:34,1598394847,1598394784,63
2020/8/26 05:33,1598394787,1598394784,3
2020/8/26 05:32,1598394727,1598394703,24
2020/8/26 05:31,1598394667,1598394619,48
2020/8/26 05:30,1598394607,1598394610,-3
2020/8/26 05:29,1598394547,1598394519,28
2020/8/26 05:28,1598394487,1598394489,-2
2020/8/26 05:27,1598394427,1598394408,19
2020/8/26 05:26,1598394367,1598394357,10
2020/8/26 05:25,1598394307,1598394265,42
2020/8/26 05:24,1598394247,1598394213,34
2020/8/26 05:23,1598394187,1598394189,-2
2020/8/26 05:22,1598394127,1598394112,15
2020/8/26 05:21,1598394067,1598394045,22
2020/8/26 05:20,1598394007,1598394000,7
2020/8/26 05:19,1598393947,1598393939,8
2020/8/26 05:18,1598393887,1598393867,20
2020/8/26 05:17,1598393827,1598393818,9
2020/8/26 05:16,1598393767,1598393714,53
2020/8/26 05:15,1598393707,1598393693,14
2020/8/26 05:14,1598393647,1598393641,6
2020/8/26 05:13,1598393587,1598393561,26
2020/8/26 05:12,1598393527,1598393480,47
2020/8/26 05:11,1598393467,1598393418,49
2020/8/26 05:10,1598393407,1598393392,15
2020/8/26 05:09,1598393347,1598393347,0
2020/8/26 05:08,1598393287,1598393281,6
2020/8/26 05:07,1598393227,1598393225,2
2020/8/26 05:06,1598393167,1598393164,3
2020/8/26 05:05,1598393107,1598393072,35
2020/8/26 05:04,1598393047,1598393031,16
2020/8/26 05:03,1598392987,1598392893,94
2020/8/26 05:02,1598392927,1598392893,34
2020/8/26 05:01,1598392867,1598392854,13
2020/8/26 05:00,1598392807,1598392762,45
2020/8/26 04:59,1598392747,1598392670,77
2020/8/26 04:58,1598392687,1598392670,17
2020/8/26 04:57,1598392627,1598392629,-2
2020/8/26 04:56,1598392567,1598392557,10
2020/8/26 04:55,1598392507,1598392486,21
2020/8/26 04:54,1598392447,1598392424,23
2020/8/26 04:53,1598392387,1598392339,48
2020/8/26 04:52,1598392328,1598392302,26
2020/8/26 04:51,1598392267,1598392230,37
2020/8/26 04:50,1598392207,1598392187,20
2020/8/26 04:49,1598392147,1598392143,4
2020/8/26 04:48,1598392087,1598392074,13
2020/8/26 04:47,1598392027,1598392029,-2
2020/8/26 04:46,1598391967,1598391969,-2
2020/8/26 04:45,1598391907,1598391904,3
2020/8/26 04:44,1598391847,1598391847,0
2020/8/26 04:43,1598391787,1598391782,5
2020/8/26 04:42,1598391727,1598391711,16
2020/8/26 04:41,1598391667,1598391650,17
2020/8/26 04:40,1598391607,1598391598,9
2020/8/26 04:39,1598391547,1598391515,32
2020/8/26 04:38,1598391487,1598391487,0
2020/8/26 04:37,1598391427,1598391424,3
2020/8/26 04:36,1598391367,1598391362,5
2020/8/26 04:35,1598391307,1598391308,-1
2020/8/26 04:34,1598391247,1598391221,26
2020/8/26 04:33,1598391187,1598391169,18
2020/8/26 04:32,1598391127,1598391129,-2
2020/8/26 04:31,1598391067,1598391031,36
2020/8/26 04:30,1598391007,1598391007,0
2020/8/26 04:29,1598390947,1598390935,12
2020/8/26 04:28,1598390887,1598390877,10
2020/8/26 04:27,1598390827,1598390820,7
2020/8/26 04:26,1598390767,1598390768,-1
2020/8/26 04:25,1598390707,1598390670,37
2020/8/26 04:24,1598390647,1598390528,119
2020/8/26 04:23,1598390587,1598390528,59
2020/8/26 04:22,1598390527,1598390528,-1
2020/8/26 04:21,1598390467,1598390469,-2
2020/8/26 04:20,1598390407,1598390374,33
2020/8/26 04:19,1598390347,1598390344,3
2020/8/26 04:18,1598390287,1598390271,16
2020/8/26 04:17,1598390227,1598390139,88
2020/8/26 04:16,1598390167,1598390139,28
2020/8/26 04:15,1598390107,1598390087,20
2020/8/26 04:14,1598390047,1598390047,0
2020/8/26 04:13,1598389987,1598389884,103
2020/8/26 04:12,1598389927,1598389884,43
2020/8/26 04:11,1598389867,1598389867,0
2020/8/26 04:10,1598389807,1598389770,37
2020/8/26 04:09,1598389747,1598389732,15
2020/8/26 04:08,1598389687,1598389658,29
2020/8/26 04:07,1598389627,1598389599,28
2020/8/26 04:06,1598389567,1598389465,102
2020/8/26 04:05,1598389507,1598389465,42
2020/8/26 04:04,1598389447,1598389383,64
2020/8/26 04:03,1598389387,1598389383,4
2020/8/26 04:02,1598389327,1598389289,38
2020/8/26 04:01,1598389267,1598389269,-2
2020/8/26 04:00,1598389207,1598389156,51
2020/8/26 03:59,1598389147,1598389135,12
2020/8/26 03:58,1598389087,1598389075,12
2020/8/26 03:57,1598389027,1598388973,54
2020/8/26 03:56,1598388967,1598388901,66
2020/8/26 03:55,1598388908,1598388901,7
2020/8/26 03:54,1598388847,1598388819,28
2020/8/26 03:53,1598388787,1598388778,9
2020/8/26 03:52,1598388727,1598388697,30
2020/8/26 03:51,1598388667,1598388635,32
2020/8/26 03:50,1598388607,1598388584,23
2020/8/26 03:49,1598388547,1598388544,3
2020/8/26 03:48,1598388487,1598388431,56
2020/8/26 03:47,1598388427,1598388425,2
2020/8/26 03:46,1598388367,1598388361,6
2020/8/26 03:45,1598388307,1598388287,20
2020/8/26 03:44,1598388248,1598388226,22
2020/8/26 03:43,1598388187,1598388175,12
2020/8/26 03:42,1598388127,1598388123,4
2020/8/26 03:41,1598388067,1598388069,-2
2020/8/26 03:40,1598388007,1598387969,38
2020/8/26 03:39,1598387947,1598387898,49
2020/8/26 03:38,1598387887,1598387857,30
2020/8/26 03:37,1598387827,1598387826,1
2020/8/26 03:36,1598387767,1598387745,22
2020/8/26 03:35,1598387707,1598387653,54
2020/8/26 03:34,1598387647,1598387637,10
2020/8/26 03:33,1598387587,1598387552,35
2020/8/26 03:32,1598387527,1598387368,159
2020/8/26 03:31,1598387467,1598387368,99
2020/8/26 03:30,1598387407,1598387368,39
2020/8/26 03:29,1598387347,1598387277,70
2020/8/26 03:28,1598387287,1598387277,10
2020/8/26 03:27,1598387227,1598387196,31
2020/8/26 03:26,1598387167,1598387144,23
2020/8/26 03:25,1598387107,1598387104,3
2020/8/26 03:24,1598387047,1598387023,24
2020/8/26 03:23,1598386987,1598386982,5
2020/8/26 03:22,1598386927,1598386890,37
2020/8/26 03:21,1598386867,1598386870,-3
2020/8/26 03:20,1598386807,1598386788,19
2020/8/26 03:19,1598386747,1598386675,72
2020/8/26 03:18,1598386687,1598386675,12
2020/8/26 03:17,1598386627,1598386624,3
2020/8/26 03:16,1598386567,1598386533,34
2020/8/26 03:15,1598386507,1598386462,45
2020/8/26 03:14,1598386447,1598386422,25
2020/8/26 03:13,1598386387,1598386369,18
2020/8/26 03:12,1598386327,1598386267,60
2020/8/26 03:11,1598386267,1598386267,0
2020/8/26 03:10,1598386207,1598386206,1
2020/8/26 03:09,1598386147,1598386114,33
2020/8/26 03:08,1598386087,1598386076,11
2020/8/26 03:07,1598386027,1598385982,45
2020/8/26 03:06,1598385967,1598385921,46
2020/8/26 03:05,1598385907,1598385881,26
2020/8/26 03:04,1598385847,1598385790,57
2020/8/26 03:03,1598385787,1598385790,-3
2020/8/26 03:02,1598385727,1598385725,2
2020/8/26 03:01,1598385667,1598385646,21
2020/8/26 03:00,1598385607,1598385555,52
2020/8/26 02:59,1598385547,1598385513,34
2020/8/26 02:58,1598385487,1598385401,86
2020/8/26 02:57,1598385427,1598385401,26
2020/8/26 02:56,1598385367,1598385310,57
2020/8/26 02:55,1598385307,1598385225,82
2020/8/26 02:54,1598385247,1598385225,22
2020/8/26 02:53,1598385187,1598385113,74
2020/8/26 02:52,1598385127,1598385113,14
2020/8/26 02:51,1598385067,1598384953,114
2020/8/26 02:50,1598385007,1598384953,54
2020/8/26 02:49,1598384947,1598384861,86
2020/8/26 02:48,1598384887,1598384861,26
2020/8/26 02:47,1598384827,1598384803,24
2020/8/26 02:46,1598384767,1598384718,49
2020/8/26 02:45,1598384707,1598384703,4
2020/8/26 02:44,1598384647,1598384565,82
2020/8/26 02:43,1598384587,1598384565,22
2020/8/26 02:42,1598384527,1598384504,23
2020/8/26 02:41,1598384467,1598384463,4
2020/8/26 02:40,1598384407,1598384310,97
2020/8/26 02:39,1598384347,1598384310,37
2020/8/26 02:38,1598384287,1598384260,27
2020/8/26 02:37,1598384227,1598384228,-1
2020/8/26 02:36,1598384167,1598384167,0
2020/8/26 02:35,1598384107,1598384066,41
2020/8/26 02:34,1598384047,1598384045,2
2020/8/26 02:33,1598383987,1598383960,27
2020/8/26 02:32,1598383927,1598383904,23
2020/8/26 02:31,1598383867,1598383809,58
2020/8/26 02:30,1598383807,1598383809,-2
2020/8/26 02:29,1598383747,1598383687,60
2020/8/26 02:28,1598383687,1598383687,0
2020/8/26 02:27,1598383627,1598383605,22
2020/8/26 02:26,1598383567,1598383535,32
2020/8/26 02:25,1598383507,1598383508,-1
2020/8/26 02:24,1598383447,1598383450,-3
2020/8/26 02:23,1598383387,1598383371,16
2020/8/26 02:22,1598383327,1598383330,-3
2020/8/26 02:21,1598383267,1598383248,19
2020/8/26 02:20,1598383207,1598383093,114
2020/8/26 02:19,1598383147,1598383093,54
2020/8/26 02:18,1598383087,1598383075,12
2020/8/26 02:17,1598383027,1598382993,34
2020/8/26 02:16,1598382967,1598382945,22
2020/8/26 02:15,1598382907,1598382905,2
2020/8/26 02:14,1598382847,1598382846,1
2020/8/26 02:13,1598382787,1598382769,18
2020/8/26 02:12,1598382727,1598382668,59
2020/8/26 02:11,1598382667,1598382668,-1
2020/8/26 02:10,1598382607,1598382596,11
2020/8/26 02:09,1598382547,1598382443,104
2020/8/26 02:08,1598382487,1598382443,44
2020/8/26 02:07,1598382427,1598382403,24
2020/8/26 02:06,1598382367,1598382321,46
2020/8/26 02:05,1598382307,1598382291,16
2020/8/26 02:04,1598382247,1598382230,17
2020/8/26 02:03,1598382187,1598382189,-2
2020/8/26 02:02,1598382127,1598382124,3
2020/8/26 02:01,1598382067,1598382056,11
2020/8/26 02:00,1598382007,1598382009,-2
2020/8/26 01:59,1598381947,1598381901,46
2020/8/26 01:58,1598381887,1598381890,-3
2020/8/26 01:57,1598381827,1598381780,47
2020/8/26 01:56,1598381767,1598381710,57
2020/8/26 01:55,1598381707,1598381710,-3
2020/8/26 01:54,1598381647,1598381598,49
2020/8/26 01:53,1598381587,1598381547,40
2020/8/26 01:52,1598381527,1598381483,44
2020/8/26 01:51,1598381467,1598381455,12
2020/8/26 01:50,1598381407,1598381388,19
2020/8/26 01:49,1598381347,1598381343,4
2020/8/26 01:48,1598381287,1598381242,45
2020/8/26 01:47,1598381227,1598381191,36
2020/8/26 01:46,1598381168,1598381161,7
2020/8/26 01:45,1598381107,1598381079,28
2020/8/26 01:44,1598381047,1598381044,3
2020/8/26 01:43,1598380987,1598380983,4
2020/8/26 01:42,1598380927,1598380926,1
2020/8/26 01:41,1598380867,1598380803,64
2020/8/26 01:40,1598380807,1598380803,4
2020/8/26 01:39,1598380747,1598380742,5
2020/8/26 01:38,1598380687,1598380682,5
2020/8/26 01:37,1598380627,1598380569,58
2020/8/26 01:36,1598380567,1598380569,-2
2020/8/26 01:35,1598380507,1598380401,106
2020/8/26 01:34,1598380447,1598380401,46
2020/8/26 01:33,1598380387,1598380374,13
2020/8/26 01:32,1598380327,1598380304,23
2020/8/26 01:31,1598380267,1598380151,116
2020/8/26 01:30,1598380207,1598380151,56
2020/8/26 01:29,1598380147,1598380090,57
2020/8/26 01:28,1598380087,1598380090,-3
2020/8/26 01:27,1598380027,1598379943,84
2020/8/26 01:26,1598379967,1598379943,24
2020/8/26 01:25,1598379907,1598379902,5
2020/8/26 01:24,1598379847,1598379791,56
2020/8/26 01:23,1598379787,1598379789,-2
2020/8/26 01:22,1598379727,1598379701,26
2020/8/26 01:21,1598379667,1598379657,10
2020/8/26 01:20,1598379607,1598379522,85
2020/8/26 01:19,1598379547,1598379522,25
2020/8/26 01:18,1598379487,1598379415,72
2020/8/26 01:17,1598379427,1598379415,12
2020/8/26 01:16,1598379367,1598379333,34
2020/8/26 01:15,1598379307,1598379201,106
2020/8/26 01:14,1598379247,1598379201,46
2020/8/26 01:13,1598379187,1598379109,78
2020/8/26 01:12,1598379127,1598379109,18
2020/8/26 01:11,1598379067,1598379048,19
2020/8/26 01:10,1598379007,1598379000,7
2020/8/26 01:09,1598378947,1598378950,-3
2020/8/26 01:08,1598378887,1598378884,3
2020/8/26 01:07,1598378827,1598378828,-1
2020/8/26 01:06,1598378767,1598378752,15
2020/8/26 01:05,1598378707,1598378703,4
2020/8/26 01:04,1598378647,1598378624,23
2020/8/26 01:03,1598378587,1598378560,27
2020/8/26 01:02,1598378527,1598378502,25
2020/8/26 01:01,1598378467,1598378467,0
2020/8/26 01:00,1598378407,1598378406,1
2020/8/26 00:59,1598378347,1598378344,3
2020/8/26 00:58,1598378287,1598378277,10
2020/8/26 00:57,1598378227,1598378223,4
2020/8/26 00:56,1598378167,1598378169,-2
2020/8/26 00:55,1598378107,1598378080,27
2020/8/26 00:54,1598378047,1598378039,8
2020/8/26 00:53,1598377987,1598377985,2
2020/8/26 00:52,1598377927,1598377897,30
2020/8/26 00:51,1598377867,1598377836,31
2020/8/26 00:50,1598377807,1598377790,17
2020/8/26 00:49,1598377747,1598377682,65
2020/8/26 00:48,1598377687,1598377682,5
2020/8/26 00:47,1598377627,1598377601,26
2020/8/26 00:46,1598377567,1598377540,27
2020/8/26 00:45,1598377507,1598377386,121
2020/8/26 00:44,1598377447,1598377386,61
2020/8/26 00:43,1598377387,1598377386,1
2020/8/26 00:42,1598377327,1598377253,74
2020/8/26 00:41,1598377267,1598377253,14
2020/8/26 00:40,1598377207,1598377170,37
2020/8/26 00:39,1598377147,1598377069,78
2020/8/26 00:38,1598377087,1598377069,18
2020/8/26 00:37,1598377027,1598377022,5
2020/8/26 00:36,1598376967,1598376951,16
2020/8/26 00:35,1598376907,1598376886,21
2020/8/26 00:34,1598376847,1598376827,20
2020/8/26 00:33,1598376787,1598376781,6
2020/8/26 00:32,1598376727,1598376702,25
2020/8/26 00:31,1598376667,1598376666,1
2020/8/26 00:30,1598376607,1598376591,16
2020/8/26 00:29,1598376547,1598376519,28
2020/8/26 00:28,1598376487,1598376488,-1
2020/8/26 00:27,1598376427,1598376408,19
2020/8/26 00:26,1598376367,1598376327,40
2020/8/26 00:25,1598376307,1598376307,0
2020/8/26 00:24,1598376247,1598376204,43
2020/8/26 00:23,1598376187,1598376186,1
2020/8/26 00:22,1598376127,1598376122,5
2020/8/26 00:21,1598376067,1598376019,48
2020/8/26 00:20,1598376007,1598375994,13
2020/8/26 00:19,1598375947,1598375949,-2
2020/8/26 00:18,1598375887,1598375877,10
2020/8/26 00:17,1598375827,1598375775,52
2020/8/26 00:16,1598375767,1598375714,53
2020/8/26 00:15,1598375707,1598375653,54
2020/8/26 00:14,1598375647,1598375592,55
2020/8/26 00:13,1598375587,1598375581,6
2020/8/26 00:12,1598375527,1598375525,2
2020/8/26 00:11,1598375467,1598375438,29
2020/8/26 00:10,1598375407,1598375409,-2
2020/8/26 00:09,1598375347,1598375326,21
2020/8/26 00:08,1598375287,1598375265,22
2020/8/26 00:07,1598375227,1598375219,8
2020/8/26 00:06,1598375167,1598375134,33
2020/8/26 00:05,1598375107,1598375096,11
2020/8/26 00:04,1598375047,1598375046,1
2020/8/26 00:03,1598374987,1598374886,101
2020/8/26 00:02,1598374927,1598374886,41
2020/8/26 00:01,1598374867,1598374866,1
2020/8/26 00:00,1598374807,1598374774,33
2020/8/25 23:59,1598374747,1598374703,44
2020/8/25 23:58,1598374687,1598374687,0
2020/8/25 23:57,1598374627,1598374612,15
2020/8/25 23:56,1598374567,1598374561,6
2020/8/25 23:55,1598374507,1598374510,-3
2020/8/25 23:54,1598374447,1598374428,19
2020/8/25 23:53,1598374387,1598374368,19
2020/8/25 23:52,1598374327,1598374316,11
2020/8/25 23:51,1598374267,1598374202,65
2020/8/25 23:50,1598374207,1598374202,5
2020/8/25 23:49,1598374147,1598374102,45
2020/8/25 23:48,1598374087,1598374075,12
2020/8/25 23:47,1598374027,1598374016,11
2020/8/25 23:46,1598373967,1598373960,7
2020/8/25 23:45,1598373907,1598373877,30
2020/8/25 23:44,1598373847,1598373826,21
2020/8/25 23:43,1598373787,1598373785,2
2020/8/25 23:42,1598373727,1598373694,33
2020/8/25 23:41,1598373667,1598373656,11
2020/8/25 23:40,1598373607,1598373582,25
2020/8/25 23:39,1598373547,1598373535,12
2020/8/25 23:38,1598373487,1598373358,129
2020/8/25 23:37,1598373427,1598373358,69
2020/8/25 23:36,1598373367,1598373358,9
2020/8/25 23:35,1598373307,1598373216,91
2020/8/25 23:34,1598373247,1598373216,31
2020/8/25 23:33,1598373187,1598373094,93
2020/8/25 23:32,1598373127,1598373094,33
2020/8/25 23:31,1598373067,1598373054,13
2020/8/25 23:30,1598373007,1598372931,76
2020/8/25 23:29,1598372947,1598372931,16
2020/8/25 23:28,1598372887,1598372849,38
2020/8/25 23:27,1598372827,1598372819,8
2020/8/25 23:26,1598372767,1598372764,3
2020/8/25 23:25,1598372707,1598372657,50
2020/8/25 23:24,1598372647,1598372646,1
2020/8/25 23:23,1598372587,1598372587,0
2020/8/25 23:22,1598372527,1598372514,13
2020/8/25 23:21,1598372467,1598372462,5
2020/8/25 23:20,1598372407,1598372391,16
2020/8/25 23:19,1598372347,1598372331,16
2020/8/25 23:18,1598372287,1598372228,59
2020/8/25 23:17,1598372227,1598372228,-1
2020/8/25 23:16,1598372167,1598372106,61
2020/8/25 23:15,1598372107,1598372106,1
2020/8/25 23:14,1598372047,1598372048,-1
2020/8/25 23:13,1598371987,1598371953,34
2020/8/25 23:12,1598371927,1598371892,35
2020/8/25 23:11,1598371867,1598371868,-1
2020/8/25 23:10,1598371807,1598371759,48
2020/8/25 23:09,1598371747,1598371647,100
2020/8/25 23:08,1598371687,1598371647,40
2020/8/25 23:07,1598371627,1598371596,31
2020/8/25 23:06,1598371567,1598371458,109
2020/8/25 23:05,1598371507,1598371458,49
2020/8/25 23:04,1598371447,1598371423,24
2020/8/25 23:03,1598371387,1598371372,15
2020/8/25 23:02,1598371327,1598371291,36
2020/8/25 23:01,1598371267,1598371235,32
2020/8/25 23:00,1598371207,1598371188,19
2020/8/25 22:59,1598371147,1598371107,40
2020/8/25 22:58,1598371087,1598371060,27
2020/8/25 22:57,1598371027,1598370985,42
2020/8/25 22:56,1598370967,1598370924,43
2020/8/25 22:55,1598370907,1598370908,-1
2020/8/25 22:54,1598370847,1598370812,35
2020/8/25 22:53,1598370787,1598370771,16
2020/8/25 22:52,1598370727,1598370689,38
2020/8/25 22:51,1598370667,1598370649,18
2020/8/25 22:50,1598370607,1598370587,20
2020/8/25 22:49,1598370547,1598370539,8
2020/8/25 22:48,1598370487,1598370455,32
2020/8/25 22:47,1598370427,1598370394,33
2020/8/25 22:46,1598370367,1598370343,24
2020/8/25 22:45,1598370307,1598370282,25
2020/8/25 22:44,1598370247,1598370221,26
2020/8/25 22:43,1598370187,1598370180,7
2020/8/25 22:42,1598370127,1598370130,-3
2020/8/25 22:41,1598370067,1598370017,50
2020/8/25 22:40,1598370007,1598369987,20
2020/8/25 22:39,1598369947,1598369885,62
2020/8/25 22:38,1598369887,1598369885,2
2020/8/25 22:37,1598369827,1598369824,3
2020/8/25 22:36,1598369767,1598369766,1
2020/8/25 22:35,1598369707,1598369640,67
2020/8/25 22:34,1598369648,1598369640,8
2020/8/25 22:33,1598369587,1598369558,29
2020/8/25 22:32,1598369527,1598369527,0
2020/8/25 22:31,1598369467,1598369467,0
2020/8/25 22:30,1598369407,1598369406,1
2020/8/25 22:29,1598369347,1598369304,43
2020/8/25 22:28,1598369287,1598369274,13
2020/8/25 22:27,1598369227,1598369171,56
2020/8/25 22:26,1598369167,1598369148,19
2020/8/25 22:25,1598369107,1598369091,16
2020/8/25 22:24,1598369047,1598369009,38
2020/8/25 22:23,1598368987,1598368970,17
2020/8/25 22:22,1598368927,1598368903,24
2020/8/25 22:21,1598368867,1598368866,1
2020/8/25 22:20,1598368807,1598368734,73
2020/8/25 22:19,1598368747,1598368734,13
2020/8/25 22:18,1598368687,1598368616,71
2020/8/25 22:17,1598368627,1598368616,11
2020/8/25 22:16,1598368567,1598368518,49
2020/8/25 22:15,1598368507,1598368479,28
2020/8/25 22:14,1598368447,1598368418,29
2020/8/25 22:13,1598368387,1598368332,55
2020/8/25 22:12,1598368327,1598368305,22
2020/8/25 22:11,1598368267,1598368256,11
2020/8/25 22:10,1598368207,1598368193,14
2020/8/25 22:09,1598368147,1598368140,7
2020/8/25 22:08,1598368087,1598368081,6
2020/8/25 22:07,1598368027,1598368025,2
2020/8/25 22:06,1598367967,1598367955,12
2020/8/25 22:05,1598367907,1598367864,43
2020/8/25 22:04,1598367847,1598367849,-2
2020/8/25 22:03,1598367787,1598367788,-1
2020/8/25 22:02,1598367727,1598367714,13
2020/8/25 22:01,1598367667,1598367663,4
2020/8/25 22:00,1598367608,1598367592,16
2020/8/25 21:59,1598367547,1598367510,37
2020/8/25 21:58,1598367487,1598367481,6
2020/8/25 21:57,1598367427,1598367423,4
2020/8/25 21:56,1598367367,1598367305,62
2020/8/25 21:55,1598367307,1598367305,2
2020/8/25 21:54,1598367247,1598367237,10
2020/8/25 21:53,1598367187,1598367179,8
2020/8/25 21:52,1598367127,1598367090,37
2020/8/25 21:51,1598367067,1598367056,11
2020/8/25 21:50,1598367007,1598367005,2
2020/8/25 21:49,1598366947,1598366948,-1
2020/8/25 21:48,1598366887,1598366876,11
2020/8/25 21:47,1598366827,1598366823,4
2020/8/25 21:46,1598366767,1598366754,13
2020/8/25 21:45,1598366708,1598366710,-2
2020/8/25 21:44,1598366647,1598366610,37
2020/8/25 21:43,1598366587,1598366548,39
2020/8/25 21:42,1598366527,1598366487,40
2020/8/25 21:41,1598366467,1598366446,21
2020/8/25 21:40,1598366407,1598366364,43
2020/8/25 21:39,1598366347,1598366343,4
2020/8/25 21:38,1598366287,1598366288,-1
2020/8/25 21:37,1598366227,1598366228,-1
2020/8/25 21:36,1598366167,1598366159,8
2020/8/25 21:35,1598366107,1598366103,4
2020/8/25 21:34,1598366047,1598365996,51
2020/8/25 21:33,1598365987,1598365884,103
2020/8/25 21:32,1598365927,1598365884,43
2020/8/25 21:31,1598365867,1598365822,45
2020/8/25 21:30,1598365807,1598365771,36
2020/8/25 21:29,1598365747,1598365747,0
2020/8/25 21:28,1598365687,1598365628,59
2020/8/25 21:27,1598365627,1598365628,-1
2020/8/25 21:26,1598365567,1598365535,32
2020/8/25 21:25,1598365507,1598365505,2
2020/8/25 21:24,1598365447,1598365403,44
2020/8/25 21:23,1598365387,1598365387,0
2020/8/25 21:22,1598365327,1598365328,-1
2020/8/25 21:21,1598365267,1598365264,3
2020/8/25 21:20,1598365207,1598365167,40
2020/8/25 21:19,1598365147,1598365147,0
2020/8/25 21:18,1598365087,1598365084,3
2020/8/25 21:17,1598365027,1598364962,65
2020/8/25 21:16,1598364967,1598364962,5
2020/8/25 21:15,1598364907,1598364880,27
2020/8/25 21:14,1598364847,1598364846,1
2020/8/25 21:13,1598364787,1598364768,19
2020/8/25 21:12,1598364727,1598364727,0
2020/8/25 21:11,1598364667,1598364666,1
2020/8/25 21:10,1598364607,1598364610,-3
2020/8/25 21:09,1598364547,1598364533,14
2020/8/25 21:08,1598364487,1598364472,15
2020/8/25 21:07,1598364427,1598364410,17
2020/8/25 21:06,1598364367,1598364359,8
2020/8/25 21:05,1598364307,1598364310,-3
2020/8/25 21:04,1598364247,1598364247,0
2020/8/25 21:03,1598364187,1598364186,1
2020/8/25 21:02,1598364127,1598364121,6
2020/8/25 21:01,1598364067,1598364053,14
2020/8/25 21:00,1598364007,1598364005,2
2020/8/25 20:59,1598363947,1598363950,-3
2020/8/25 20:58,1598363887,1598363880,7
2020/8/25 20:57,1598363827,1598363829,-2
2020/8/25 20:56,1598363767,1598363738,29
2020/8/25 20:55,1598363707,1598363686,21
2020/8/25 20:54,1598363647,1598363564,83
2020/8/25 20:53,1598363587,1598363564,23
2020/8/25 20:52,1598363527,1598363512,15
2020/8/25 20:51,1598363467,1598363420,47
2020/8/25 20:50,1598363407,1598363380,27
2020/8/25 20:49,1598363347,1598363349,-2
2020/8/25 20:48,1598363287,1598363267,20
2020/8/25 20:47,1598363227,1598363216,11
2020/8/25 20:46,1598363167,1598363084,83
2020/8/25 20:45,1598363107,1598363084,23
2020/8/25 20:44,1598363047,1598363049,-2
2020/8/25 20:43,1598362987,1598362961,26
2020/8/25 20:42,1598362927,1598362879,48
2020/8/25 20:41,1598362867,1598362854,13
2020/8/25 20:40,1598362807,1598362805,2
2020/8/25 20:39,1598362747,1598362747,0
2020/8/25 20:38,1598362687,1598362678,9
2020/8/25 20:37,1598362627,1598362614,13
2020/8/25 20:36,1598362567,1598362521,46
2020/8/25 20:35,1598362507,1598362502,5
2020/8/25 20:34,1598362447,1598362438,9
2020/8/25 20:33,1598362387,1598362376,11
2020/8/25 20:32,1598362327,1598362322,5
2020/8/25 20:31,1598362267,1598362263,4
2020/8/25 20:30,1598362207,1598362163,44
2020/8/25 20:29,1598362147,1598362123,24
2020/8/25 20:28,1598362087,1598362074,13
2020/8/25 20:27,1598362027,1598361979,48
2020/8/25 20:26,1598361967,1598361887,80
2020/8/25 20:25,1598361907,1598361887,20
2020/8/25 20:24,1598361847,1598361836,11
2020/8/25 20:23,1598361787,1598361775,12
2020/8/25 20:22,1598361727,1598361694,33
2020/8/25 20:21,1598361667,1598361651,16
2020/8/25 20:20,1598361607,1598361600,7
2020/8/25 20:19,1598361547,1598361366,181
2020/8/25 20:18,1598361487,1598361366,121
2020/8/25 20:17,1598361427,1598361366,61
2020/8/25 20:16,1598361367,1598361366,1
2020/8/25 20:15,1598361307,1598361284,23
2020/8/25 20:14,1598361247,1598361201,46
2020/8/25 20:13,1598361187,1598361182,5
2020/8/25 20:12,1598361127,1598361100,27
2020/8/25 20:11,1598361067,1598360998,69
2020/8/25 20:10,1598361007,1598360998,9
2020/8/25 20:09,1598360948,1598360947,1
2020/8/25 20:08,1598360887,1598360886,1
2020/8/25 20:07,1598360827,1598360752,75
2020/8/25 20:06,1598360767,1598360752,15
2020/8/25 20:05,1598360707,1598360671,36
2020/8/25 20:04,1598360647,1598360640,7
2020/8/25 20:03,1598360587,1598360589,-2
2020/8/25 20:02,1598360527,1598360497,30
2020/8/25 20:01,1598360467,1598360446,21
2020/8/25 20:00,1598360407,1598360374,33
2020/8/25 19:59,1598360347,1598360333,14
2020/8/25 19:58,1598360287,1598360251,36
2020/8/25 19:57,1598360227,1598360210,17
2020/8/25 19:56,1598360167,1598360118,49
2020/8/25 19:55,1598360107,1598360101,6
2020/8/25 19:54,1598360047,1598360046,1
2020/8/25 19:53,1598359987,1598359987,0
2020/8/25 19:52,1598359927,1598359904,23
2020/8/25 19:51,1598359867,1598359862,5
2020/8/25 19:50,1598359807,1598359740,67
2020/8/25 19:49,1598359747,1598359740,7
2020/8/25 19:48,1598359687,1598359667,20
2020/8/25 19:47,1598359627,1598359617,10
2020/8/25 19:46,1598359567,1598359469,98
2020/8/25 19:45,1598359507,1598359469,38
2020/8/25 19:44,1598359447,1598359418,29
2020/8/25 19:43,1598359388,1598359343,45
2020/8/25 19:42,1598359327,1598359317,10
2020/8/25 19:41,1598359267,1598359260,7
2020/8/25 19:40,1598359207,1598359208,-1
2020/8/25 19:39,1598359147,1598359100,47
2020/8/25 19:38,1598359087,1598359088,-1
2020/8/25 19:37,1598359027,1598358976,51
2020/8/25 19:36,1598358967,1598358963,4
2020/8/25 19:35,1598358907,1598358844,63
2020/8/25 19:34,1598358847,1598358844,3
2020/8/25 19:33,1598358787,1598358671,116
2020/8/25 19:32,1598358727,1598358671,56
2020/8/25 19:31,1598358667,1598358468,199
2020/8/25 19:30,1598358607,1598358468,139
2020/8/25 19:29,1598358547,1598358468,79
2020/8/25 19:28,1598358487,1598358468,19
2020/8/25 19:27,1598358427,1598358335,92
2020/8/25 19:26,1598358367,1598358335,32
2020/8/25 19:25,1598358307,1598358232,75
2020/8/25 19:24,1598358247,1598358232,15
2020/8/25 19:23,1598358187,1598358161,26
2020/8/25 19:22,1598358127,1598358130,-3
2020/8/25 19:21,1598358067,1598358049,18
2020/8/25 19:20,1598358007,1598357865,142
2020/8/25 19:19,1598357947,1598357865,82
2020/8/25 19:18,1598357887,1598357865,22
2020/8/25 19:17,1598357827,1598357681,146
2020/8/25 19:16,1598357767,1598357681,86
2020/8/25 19:15,1598357707,1598357681,26
2020/8/25 19:14,1598357647,1598357574,73
2020/8/25 19:13,1598357587,1598357574,13
2020/8/25 19:12,1598357527,1598357528,-1
2020/8/25 19:11,1598357467,1598357452,15
2020/8/25 19:10,1598357407,1598356795,612
2020/8/25 19:09,1598357347,1598356795,552
2020/8/25 19:08,1598357287,1598356795,492
2020/8/25 19:07,1598357227,1598356795,432
2020/8/25 19:06,1598357167,1598356795,372
2020/8/25 19:05,1598357107,1598356795,312
2020/8/25 19:04,1598357047,1598356795,252
2020/8/25 19:03,1598356987,1598356795,192
2020/8/25 19:02,1598356927,1598356795,132
2020/8/25 19:01,1598356867,1598356795,72
2020/8/25 19:00,1598356807,1598356795,12
2020/8/25 18:59,1598356747,1598356582,165
2020/8/25 18:58,1598356687,1598356582,105
2020/8/25 18:57,1598356627,1598356582,45
2020/8/25 18:56,1598356567,1598356432,135
2020/8/25 18:55,1598356507,1598356432,75
2020/8/25 18:54,1598356447,1598356432,15
2020/8/25 18:53,1598356387,1598356252,135
2020/8/25 18:52,1598356327,1598356252,75
2020/8/25 18:51,1598356267,1598356252,15
2020/8/25 18:50,1598356207,1598356209,-2
2020/8/25 18:49,1598356147,1598356044,103
2020/8/25 18:48,1598356087,1598356044,43
2020/8/25 18:47,1598356027,1598356027,0
2020/8/25 18:46,1598355967,1598355935,32
2020/8/25 18:45,1598355907,1598355879,28
2020/8/25 18:44,1598355847,1598355654,193
2020/8/25 18:43,1598355787,1598355654,133
2020/8/25 18:42,1598355727,1598355654,73
2020/8/25 18:41,1598355667,1598355654,13
2020/8/25 18:40,1598355607,1598355571,36
2020/8/25 18:39,1598355547,1598355530,17
2020/8/25 18:38,1598355487,1598355439,48
2020/8/25 18:37,1598355427,1598355427,0
2020/8/25 18:36,1598355367,1598355364,3
2020/8/25 18:35,1598355307,1598355303,4
2020/8/25 18:34,1598355247,1598355204,43
2020/8/25 18:33,1598355187,1598355179,8
2020/8/25 18:32,1598355127,1598355102,25
2020/8/25 18:31,1598355067,1598355052,15
2020/8/25 18:30,1598355007,1598354888,119
2020/8/25 18:29,1598354947,1598354888,59
2020/8/25 18:28,1598354887,1598354888,-1
2020/8/25 18:27,1598354827,1598354829,-2
2020/8/25 18:26,1598354767,1598354758,9
2020/8/25 18:25,1598354707,1598354621,86
2020/8/25 18:24,1598354647,1598354621,26
2020/8/25 18:23,1598354587,1598354582,5
2020/8/25 18:22,1598354527,1598354529,-2
2020/8/25 18:21,1598354467,1598354470,-3
2020/8/25 18:20,1598354407,1598354380,27
2020/8/25 18:19,1598354347,1598354301,46
2020/8/25 18:18,1598354287,1598354275,12
2020/8/25 18:17,1598354227,1598354204,23
2020/8/25 18:16,1598354167,1598354151,16
2020/8/25 18:15,1598354107,1598354085,22
2020/8/25 18:14,1598354047,1598354022,25
2020/8/25 18:13,1598353987,1598353975,12
2020/8/25 18:12,1598353927,1598353888,39
2020/8/25 18:11,1598353867,1598353817,50
2020/8/25 18:10,1598353807,1598353776,31
2020/8/25 18:09,1598353747,1598353734,13
2020/8/25 18:08,1598353687,1598353673,14
2020/8/25 18:07,1598353627,1598353581,46
2020/8/25 18:06,1598353567,1598353520,47
2020/8/25 18:05,1598353507,1598353468,39
2020/8/25 18:04,1598353447,1598353403,44
2020/8/25 18:03,1598353387,1598353384,3
2020/8/25 18:02,1598353327,1598353316,11
2020/8/25 18:01,1598353267,1598353242,25
2020/8/25 18:00,1598353207,1598353160,47
2020/8/25 17:59,1598353147,1598353127,20
2020/8/25 17:58,1598353087,1598353047,40
2020/8/25 17:57,1598353027,1598353006,21
2020/8/25 17:56,1598352967,1598352925,42
2020/8/25 17:55,1598352907,1598352843,64
2020/8/25 17:54,1598352847,1598352843,4
2020/8/25 17:53,1598352787,1598352782,5
2020/8/25 17:52,1598352727,1598352701,26
2020/8/25 17:51,1598352667,1598352554,113
2020/8/25 17:50,1598352607,1598352554,53
2020/8/25 17:49,1598352547,1598352482,65
2020/8/25 17:48,1598352487,1598352482,5
2020/8/25 17:47,1598352427,1598352390,37
2020/8/25 17:46,1598352367,1598352329,38
2020/8/25 17:45,1598352307,1598352249,58
2020/8/25 17:44,1598352247,1598352249,-2
2020/8/25 17:43,1598352187,1598352166,21
2020/8/25 17:42,1598352127,1598352116,11
2020/8/25 17:41,1598352067,1598352023,44
2020/8/25 17:40,1598352007,1598351996,11
2020/8/25 17:39,1598351947,1598351945,2
2020/8/25 17:38,1598351887,1598351851,36
2020/8/25 17:37,1598351827,1598351800,27
2020/8/25 17:36,1598351767,1598351718,49
2020/8/25 17:35,1598351707,1598351617,90
2020/8/25 17:34,1598351647,1598351617,30
2020/8/25 17:33,1598351587,1598351548,39
2020/8/25 17:32,1598351527,1598351524,3
2020/8/25 17:31,1598351467,1598351439,28
2020/8/25 17:30,1598351407,1598351403,4
2020/8/25 17:29,1598351347,1598351349,-2
2020/8/25 17:28,1598351287,1598351288,-1
2020/8/25 17:27,1598351227,1598351209,18
2020/8/25 17:26,1598351167,1598351135,32
2020/8/25 17:25,1598351107,1598351097,10
2020/8/25 17:24,1598351047,1598351005,42
2020/8/25 17:23,1598350987,1598350964,23
2020/8/25 17:22,1598350927,1598350893,34
2020/8/25 17:21,1598350867,1598350832,35
2020/8/25 17:20,1598350807,1598350771,36
2020/8/25 17:19,1598350747,1598350696,51
2020/8/25 17:18,1598350687,1598350686,1
2020/8/25 17:17,1598350627,1598350598,29
2020/8/25 17:16,1598350567,1598350542,25
2020/8/25 17:15,1598350507,1598350506,1
2020/8/25 17:14,1598350447,1598350435,12
2020/8/25 17:13,1598350387,1598350342,45
2020/8/25 17:12,1598350327,1598350322,5
2020/8/25 17:11,1598350267,1598350231,36
2020/8/25 17:10,1598350207,1598350190,17
2020/8/25 17:09,1598350147,1598350124,23
2020/8/25 17:08,1598350087,1598350087,0
2020/8/25 17:07,1598350027,1598349975,52
2020/8/25 17:06,1598349967,1598349937,30
2020/8/25 17:05,1598349907,1598349884,23
2020/8/25 17:04,1598349847,1598349843,4
2020/8/25 17:03,1598349787,1598349659,128
2020/8/25 17:02,1598349727,1598349659,68
2020/8/25 17:01,1598349667,1598349659,8
2020/8/25 17:00,1598349607,1598349567,40
2020/8/25 16:59,1598349547,1598349454,93
2020/8/25 16:58,1598349487,1598349454,33
2020/8/25 16:57,1598349427,1598349414,13
2020/8/25 16:56,1598349367,1598349312,55
2020/8/25 16:55,1598349307,1598349279,28
2020/8/25 16:54,1598349248,1598349219,29
2020/8/25 16:53,1598349187,1598349158,29
2020/8/25 16:52,1598349127,1598349109,18
2020/8/25 16:51,1598349067,1598349056,11
2020/8/25 16:50,1598349007,1598348995,12
2020/8/25 16:49,1598348947,1598348857,90
2020/8/25 16:48,1598348887,1598348857,30
2020/8/25 16:47,1598348827,1598348809,18
2020/8/25 16:46,1598348767,1598348747,20
2020/8/25 16:45,1598348707,1598348668,39
2020/8/25 16:44,1598348647,1598348596,51
2020/8/25 16:43,1598348587,1598348525,62
2020/8/25 16:42,1598348527,1598348525,2
2020/8/25 16:41,1598348467,1598348441,26
2020/8/25 16:40,1598348407,1598348402,5
2020/8/25 16:39,1598348347,1598348289,58
2020/8/25 16:38,1598348287,1598348289,-2
2020/8/25 16:37,1598348227,1598348187,40
2020/8/25 16:36,1598348167,1598348167,0
2020/8/25 16:35,1598348107,1598348094,13
2020/8/25 16:34,1598348047,1598348025,22
2020/8/25 16:33,1598347987,1598347982,5
2020/8/25 16:32,1598347927,1598347886,41
2020/8/25 16:31,1598347867,1598347860,7
2020/8/25 16:30,1598347807,1598347758,49
2020/8/25 16:29,1598347747,1598347717,30
2020/8/25 16:28,1598347687,1598347618,69
2020/8/25 16:27,1598347627,1598347618,9
2020/8/25 16:26,1598347567,1598347564,3
2020/8/25 16:25,1598347507,1598347509,-2
2020/8/25 16:24,1598347447,1598347441,6
2020/8/25 16:23,1598347387,1598347380,7
2020/8/25 16:22,1598347327,1598347328,-1
2020/8/25 16:21,1598347267,1598347258,9
2020/8/25 16:20,1598347207,1598347206,1
2020/8/25 16:19,1598347147,1598347093,54
2020/8/25 16:18,1598347087,1598347057,30
2020/8/25 16:17,1598347027,1598346963,64
2020/8/25 16:16,1598346967,1598346963,4
2020/8/25 16:15,1598346907,1598346746,161
2020/8/25 16:14,1598346847,1598346746,101
2020/8/25 16:13,1598346787,1598346746,41
2020/8/25 16:12,1598346727,1598346685,42
2020/8/25 16:11,1598346667,1598346666,1
2020/8/25 16:10,1598346607,1598346495,112
2020/8/25 16:09,1598346547,1598346495,52
2020/8/25 16:08,1598346487,1598346478,9
2020/8/25 16:07,1598346427,1598346359,68
2020/8/25 16:06,1598346367,1598346359,8
2020/8/25 16:05,1598346307,1598346308,-1
2020/8/25 16:04,1598346247,1598346186,61
2020/8/25 16:03,1598346187,1598346186,1
2020/8/25 16:02,1598346127,1598346114,13
2020/8/25 16:01,1598346067,1598346043,24
2020/8/25 16:00,1598346007,1598346003,4
2020/8/25 15:59,1598345947,1598345920,27
2020/8/25 15:58,1598345887,1598345838,49
2020/8/25 15:57,1598345827,1598345825,2
2020/8/25 15:56,1598345767,1598345746,21
2020/8/25 15:55,1598345707,1598345708,-1
2020/8/25 15:54,1598345647,1598345614,33
2020/8/25 15:53,1598345587,1598345583,4
2020/8/25 15:52,1598345527,1598345522,5
2020/8/25 15:51,1598345467,1598345469,-2
2020/8/25 15:50,1598345407,1598345404,3
2020/8/25 15:49,1598345347,1598345310,37
2020/8/25 15:48,1598345287,1598345281,6
2020/8/25 15:47,1598345227,1598345165,62
2020/8/25 15:46,1598345167,1598345165,2
2020/8/25 15:45,1598345107,1598345098,9
2020/8/25 15:44,1598345047,1598345023,24
2020/8/25 15:43,1598344987,1598344962,25
2020/8/25 15:42,1598344927,1598344921,6
2020/8/25 15:41,1598344867,1598344828,39
2020/8/25 15:40,1598344807,1598344783,24
2020/8/25 15:39,1598344747,1598344746,1
2020/8/25 15:38,1598344687,1598344688,-1
2020/8/25 15:37,1598344627,1598344595,32
2020/8/25 15:36,1598344567,1598344569,-2
2020/8/25 15:35,1598344507,1598344472,35
2020/8/25 15:34,1598344447,1598344410,37
2020/8/25 15:33,1598344387,1598344390,-3
2020/8/25 15:32,1598344327,1598344298,29
2020/8/25 15:31,1598344267,1598344226,41
2020/8/25 15:30,1598344207,1598344185,22
2020/8/25 15:29,1598344147,1598344135,12
2020/8/25 15:28,1598344087,1598344083,4
2020/8/25 15:27,1598344027,1598344022,5
2020/8/25 15:26,1598343967,1598343969,-2
2020/8/25 15:25,1598343907,1598343893,14
2020/8/25 15:24,1598343847,1598343820,27
2020/8/25 15:23,1598343787,1598343787,0
2020/8/25 15:22,1598343728,1598343574,154
2020/8/25 15:21,1598343667,1598343574,93
2020/8/25 15:20,1598343607,1598343574,33
2020/8/25 15:19,1598343547,1598343461,86
2020/8/25 15:18,1598343487,1598343461,26
2020/8/25 15:17,1598343427,1598343429,-2
2020/8/25 15:16,1598343367,1598343339,28
2020/8/25 15:15,1598343307,1598343309,-2
2020/8/25 15:14,1598343247,1598343227,20
2020/8/25 15:13,1598343187,1598343176,11
2020/8/25 15:12,1598343127,1598343115,12
2020/8/25 15:11,1598343067,1598343033,34
2020/8/25 15:10,1598343007,1598343003,4
2020/8/25 15:09,1598342947,1598342932,15
2020/8/25 15:08,1598342887,1598342849,38
2020/8/25 15:07,1598342827,1598342820,7
2020/8/25 15:06,1598342767,1598342586,181
2020/8/25 15:05,1598342707,1598342586,121
2020/8/25 15:04,1598342647,1598342586,61
2020/8/25 15:03,1598342587,1598342586,1
2020/8/25 15:02,1598342527,1598342453,74
2020/8/25 15:01,1598342467,1598342453,14
2020/8/25 15:00,1598342407,1598342391,16
2020/8/25 14:59,1598342347,1598342300,47
2020/8/25 14:58,1598342287,1598342280,7
2020/8/25 14:57,1598342227,1598342228,-1
2020/8/25 14:56,1598342167,1598342167,0
2020/8/25 14:55,1598342107,1598342109,-2
2020/8/25 14:54,1598342047,1598342045,2
2020/8/25 14:53,1598341987,1598341943,44
2020/8/25 14:52,1598341927,1598341930,-3
2020/8/25 14:51,1598341867,1598341841,26
2020/8/25 14:50,1598341807,1598341801,6
2020/8/25 14:49,1598341747,1598341690,57
2020/8/25 14:48,1598341687,1598341690,-3
2020/8/25 14:47,1598341627,1598341628,-1
2020/8/25 14:46,1598341567,1598341567,0
2020/8/25 14:45,1598341507,1598341495,12
2020/8/25 14:44,1598341447,1598341444,3
2020/8/25 14:43,1598341387,1598341373,14
2020/8/25 14:42,1598341327,1598341322,5
2020/8/25 14:41,1598341267,1598341261,6
2020/8/25 14:40,1598341207,1598341190,17
2020/8/25 14:39,1598341147,1598341138,9
2020/8/25 14:38,1598341087,1598341083,4
2020/8/25 14:37,1598341027,1598341023,4
2020/8/25 14:36,1598340967,1598340945,22
2020/8/25 14:35,1598340907,1598340812,95
2020/8/25 14:34,1598340847,1598340812,35
2020/8/25 14:33,1598340787,1598340650,137
2020/8/25 14:32,1598340727,1598340650,77
2020/8/25 14:31,1598340667,1598340650,17
2020/8/25 14:30,1598340607,1598340578,29
2020/8/25 14:29,1598340547,1598340528,19
2020/8/25 14:28,1598340487,1598340466,21
2020/8/25 14:27,1598340427,1598340314,113
2020/8/25 14:26,1598340367,1598340314,53
2020/8/25 14:25,1598340307,1598340242,65
2020/8/25 14:24,1598340247,1598340242,5
2020/8/25 14:23,1598340187,1598340161,26
2020/8/25 14:22,1598340127,1598339978,149
2020/8/25 14:21,1598340067,1598339978,89
2020/8/25 14:20,1598340007,1598339978,29
2020/8/25 14:19,1598339947,1598339948,-1
2020/8/25 14:18,1598339887,1598339815,72
2020/8/25 14:17,1598339827,1598339815,12
2020/8/25 14:16,1598339767,1598339653,114
2020/8/25 14:15,1598339707,1598339653,54
2020/8/25 14:14,1598339647,1598339581,66
2020/8/25 14:13,1598339587,1598339581,6
2020/8/25 14:12,1598339527,1598339447,80
2020/8/25 14:11,1598339467,1598339447,20
2020/8/25 14:10,1598339407,1598339376,31
2020/8/25 14:09,1598339347,1598339233,114
2020/8/25 14:08,1598339287,1598339233,54
2020/8/25 14:07,1598339227,1598339071,156
2020/8/25 14:06,1598339167,1598339071,96
2020/8/25 14:05,1598339107,1598339071,36
2020/8/25 14:04,1598339047,1598339031,16
2020/8/25 14:03,1598338987,1598338929,58
2020/8/25 14:02,1598338927,1598338929,-2
2020/8/25 14:01,1598338867,1598338827,40
2020/8/25 14:00,1598338807,1598338797,10
2020/8/25 13:59,1598338747,1598338745,2
2020/8/25 13:58,1598338687,1598338664,23
2020/8/25 13:57,1598338627,1598338603,24
2020/8/25 13:56,1598338567,1598338542,25
2020/8/25 13:55,1598338507,1598338441,66
2020/8/25 13:54,1598338447,1598338441,6
2020/8/25 13:53,1598338387,1598338349,38
2020/8/25 13:52,1598338327,1598338303,24
2020/8/25 13:51,1598338267,1598338247,20
2020/8/25 13:50,1598338207,1598338197,10
2020/8/25 13:49,1598338147,1598338143,4
2020/8/25 13:48,1598338087,1598338087,0
2020/8/25 13:47,1598338027,1598338019,8
2020/8/25 13:46,1598337967,1598337934,33
2020/8/25 13:45,1598337907,1598337905,2
2020/8/25 13:44,1598337847,1598337837,10
2020/8/25 13:43,1598337787,1598337776,11
2020/8/25 13:42,1598337727,1598337717,10
2020/8/25 13:41,1598337667,1598337667,0
2020/8/25 13:40,1598337607,1598337565,42
2020/8/25 13:39,1598337547,1598337528,19
2020/8/25 13:38,1598337487,1598337463,24
2020/8/25 13:37,1598337427,1598337403,24
2020/8/25 13:36,1598337367,1598337358,9
2020/8/25 13:35,1598337307,1598337263,44
2020/8/25 13:34,1598337247,1598337240,7
2020/8/25 13:33,1598337187,1598337168,19
2020/8/25 13:32,1598337127,1598337067,60
2020/8/25 13:31,1598337067,1598337067,0
2020/8/25 13:30,1598337007,1598336985,22
2020/8/25 13:29,1598336947,1598336914,33
2020/8/25 13:28,1598336887,1598336852,35
2020/8/25 13:27,1598336827,1598336828,-1
2020/8/25 13:26,1598336767,1598336741,26
2020/8/25 13:25,1598336707,1598336689,18
2020/8/25 13:24,1598336647,1598336472,175
2020/8/25 13:23,1598336587,1598336472,115
2020/8/25 13:22,1598336527,1598336472,55
2020/8/25 13:21,1598336467,1598336469,-2
2020/8/25 13:20,1598336407,1598336408,-1
2020/8/25 13:19,1598336347,1598336348,-1
2020/8/25 13:18,1598336287,1598336283,4
2020/8/25 13:17,1598336227,1598336187,40
2020/8/25 13:16,1598336167,1598336167,0
2020/8/25 13:15,1598336107,1598336078,29
2020/8/25 13:14,1598336047,1598336047,0
2020/8/25 13:13,1598335987,1598335958,29
2020/8/25 13:12,1598335927,1598335905,22
2020/8/25 13:11,1598335867,1598335868,-1
2020/8/25 13:10,1598335807,1598335807,0
2020/8/25 13:09,1598335747,1598335696,51
2020/8/25 13:08,1598335687,1598335625,62
2020/8/25 13:07,1598335628,1598335625,3
2020/8/25 13:06,1598335567,1598335491,76
2020/8/25 13:05,1598335507,1598335491,16
2020/8/25 13:04,1598335448,1598335443,5
2020/8/25 13:03,1598335387,1598335371,16
2020/8/25 13:02,1598335327,1598335299,28
2020/8/25 13:01,1598335267,1598335254,13
2020/8/25 13:00,1598335207,1598335180,27
2020/8/25 12:59,1598335147,1598335149,-2
2020/8/25 12:58,1598335087,1598335065,22
2020/8/25 12:57,1598335027,1598335003,24
2020/8/25 12:56,1598334967,1598334962,5
2020/8/25 12:55,1598334907,1598334873,34
2020/8/25 12:54,1598334847,1598334825,22
2020/8/25 12:53,1598334787,1598334788,-1
2020/8/25 12:52,1598334727,1598334699,28
2020/8/25 12:51,1598334667,1598334636,31
2020/8/25 12:50,1598334607,1598334605,2
2020/8/25 12:49,1598334547,1598334539,8
2020/8/25 12:48,1598334487,1598334459,28
2020/8/25 12:47,1598334427,1598334426,1
2020/8/25 12:46,1598334367,1598334369,-2
2020/8/25 12:45,1598334307,1598334282,25
2020/8/25 12:44,1598334247,1598334249,-2
2020/8/25 12:43,1598334187,1598334177,10
2020/8/25 12:42,1598334127,1598334113,14
2020/8/25 12:41,1598334067,1598334050,17
2020/8/25 12:40,1598334007,1598334008,-1
2020/8/25 12:39,1598333947,1598333935,12
2020/8/25 12:38,1598333887,1598333850,37
2020/8/25 12:37,1598333827,1598333798,29
2020/8/25 12:36,1598333767,1598333735,32
2020/8/25 12:35,1598333707,1598333704,3
2020/8/25 12:34,1598333647,1598333640,7
2020/8/25 12:33,1598333587,1598333555,32
2020/8/25 12:32,1598333527,1598333502,25
2020/8/25 12:31,1598333467,1598333412,55
2020/8/25 12:30,1598333407,1598333380,27
2020/8/25 12:29,1598333347,1598333341,6
2020/8/25 12:28,1598333287,1598333289,-2
2020/8/25 12:27,1598333227,1598333184,43
2020/8/25 12:26,1598333167,1598333038,129
2020/8/25 12:25,1598333107,1598333038,69
2020/8/25 12:24,1598333047,1598333038,9
2020/8/25 12:23,1598332987,1598332891,96
2020/8/25 12:22,1598332927,1598332891,36
2020/8/25 12:21,1598332867,1598332840,27
2020/8/25 12:20,1598332807,1598332776,31
2020/8/25 12:19,1598332747,1598332749,-2
2020/8/25 12:18,1598332687,1598332640,47
2020/8/25 12:17,1598332627,1598332599,28
2020/8/25 12:16,1598332567,1598332517,50
2020/8/25 12:15,1598332507,1598332435,72
2020/8/25 12:14,1598332447,1598332435,12
2020/8/25 12:13,1598332387,1598332384,3
2020/8/25 12:12,1598332327,1598332321,6
2020/8/25 12:11,1598332267,1598332265,2
2020/8/25 12:10,1598332207,1598332194,13
2020/8/25 12:09,1598332147,1598332143,4
2020/8/25 12:08,1598332087,1598332088,-1
2020/8/25 12:07,1598332027,1598332005,22
2020/8/25 12:06,1598331967,1598331950,17
2020/8/25 12:05,1598331907,1598331881,26
2020/8/25 12:04,1598331847,1598331839,8
2020/8/25 12:03,1598331787,1598331730,57
2020/8/25 12:02,1598331727,1598331729,-2
2020/8/25 12:01,1598331667,1598331632,35
2020/8/25 12:00,1598331607,1598331549,58
2020/8/25 11:59,1598331547,1598331549,-2
2020/8/25 11:58,1598331487,1598331406,81
2020/8/25 11:57,1598331427,1598331406,21
2020/8/25 11:56,1598331367,1598331304,63
2020/8/25 11:55,1598331307,1598331304,3
2020/8/25 11:54,1598331247,1598331212,35
2020/8/25 11:53,1598331187,1598331131,56
2020/8/25 11:52,1598331127,1598331111,16
2020/8/25 11:51,1598331067,1598331059,8
2020/8/25 11:50,1598331007,1598330977,30
2020/8/25 11:49,1598330947,1598330941,6
2020/8/25 11:48,1598330887,1598330882,5
2020/8/25 11:47,1598330827,1598330807,20
2020/8/25 11:46,1598330767,1598330745,22
2020/8/25 11:45,1598330707,1598330683,24
2020/8/25 11:44,1598330647,1598330578,69
2020/8/25 11:43,1598330587,1598330578,9
2020/8/25 11:42,1598330527,1598330518,9
2020/8/25 11:41,1598330467,1598330399,68
2020/8/25 11:40,1598330407,1598330399,8
2020/8/25 11:39,1598330347,1598330273,74
2020/8/25 11:38,1598330287,1598330273,14
2020/8/25 11:37,1598330227,1598330166,61
2020/8/25 11:36,1598330167,1598330166,1
2020/8/25 11:35,1598330107,1598330108,-1
2020/8/25 11:34,1598330047,1598330049,-2
2020/8/25 11:33,1598329987,1598329967,20
2020/8/25 11:32,1598329927,1598329894,33
2020/8/25 11:31,1598329867,1598329810,57
2020/8/25 11:30,1598329807,1598329726,81
2020/8/25 11:29,1598329747,1598329726,21
2020/8/25 11:28,1598329687,1598329683,4
2020/8/25 11:27,1598329627,1598329625,2
2020/8/25 11:26,1598329567,1598329551,16
2020/8/25 11:25,1598329507,1598329459,48
2020/8/25 11:24,1598329447,1598329369,78
2020/8/25 11:23,1598329387,1598329369,18
2020/8/25 11:22,1598329327,1598329230,97
2020/8/25 11:21,1598329267,1598329230,37
2020/8/25 11:20,1598329207,1598329189,18
2020/8/25 11:19,1598329147,1598329148,-1
2020/8/25 11:18,1598329087,1598329084,3
2020/8/25 11:17,1598329027,1598329022,5
2020/8/25 11:16,1598328967,1598328845,122
2020/8/25 11:15,1598328907,1598328845,62
2020/8/25 11:14,1598328847,1598328845,2
2020/8/25 11:13,1598328787,1598328716,71
2020/8/25 11:12,1598328727,1598328716,11
2020/8/25 11:11,1598328667,1598328659,8
2020/8/25 11:10,1598328607,1598328597,10
2020/8/25 11:09,1598328547,1598328535,12
2020/8/25 11:08,1598328487,1598328483,4
2020/8/25 11:07,1598328427,1598328410,17
2020/8/25 11:06,1598328367,1598328340,27
2020/8/25 11:05,1598328307,1598328295,12
2020/8/25 11:04,1598328247,1598328242,5
2020/8/25 11:03,1598328187,1598328128,59
2020/8/25 11:02,1598328127,1598328128,-1
2020/8/25 11:01,1598328067,1598328055,12
2020/8/25 11:00,1598328007,1598327899,108
2020/8/25 10:59,1598327947,1598327899,48
2020/8/25 10:58,1598327887,1598327827,60
2020/8/25 10:57,1598327827,1598327827,0
2020/8/25 10:56,1598327767,1598327745,22
2020/8/25 10:55,1598327707,1598327704,3
2020/8/25 10:54,1598327647,1598327641,6
2020/8/25 10:53,1598327587,1598327546,41
2020/8/25 10:52,1598327527,1598327526,1
2020/8/25 10:51,1598327467,1598327433,34
2020/8/25 10:50,1598327407,1598327388,19
2020/8/25 10:49,1598327347,1598327337,10
2020/8/25 10:48,1598327287,1598327284,3
2020/8/25 10:47,1598327227,1598327185,42
2020/8/25 10:46,1598327167,1598327145,22
2020/8/25 10:45,1598327107,1598327099,8
2020/8/25 10:44,1598327047,1598327036,11
2020/8/25 10:43,1598326987,1598326970,17
2020/8/25 10:42,1598326927,1598326898,29
2020/8/25 10:41,1598326867,1598326866,1
2020/8/25 10:40,1598326807,1598326773,34
2020/8/25 10:39,1598326747,1598326719,28
2020/8/25 10:38,1598326687,1598326685,2
2020/8/25 10:37,1598326627,1598326618,9
2020/8/25 10:36,1598326567,1598326488,79
2020/8/25 10:35,1598326507,1598326488,19
2020/8/25 10:34,1598326447,1598326342,105
2020/8/25 10:33,1598326387,1598326342,45
2020/8/25 10:32,1598326327,1598326294,33
2020/8/25 10:31,1598326267,1598326216,51
2020/8/25 10:30,1598326207,1598326160,47
2020/8/25 10:29,1598326147,1598326100,47
2020/8/25 10:28,1598326087,1598326090,-3
2020/8/25 10:27,1598326027,1598326029,-2
2020/8/25 10:26,1598325967,1598325938,29
2020/8/25 10:25,1598325907,1598325806,101
2020/8/25 10:24,1598325847,1598325806,41
2020/8/25 10:23,1598325787,1598325785,2
2020/8/25 10:22,1598325727,1598325657,70
2020/8/25 10:21,1598325667,1598325657,10
2020/8/25 10:20,1598325607,1598325591,16
2020/8/25 10:19,1598325547,1598325531,16
2020/8/25 10:18,1598325487,1598325485,2
2020/8/25 10:17,1598325427,1598325417,10
2020/8/25 10:16,1598325367,1598325332,35
2020/8/25 10:15,1598325307,1598325253,54
2020/8/25 10:14,1598325247,1598325191,56
2020/8/25 10:13,1598325187,1598325150,37
2020/8/25 10:12,1598325127,1598325118,9
2020/8/25 10:11,1598325067,1598325056,11
2020/8/25 10:10,1598325007,1598324942,65
2020/8/25 10:09,1598324947,1598324942,5
2020/8/25 10:08,1598324887,1598324818,69
2020/8/25 10:07,1598324827,1598324818,9
2020/8/25 10:06,1598324767,1598324762,5
2020/8/25 10:05,1598324707,1598324692,15
2020/8/25 10:04,1598324647,1598324616,31
2020/8/25 10:03,1598324587,1598324589,-2
2020/8/25 10:02,1598324527,1598324528,-1
2020/8/25 10:01,1598324467,1598324455,12
2020/8/25 10:00,1598324407,1598324305,102
2020/8/25 09:59,1598324347,1598324305,42
2020/8/25 09:58,1598324287,1598324274,13
2020/8/25 09:57,1598324227,1598324183,44
2020/8/25 09:56,1598324167,1598324164,3
2020/8/25 09:55,1598324107,1598324029,78
2020/8/25 09:54,1598324047,1598324029,18
2020/8/25 09:53,1598323987,1598323925,62
2020/8/25 09:52,1598323927,1598323925,2
2020/8/25 09:51,1598323867,1598323835,32
2020/8/25 09:50,1598323807,1598323763,44
2020/8/25 09:49,1598323747,1598323579,168
2020/8/25 09:48,1598323687,1598323579,108
2020/8/25 09:47,1598323627,1598323579,48
2020/8/25 09:46,1598323567,1598323548,19
2020/8/25 09:45,1598323507,1598323498,9
2020/8/25 09:44,1598323447,1598323394,53
2020/8/25 09:43,1598323387,1598323332,55
2020/8/25 09:42,1598323327,1598323241,86
2020/8/25 09:41,1598323267,1598323241,26
2020/8/25 09:40,1598323207,1598323180,27
2020/8/25 09:39,1598323147,1598323129,18
2020/8/25 09:38,1598323087,1598323078,9
2020/8/25 09:37,1598323027,1598323017,10
2020/8/25 09:36,1598322967,1598322935,32
2020/8/25 09:35,1598322907,1598322895,12
2020/8/25 09:34,1598322847,1598322848,-1
2020/8/25 09:33,1598322787,1598322788,-1
2020/8/25 09:32,1598322727,1598322671,56
2020/8/25 09:31,1598322667,1598322609,58
2020/8/25 09:30,1598322607,1598322609,-2
2020/8/25 09:29,1598322547,1598322528,19
2020/8/25 09:28,1598322487,1598322436,51
2020/8/25 09:27,1598322427,1598322419,8
2020/8/25 09:26,1598322367,1598322333,34
2020/8/25 09:25,1598322307,1598322266,41
2020/8/25 09:24,1598322247,1598322242,5
2020/8/25 09:23,1598322187,1598322189,-2
2020/8/25 09:22,1598322127,1598322098,29
2020/8/25 09:21,1598322067,1598322051,16
2020/8/25 09:20,1598322007,1598322006,1
2020/8/25 09:19,1598321947,1598321935,12
2020/8/25 09:18,1598321887,1598321873,14
2020/8/25 09:17,1598321827,1598321829,-2
2020/8/25 09:16,1598321767,1598321752,15
2020/8/25 09:15,1598321707,1598321671,36
2020/8/25 09:14,1598321647,1598321639,8
2020/8/25 09:13,1598321587,1598321545,42
2020/8/25 09:12,1598321527,1598321496,31
2020/8/25 09:11,1598321467,1598321445,22
2020/8/25 09:10,1598321407,1598321406,1
2020/8/25 09:09,1598321347,1598321336,11
2020/8/25 09:08,1598321287,1598321284,3
2020/8/25 09:07,1598321227,1598321222,5
2020/8/25 09:06,1598321167,1598321169,-2
2020/8/25 09:05,1598321107,1598321073,34
2020/8/25 09:04,1598321047,1598321027,20
2020/8/25 09:03,1598320987,1598320986,1
2020/8/25 09:02,1598320927,1598320924,3
2020/8/25 09:01,1598320867,1598320846,21
2020/8/25 09:00,1598320807,1598320809,-2
2020/8/25 08:59,1598320747,1598320707,40
2020/8/25 08:58,1598320687,1598320661,26
2020/8/25 08:57,1598320627,1598320595,32
2020/8/25 08:56,1598320567,1598320523,44
2020/8/25 08:55,1598320507,1598320422,85
2020/8/25 08:54,1598320447,1598320422,25
2020/8/25 08:53,1598320387,1598320340,47
2020/8/25 08:52,1598320327,1598320329,-2
2020/8/25 08:51,1598320267,1598320254,13
2020/8/25 08:50,1598320207,1598320207,0
2020/8/25 08:49,1598320147,1598320146,1
2020/8/25 08:48,1598320087,1598320021,66
2020/8/25 08:47,1598320027,1598320021,6
2020/8/25 08:46,1598319967,1598319968,-1
2020/8/25 08:45,1598319907,1598319882,25
2020/8/25 08:44,1598319847,1598319770,77
2020/8/25 08:43,1598319787,1598319770,17
2020/8/25 08:42,1598319727,1598319727,0
2020/8/25 08:41,1598319667,1598319647,20
2020/8/25 08:40,1598319607,1598319607,0
2020/8/25 08:39,1598319547,1598319505,42
2020/8/25 08:38,1598319487,1598319456,31
2020/8/25 08:37,1598319427,1598319384,43
2020/8/25 08:36,1598319367,1598319342,25
2020/8/25 08:35,1598319307,1598319291,16
2020/8/25 08:34,1598319247,1598319248,-1
2020/8/25 08:33,1598319187,1598319087,100
2020/8/25 08:32,1598319127,1598319087,40
2020/8/25 08:31,1598319067,1598319069,-2
2020/8/25 08:30,1598319007,1598318999,8
2020/8/25 08:29,1598318947,1598318944,3
2020/8/25 08:28,1598318887,1598318863,24
2020/8/25 08:27,1598318827,1598318789,38
2020/8/25 08:26,1598318767,1598318766,1
2020/8/25 08:25,1598318707,1598318659,48
2020/8/25 08:24,1598318647,1598318609,38
2020/8/25 08:23,1598318587,1598318585,2
2020/8/25 08:22,1598318527,1598318527,0
2020/8/25 08:21,1598318467,1598318424,43
2020/8/25 08:20,1598318407,1598318408,-1
2020/8/25 08:19,1598318347,1598318345,2
2020/8/25 08:18,1598318288,1598318289,-1
2020/8/25 08:17,1598318227,1598318222,5
2020/8/25 08:16,1598318167,1598318109,58
2020/8/25 08:15,1598318107,1598318109,-2
2020/8/25 08:14,1598318047,1598318043,4
2020/8/25 08:13,1598317987,1598317973,14
2020/8/25 08:12,1598317927,1598317928,-1
2020/8/25 08:11,1598317867,1598317842,25
2020/8/25 08:10,1598317807,1598317785,22
2020/8/25 08:09,1598317747,1598317749,-2
2020/8/25 08:08,1598317687,1598317689,-2
2020/8/25 08:07,1598317627,1598317613,14
2020/8/25 08:06,1598317567,1598317560,7
2020/8/25 08:05,1598317507,1598317505,2
2020/8/25 08:04,1598317447,1598317407,40
2020/8/25 08:03,1598317387,1598317357,30
2020/8/25 08:02,1598317327,1598317325,2
2020/8/25 08:01,1598317267,1598317266,1
2020/8/25 08:00,1598317207,1598317188,19
2020/8/25 07:59,1598317147,1598317141,6
2020/8/25 07:58,1598317087,1598317084,3
2020/8/25 07:57,1598317027,1598317020,7
2020/8/25 07:56,1598316967,1598316959,8
2020/8/25 07:55,1598316907,1598316888,19
2020/8/25 07:54,1598316847,1598316806,41
2020/8/25 07:53,1598316787,1598316765,22
2020/8/25 07:52,1598316727,1598316685,42
2020/8/25 07:51,1598316667,1598316644,23
2020/8/25 07:50,1598316607,1598316583,24
2020/8/25 07:49,1598316547,1598316532,15
2020/8/25 07:48,1598316487,1598316441,46
2020/8/25 07:47,1598316427,1598316420,7
2020/8/25 07:46,1598316367,1598316360,7
2020/8/25 07:45,1598316307,1598316309,-2
2020/8/25 07:44,1598316247,1598316238,9
2020/8/25 07:43,1598316187,1598316167,20
2020/8/25 07:42,1598316127,1598316125,2
2020/8/25 07:41,1598316067,1598316064,3
2020/8/25 07:40,1598316007,1598315928,79
2020/8/25 07:39,1598315947,1598315928,19
2020/8/25 07:38,1598315887,1598315882,5
2020/8/25 07:37,1598315827,1598315811,16
2020/8/25 07:36,1598315767,1598315740,27
2020/8/25 07:35,1598315707,1598315709,-2
2020/8/25 07:34,1598315647,1598315647,0
2020/8/25 07:33,1598315587,1598315588,-1
2020/8/25 07:32,1598315527,1598315508,19
2020/8/25 07:31,1598315467,1598315460,7
2020/8/25 07:30,1598315407,1598315374,33
2020/8/25 07:29,1598315347,1598315327,20
2020/8/25 07:28,1598315287,1598315264,23
2020/8/25 07:27,1598315227,1598315192,35
2020/8/25 07:26,1598315167,1598315081,86
2020/8/25 07:25,1598315107,1598315081,26
2020/8/25 07:24,1598315047,1598315009,38
2020/8/25 07:23,1598314987,1598314989,-2
2020/8/25 07:22,1598314927,1598314908,19
2020/8/25 07:21,1598314867,1598314756,111
2020/8/25 07:20,1598314807,1598314756,51
2020/8/25 07:19,1598314747,1598314715,32
2020/8/25 07:18,1598314687,1598314674,13
2020/8/25 07:17,1598314627,1598314573,54
2020/8/25 07:16,1598314567,1598314522,45
2020/8/25 07:15,1598314507,1598314360,147
2020/8/25 07:14,1598314447,1598314360,87
2020/8/25 07:13,1598314387,1598314360,27
2020/8/25 07:12,1598314327,1598314268,59
2020/8/25 07:11,1598314267,1598314268,-1
2020/8/25 07:10,1598314207,1598314207,0
2020/8/25 07:09,1598314147,1598313385,762
2020/8/25 07:08,1598314087,1598313385,702
2020/8/25 07:07,1598314027,1598313385,642
2020/8/25 07:06,1598313967,1598313385,582
2020/8/25 07:05,1598313907,1598313385,522
2020/8/25 07:04,1598313848,1598313385,463
2020/8/25 07:03,1598313787,1598313385,402
2020/8/25 07:02,1598313727,1598313385,342
2020/8/25 07:01,1598313667,1598313385,282
2020/8/25 07:00,1598313607,1598313385,222
2020/8/25 06:59,1598313547,1598313385,162
2020/8/25 06:58,1598313487,1598313385,102
2020/8/25 06:57,1598313427,1598313385,42
2020/8/25 06:56,1598313367,1598313030,337
2020/8/25 06:55,1598313307,1598313030,277
2020/8/25 06:54,1598313247,1598313030,217
2020/8/25 06:53,1598313187,1598313030,157
2020/8/25 06:52,1598313127,1598313030,97
2020/8/25 06:51,1598313067,1598313030,37
2020/8/25 06:50,1598313007,1598312868,139
2020/8/25 06:49,1598312947,1598312868,79
2020/8/25 06:48,1598312887,1598312868,19
2020/8/25 06:47,1598312827,1598312609,218
2020/8/25 06:46,1598312767,1598312609,158
2020/8/25 06:45,1598312707,1598312609,98
2020/8/25 06:44,1598312647,1598312609,38
2020/8/25 06:43,1598312587,1598312581,6
2020/8/25 06:42,1598312527,1598312472,55
2020/8/25 06:41,1598312467,1598312391,76
2020/8/25 06:40,1598312407,1598312391,16
2020/8/25 06:39,1598312347,1598312259,88
2020/8/25 06:38,1598312287,1598312259,28
2020/8/25 06:37,1598312227,1598312157,70
2020/8/25 06:36,1598312167,1598312157,10
2020/8/25 06:35,1598312107,1598312058,49
2020/8/25 06:34,1598312047,1598312049,-2
2020/8/25 06:33,1598311987,1598311961,26
2020/8/25 06:32,1598311927,1598311913,14
2020/8/25 06:31,1598311867,1598311852,15
2020/8/25 06:30,1598311807,1598311792,15
2020/8/25 06:29,1598311747,1598311730,17
2020/8/25 06:28,1598311687,1598311640,47
2020/8/25 06:27,1598311627,1598311538,89
2020/8/25 06:26,1598311567,1598311538,29
2020/8/25 06:25,1598311507,1598311495,12
2020/8/25 06:24,1598311447,1598311413,34
2020/8/25 06:23,1598311387,1598311389,-2
2020/8/25 06:22,1598311327,1598311203,124
2020/8/25 06:21,1598311267,1598311203,64
2020/8/25 06:20,1598311207,1598311203,4
2020/8/25 06:19,1598311147,1598311111,36
2020/8/25 06:18,1598311087,1598311070,17
2020/8/25 06:17,1598311027,1598310979,48
2020/8/25 06:16,1598310968,1598310960,8
2020/8/25 06:15,1598310907,1598310888,19
2020/8/25 06:14,1598310847,1598310745,102
2020/8/25 06:13,1598310787,1598310745,42
2020/8/25 06:12,1598310728,1598310674,54
2020/8/25 06:11,1598310667,1598310480,187
2020/8/25 06:10,1598310607,1598310480,127
2020/8/25 06:09,1598310547,1598310480,67
2020/8/25 06:08,1598310487,1598310480,7
2020/8/25 06:07,1598310427,1598310399,28
2020/8/25 06:06,1598310367,1598310328,39
2020/8/25 06:05,1598310307,1598310217,90
2020/8/25 06:04,1598310247,1598310217,30
2020/8/25 06:03,1598310187,1598310175,12
2020/8/25 06:02,1598310127,1598310105,22
2020/8/25 06:01,1598310067,1598310024,43
2020/8/25 06:00,1598310007,1598310003,4
2020/8/25 05:59,1598309947,1598309938,9
2020/8/25 05:58,1598309887,1598309884,3
2020/8/25 05:57,1598309827,1598309828,-1
2020/8/25 05:56,1598309767,1598309769,-2
2020/8/25 05:55,1598309707,1598309708,-1
2020/8/25 05:54,1598309647,1598309648,-1
2020/8/25 05:53,1598309587,1598309556,31
2020/8/25 05:52,1598309527,1598309495,32
2020/8/25 05:51,1598309467,1598309414,53
2020/8/25 05:50,1598309407,1598309373,34
2020/8/25 05:49,1598309347,1598309322,25
2020/8/25 05:48,1598309287,1598309281,6
2020/8/25 05:47,1598309227,1598309221,6
2020/8/25 05:46,1598309167,1598309160,7
2020/8/25 05:45,1598309107,1598309028,79
2020/8/25 05:44,1598309047,1598309028,19
2020/8/25 05:43,1598308987,1598308967,20
2020/8/25 05:42,1598308927,1598308903,24
2020/8/25 05:41,1598308867,1598308865,2
2020/8/25 05:40,1598308807,1598308702,105
2020/8/25 05:39,1598308747,1598308702,45
2020/8/25 05:38,1598308687,1598308683,4
2020/8/25 05:37,1598308627,1598308562,65
2020/8/25 05:36,1598308567,1598308562,5
2020/8/25 05:35,1598308507,1598308500,7
2020/8/25 05:34,1598308447,1598308306,141
2020/8/25 05:33,1598308387,1598308306,81
2020/8/25 05:32,1598308327,1598308306,21
2020/8/25 05:31,1598308267,1598308266,1
2020/8/25 05:30,1598308207,1598308205,2
2020/8/25 05:29,1598308147,1598308083,64
2020/8/25 05:28,1598308087,1598308083,4
2020/8/25 05:27,1598308027,1598307900,127
2020/8/25 05:26,1598307967,1598307900,67
2020/8/25 05:25,1598307907,1598307900,7
2020/8/25 05:24,1598307847,1598307799,48
2020/8/25 05:23,1598307787,1598307697,90
2020/8/25 05:22,1598307727,1598307697,30
2020/8/25 05:21,1598307667,1598307644,23
2020/8/25 05:20,1598307607,1598307603,4
2020/8/25 05:19,1598307547,1598307468,79
2020/8/25 05:18,1598307487,1598307468,19
2020/8/25 05:17,1598307427,1598307425,2
2020/8/25 05:16,1598307367,1598307318,49
2020/8/25 05:15,1598307307,1598307250,57
2020/8/25 05:14,1598307247,1598307248,-1
2020/8/25 05:13,1598307187,1598307156,31
2020/8/25 05:12,1598307127,1598307128,-1
2020/8/25 05:11,1598307067,1598307068,-1
2020/8/25 05:10,1598307007,1598307004,3
2020/8/25 05:09,1598306947,1598306933,14
2020/8/25 05:08,1598306887,1598306811,76
2020/8/25 05:07,1598306827,1598306811,16
2020/8/25 05:06,1598306767,1598306755,12
2020/8/25 05:05,1598306707,1598306628,79
2020/8/25 05:04,1598306647,1598306628,19
2020/8/25 05:03,1598306587,1598306573,14
2020/8/25 05:02,1598306527,1598306524,3
2020/8/25 05:01,1598306467,1598306423,44
2020/8/25 05:00,1598306407,1598306302,105
2020/8/25 04:59,1598306347,1598306302,45
2020/8/25 04:58,1598306287,1598306281,6
2020/8/25 04:57,1598306227,1598306190,37
2020/8/25 04:56,1598306167,1598306119,48
2020/8/25 04:55,1598306107,1598306027,80
2020/8/25 04:54,1598306047,1598306027,20
2020/8/25 04:53,1598305987,1598305966,21
2020/8/25 04:52,1598305927,1598305895,32
2020/8/25 04:51,1598305867,1598305865,2
2020/8/25 04:50,1598305807,1598305793,14
2020/8/25 04:49,1598305747,1598305748,-1
2020/8/25 04:48,1598305687,1598305685,2
2020/8/25 04:47,1598305627,1598305596,31
2020/8/25 04:46,1598305567,1598305565,2
2020/8/25 04:45,1598305507,1598305507,0
2020/8/25 04:44,1598305447,1598305445,2
2020/8/25 04:43,1598305387,1598305386,1
2020/8/25 04:42,1598305327,1598305298,29
2020/8/25 04:41,1598305267,1598305263,4
2020/8/25 04:40,1598305207,1598305209,-2
2020/8/25 04:39,1598305147,1598305142,5
2020/8/25 04:38,1598305087,1598305046,41
2020/8/25 04:37,1598305027,1598305025,2
2020/8/25 04:36,1598304967,1598304963,4
2020/8/25 04:35,1598304907,1598304884,23
2020/8/25 04:34,1598304847,1598304844,3
2020/8/25 04:33,1598304787,1598304776,11
2020/8/25 04:32,1598304727,1598304718,9
2020/8/25 04:31,1598304667,1598304665,2
2020/8/25 04:30,1598304607,1598304584,23
2020/8/25 04:29,1598304547,1598304542,5
2020/8/25 04:28,1598304487,1598304482,5
2020/8/25 04:27,1598304427,1598304400,27
2020/8/25 04:26,1598304367,1598304363,4
2020/8/25 04:25,1598304307,1598304303,4
2020/8/25 04:24,1598304248,1598304237,11
2020/8/25 04:23,1598304187,1598304178,9
2020/8/25 04:22,1598304127,1598304096,31
2020/8/25 04:21,1598304067,1598304050,17
2020/8/25 04:20,1598304007,1598303994,13
2020/8/25 04:19,1598303947,1598303926,21
2020/8/25 04:18,1598303887,1598303842,45
2020/8/25 04:17,1598303827,1598303789,38
2020/8/25 04:16,1598303767,1598303709,58
2020/8/25 04:15,1598303707,1598303648,59
2020/8/25 04:14,1598303647,1598303648,-1
2020/8/25 04:13,1598303587,1598303587,0
2020/8/25 04:12,1598303527,1598303506,21
2020/8/25 04:11,1598303467,1598303465,2
2020/8/25 04:10,1598303407,1598303394,13
2020/8/25 04:09,1598303347,1598303322,25
2020/8/25 04:08,1598303287,1598303232,55
2020/8/25 04:07,1598303227,1598303182,45
2020/8/25 04:06,1598303167,1598303167,0
2020/8/25 04:05,1598303107,1598303018,89
2020/8/25 04:04,1598303047,1598303018,29
2020/8/25 04:03,1598302987,1598302977,10
2020/8/25 04:02,1598302927,1598302906,21
2020/8/25 04:01,1598302867,1598302851,16
2020/8/25 04:00,1598302807,1598302794,13
2020/8/25 03:59,1598302747,1598302734,13
2020/8/25 03:58,1598302687,1598302674,13
2020/8/25 03:57,1598302627,1598302591,36
2020/8/25 03:56,1598302567,1598302488,79
2020/8/25 03:55,1598302507,1598302488,19
2020/8/25 03:54,1598302447,1598302439,8
2020/8/25 03:53,1598302387,1598302337,50
2020/8/25 03:52,1598302327,1598302310,17
2020/8/25 03:51,1598302267,1598302204,63
2020/8/25 03:50,1598302207,1598302204,3
2020/8/25 03:49,1598302147,1598302146,1
2020/8/25 03:48,1598302087,1598302057,30
2020/8/25 03:47,1598302027,1598301982,45
2020/8/25 03:46,1598301967,1598301951,16
2020/8/25 03:45,1598301907,1598301898,9
2020/8/25 03:44,1598301847,1598301848,-1
2020/8/25 03:43,1598301787,1598301733,54
2020/8/25 03:42,1598301727,1598301715,12
2020/8/25 03:41,1598301667,1598301603,64
2020/8/25 03:40,1598301607,1598301603,4
2020/8/25 03:39,1598301547,1598301542,5
2020/8/25 03:38,1598301487,1598301481,6
2020/8/25 03:37,1598301427,1598301426,1
2020/8/25 03:36,1598301367,1598301366,1
2020/8/25 03:35,1598301307,1598301309,-2
2020/8/25 03:34,1598301247,1598301157,90
2020/8/25 03:33,1598301187,1598301157,30
2020/8/25 03:32,1598301127,1598301126,1
2020/8/25 03:31,1598301067,1598301055,12
2020/8/25 03:30,1598301007,1598301004,3
2020/8/25 03:29,1598300947,1598300942,5
2020/8/25 03:28,1598300887,1598300881,6
2020/8/25 03:27,1598300827,1598300827,0
2020/8/25 03:26,1598300767,1598300710,57
2020/8/25 03:25,1598300707,1598300689,18
2020/8/25 03:24,1598300647,1598300567,80
2020/8/25 03:23,1598300587,1598300567,20
2020/8/25 03:22,1598300527,1598300477,50
2020/8/25 03:21,1598300467,1598300447,20
2020/8/25 03:20,1598300407,1598300373,34
2020/8/25 03:19,1598300347,1598300312,35
2020/8/25 03:18,1598300287,1598300271,16
2020/8/25 03:17,1598300227,1598300192,35
2020/8/25 03:16,1598300167,1598300159,8
2020/8/25 03:15,1598300107,1598300106,1
2020/8/25 03:14,1598300047,1598300040,7
2020/8/25 03:13,1598299987,1598299895,92
2020/8/25 03:12,1598299927,1598299895,32
2020/8/25 03:11,1598299867,1598299824,43
2020/8/25 03:10,1598299807,1598299788,19
2020/8/25 03:09,1598299747,1598299746,1
2020/8/25 03:08,1598299687,1598299681,6
2020/8/25 03:07,1598299627,1598299625,2
2020/8/25 03:06,1598299567,1598299457,110
2020/8/25 03:05,1598299507,1598299457,50
2020/8/25 03:04,1598299447,1598299377,70
2020/8/25 03:03,1598299387,1598299377,10
2020/8/25 03:02,1598299327,1598299266,61
2020/8/25 03:01,1598299267,1598299266,1
2020/8/25 03:00,1598299207,1598299155,52
2020/8/25 02:59,1598299147,1598299149,-2
2020/8/25 02:58,1598299087,1598299082,5
2020/8/25 02:57,1598299027,1598299021,6
2020/8/25 02:56,1598298967,1598298817,150
2020/8/25 02:55,1598298907,1598298817,90
2020/8/25 02:54,1598298847,1598298817,30
2020/8/25 02:53,1598298787,1598298746,41
2020/8/25 02:52,1598298727,1598298716,11
2020/8/25 02:51,1598298667,1598298652,15
2020/8/25 02:50,1598298607,1598298595,12
2020/8/25 02:49,1598298547,1598298528,19
2020/8/25 02:48,1598298487,1598298421,66
2020/8/25 02:47,1598298427,1598298421,6
2020/8/25 02:46,1598298367,1598298361,6
2020/8/25 02:45,1598298307,1598298304,3
2020/8/25 02:44,1598298247,1598298208,39
2020/8/25 02:43,1598298187,1598298147,40
2020/8/25 02:42,1598298127,1598298086,41
2020/8/25 02:41,1598298067,1598298035,32
2020/8/25 02:40,1598298007,1598297989,18
2020/8/25 02:39,1598297947,1598297944,3
2020/8/25 02:38,1598297887,1598297873,14
2020/8/25 02:37,1598297827,1598297819,8
2020/8/25 02:36,1598297767,1598297700,67
2020/8/25 02:35,1598297707,1598297700,7
2020/8/25 02:34,1598297647,1598297648,-1
2020/8/25 02:33,1598297587,1598297578,9
2020/8/25 02:32,1598297527,1598297489,38
2020/8/25 02:31,1598297467,1598297465,2
2020/8/25 02:30,1598297407,1598297357,50
2020/8/25 02:29,1598297347,1598297334,13
2020/8/25 02:28,1598297287,1598297263,24
2020/8/25 02:27,1598297227,1598297202,25
2020/8/25 02:26,1598297167,1598297131,36
2020/8/25 02:25,1598297107,1598297101,6
2020/8/25 02:24,1598297047,1598297047,0
2020/8/25 02:23,1598296987,1598296937,50
2020/8/25 02:22,1598296927,1598296857,70
2020/8/25 02:21,1598296867,1598296857,10
2020/8/25 02:20,1598296807,1598296809,-2
2020/8/25 02:19,1598296747,1598296724,23
2020/8/25 02:18,1598296687,1598296685,2
2020/8/25 02:17,1598296627,1598296572,55
2020/8/25 02:16,1598296567,1598296531,36
2020/8/25 02:15,1598296507,1598296460,47
2020/8/25 02:14,1598296447,1598296429,18
2020/8/25 02:13,1598296387,1598296381,6
2020/8/25 02:12,1598296327,1598296287,40
2020/8/25 02:11,1598296267,1598296216,51
2020/8/25 02:10,1598296207,1598296167,40
2020/8/25 02:09,1598296147,1598296083,64
2020/8/25 02:08,1598296087,1598296083,4
2020/8/25 02:07,1598296027,1598295998,29
2020/8/25 02:06,1598295967,1598295937,30
2020/8/25 02:05,1598295907,1598295779,128
2020/8/25 02:04,1598295847,1598295779,68
2020/8/25 02:03,1598295787,1598295779,8
2020/8/25 02:02,1598295727,1598295707,20
2020/8/25 02:01,1598295667,1598295612,55
2020/8/25 02:00,1598295607,1598295572,35
2020/8/25 01:59,1598295547,1598295544,3
2020/8/25 01:58,1598295487,1598295396,91
2020/8/25 01:57,1598295427,1598295396,31
2020/8/25 01:56,1598295367,1598295368,-1
2020/8/25 01:55,1598295307,1598295308,-1
2020/8/25 01:54,1598295247,1598295240,7
2020/8/25 01:53,1598295187,1598295186,1
2020/8/25 01:52,1598295127,1598295114,13
2020/8/25 01:51,1598295067,1598295056,11
2020/8/25 01:50,1598295007,1598294973,34
2020/8/25 01:49,1598294947,1598294883,64
2020/8/25 01:48,1598294887,1598294883,4
2020/8/25 01:47,1598294827,1598294820,7
2020/8/25 01:46,1598294767,1598294765,2
2020/8/25 01:45,1598294707,1598294688,19
2020/8/25 01:44,1598294647,1598294606,41
2020/8/25 01:43,1598294587,1598294545,42
2020/8/25 01:42,1598294527,1598294497,30
2020/8/25 01:41,1598294467,1598294459,8
2020/8/25 01:40,1598294407,1598294403,4
2020/8/25 01:39,1598294347,1598294342,5
2020/8/25 01:38,1598294287,1598294264,23
2020/8/25 01:37,1598294227,1598294169,58
2020/8/25 01:36,1598294167,1598294169,-2
2020/8/25 01:35,1598294107,1598294108,-1
2020/8/25 01:34,1598294047,1598294047,0
2020/8/25 01:33,1598293987,1598293983,4
2020/8/25 01:32,1598293927,1598293904,23
2020/8/25 01:31,1598293867,1598293854,13
2020/8/25 01:30,1598293807,1598293802,5
2020/8/25 01:29,1598293747,1598293711,36
2020/8/25 01:28,1598293687,1598293674,13
2020/8/25 01:27,1598293627,1598293589,38
2020/8/25 01:26,1598293567,1598293568,-1
2020/8/25 01:25,1598293507,1598293491,16
2020/8/25 01:24,1598293447,1598293426,21
2020/8/25 01:23,1598293387,1598293372,15
2020/8/25 01:22,1598293327,1598293328,-1
2020/8/25 01:21,1598293267,1598293120,147
2020/8/25 01:20,1598293207,1598293120,87
2020/8/25 01:19,1598293147,1598293120,27
2020/8/25 01:18,1598293087,1598293049,38
2020/8/25 01:17,1598293027,1598293019,8
2020/8/25 01:16,1598292967,1598292962,5
2020/8/25 01:15,1598292907,1598292897,10
2020/8/25 01:14,1598292847,1598292826,21
2020/8/25 01:13,1598292787,1598292734,53
2020/8/25 01:12,1598292727,1598292683,44
2020/8/25 01:11,1598292667,1598292653,14
2020/8/25 01:10,1598292607,1598292592,15
2020/8/25 01:09,1598292547,1598292531,16
2020/8/25 01:08,1598292487,1598292469,18
2020/8/25 01:07,1598292427,1598292419,8
2020/8/25 01:06,1598292367,1598292348,19
2020/8/25 01:05,1598292307,1598292277,30
2020/8/25 01:04,1598292247,1598292215,32
2020/8/25 01:03,1598292187,1598292177,10
2020/8/25 01:02,1598292127,1598292094,33
2020/8/25 01:01,1598292067,1598292042,25
2020/8/25 01:00,1598292007,1598291941,66
2020/8/25 00:59,1598291947,1598291941,6
2020/8/25 00:58,1598291887,1598291884,3
2020/8/25 00:57,1598291827,1598291778,49
2020/8/25 00:56,1598291767,1598291707,60
2020/8/25 00:55,1598291707,1598291707,0
2020/8/25 00:54,1598291647,1598291648,-1
2020/8/25 00:53,1598291587,1598291564,23
2020/8/25 00:52,1598291527,1598291528,-1
2020/8/25 00:51,1598291467,1598291414,53
2020/8/25 00:50,1598291407,1598291340,67
2020/8/25 00:49,1598291347,1598291340,7
2020/8/25 00:48,1598291287,1598291286,1
2020/8/25 00:47,1598291227,1598291178,49
2020/8/25 00:46,1598291167,1598291154,13
2020/8/25 00:45,1598291107,1598291097,10
2020/8/25 00:44,1598291047,1598291023,24
2020/8/25 00:43,1598290987,1598290984,3
2020/8/25 00:42,1598290927,1598290926,1
2020/8/25 00:41,1598290867,1598290852,15
2020/8/25 00:40,1598290807,1598290800,7
2020/8/25 00:39,1598290747,1598290749,-2
2020/8/25 00:38,1598290687,1598290668,19
2020/8/25 00:37,1598290627,1598290617,10
2020/8/25 00:36,1598290567,1598290505,62
2020/8/25 00:35,1598290507,1598290505,2
2020/8/25 00:34,1598290447,1598290434,13
2020/8/25 00:33,1598290387,1598290389,-2
2020/8/25 00:32,1598290327,1598290322,5
2020/8/25 00:31,1598290267,1598290242,25
2020/8/25 00:30,1598290207,1598290170,37
2020/8/25 00:29,1598290147,1598290122,25
2020/8/25 00:28,1598290087,1598290078,9
2020/8/25 00:27,1598290027,1598290027,0
2020/8/25 00:26,1598289967,1598289968,-1
2020/8/25 00:25,1598289907,1598289899,8
2020/8/25 00:24,1598289847,1598289794,53
2020/8/25 00:23,1598289787,1598289786,1
2020/8/25 00:22,1598289727,1598289713,14
2020/8/25 00:21,1598289667,1598289651,16
2020/8/25 00:20,1598289607,1598289550,57
2020/8/25 00:19,1598289547,1598289535,12
2020/8/25 00:18,1598289487,1598289488,-1
2020/8/25 00:17,1598289427,1598289356,71
2020/8/25 00:16,1598289367,1598289356,11
2020/8/25 00:15,1598289307,1598289295,12
2020/8/25 00:14,1598289247,1598289234,13
2020/8/25 00:13,1598289187,1598289187,0
2020/8/25 00:12,1598289127,1598289081,46
2020/8/25 00:11,1598289067,1598289020,47
2020/8/25 00:10,1598289007,1598288966,41
2020/8/25 00:09,1598288947,1598288934,13
2020/8/25 00:08,1598288887,1598288888,-1
2020/8/25 00:07,1598288827,1598288705,122
2020/8/25 00:06,1598288767,1598288705,62
2020/8/25 00:05,1598288707,1598288705,2
2020/8/25 00:04,1598288647,1598288624,23
2020/8/25 00:03,1598288587,1598288583,4
2020/8/25 00:02,1598288527,1598288522,5
2020/8/25 00:01,1598288468,1598288369,99
2020/8/25 00:00,1598288407,1598288369,38
2020/8/24 23:59,1598288347,1598288319,28
2020/8/24 23:58,1598288287,1598288227,60
2020/8/24 23:57,1598288227,1598288227,0
2020/8/24 23:56,1598288167,1598288115,52
2020/8/24 23:55,1598288107,1598288084,23
2020/8/24 23:54,1598288047,1598287999,48
2020/8/24 23:53,1598287987,1598287983,4
2020/8/24 23:52,1598287927,1598287902,25
2020/8/24 23:51,1598287867,1598287851,16
2020/8/24 23:50,1598287807,1598287768,39
2020/8/24 23:49,1598287747,1598287729,18
2020/8/24 23:48,1598287687,1598287660,27
2020/8/24 23:47,1598287627,1598287594,33
2020/8/24 23:46,1598287567,1598287546,21
2020/8/24 23:45,1598287507,1598287482,25
2020/8/24 23:44,1598287447,1598287403,44
2020/8/24 23:43,1598287387,1598287388,-1
2020/8/24 23:42,1598287327,1598287310,17
2020/8/24 23:41,1598287267,1598287248,19
2020/8/24 23:40,1598287207,1598287197,10
2020/8/24 23:39,1598287147,1598287124,23
2020/8/24 23:38,1598287087,1598287082,5
2020/8/24 23:37,1598287027,1598287025,2
2020/8/24 23:36,1598286967,1598286852,115
2020/8/24 23:35,1598286907,1598286852,55
2020/8/24 23:34,1598286847,1598286844,3
2020/8/24 23:33,1598286787,1598286780,7
2020/8/24 23:32,1598286727,1598286702,25
2020/8/24 23:31,1598286667,1598286546,121
2020/8/24 23:30,1598286607,1598286546,61
2020/8/24 23:29,1598286547,1598286546,1
2020/8/24 23:28,1598286487,1598286465,22
2020/8/24 23:27,1598286427,1598286343,84
2020/8/24 23:26,1598286367,1598286343,24
2020/8/24 23:25,1598286307,1598286262,45
2020/8/24 23:24,1598286247,1598286241,6
2020/8/24 23:23,1598286187,1598286160,27
2020/8/24 23:22,1598286127,1598286109,18
2020/8/24 23:21,1598286067,1598286037,30
2020/8/24 23:20,1598286007,1598285905,102
2020/8/24 23:19,1598285947,1598285905,42
2020/8/24 23:18,1598285887,1598285862,25
2020/8/24 23:17,1598285827,1598285773,54
2020/8/24 23:16,1598285767,1598285731,36
2020/8/24 23:15,1598285707,1598285660,47
2020/8/24 23:14,1598285647,1598285609,38
2020/8/24 23:13,1598285587,1598285548,39
2020/8/24 23:12,1598285527,1598285496,31
2020/8/24 23:11,1598285467,1598285463,4
2020/8/24 23:10,1598285407,1598285354,53
2020/8/24 23:09,1598285347,1598285181,166
2020/8/24 23:08,1598285287,1598285181,106
2020/8/24 23:07,1598285227,1598285181,46
2020/8/24 23:06,1598285167,1598285120,47
2020/8/24 23:05,1598285107,1598285106,1
2020/8/24 23:04,1598285047,1598285029,18
2020/8/24 23:03,1598284987,1598284986,1
2020/8/24 23:02,1598284927,1598284925,2
2020/8/24 23:01,1598284867,1598284827,40
2020/8/24 23:00,1598284807,1598284804,3
2020/8/24 22:59,1598284747,1598284743,4
2020/8/24 22:58,1598284687,1598284680,7
2020/8/24 22:57,1598284627,1598284622,5
2020/8/24 22:56,1598284567,1598284535,32
2020/8/24 22:55,1598284507,1598284494,13
2020/8/24 22:54,1598284447,1598284443,4
2020/8/24 22:53,1598284387,1598284361,26
2020/8/24 22:52,1598284327,1598284301,26
2020/8/24 22:51,1598284267,1598284257,10
2020/8/24 22:50,1598284207,1598284164,43
2020/8/24 22:49,1598284147,1598284117,30
2020/8/24 22:48,1598284087,1598284036,51
2020/8/24 22:47,1598284027,1598283985,42
2020/8/24 22:46,1598283967,1598283962,5
2020/8/24 22:45,1598283907,1598283893,14
2020/8/24 22:44,1598283847,1598283841,6
2020/8/24 22:43,1598283787,1598283784,3
2020/8/24 22:42,1598283727,1598283693,34
2020/8/24 22:41,1598283667,1598283638,29
2020/8/24 22:40,1598283607,1598283592,15
2020/8/24 22:39,1598283547,1598283546,1
2020/8/24 22:38,1598283487,1598283465,22
2020/8/24 22:37,1598283427,1598283383,44
2020/8/24 22:36,1598283367,1598283350,17
2020/8/24 22:35,1598283307,1598283282,25
2020/8/24 22:34,1598283247,1598283240,7
2020/8/24 22:33,1598283187,1598283188,-1
2020/8/24 22:32,1598283127,1598283059,68
2020/8/24 22:31,1598283067,1598283059,8
2020/8/24 22:30,1598283007,1598282987,20
2020/8/24 22:29,1598282947,1598282937,10
2020/8/24 22:28,1598282887,1598282886,1
2020/8/24 22:27,1598282827,1598282812,15
2020/8/24 22:26,1598282767,1598282730,37
2020/8/24 22:25,1598282707,1598282709,-2
2020/8/24 22:24,1598282647,1598282601,46
2020/8/24 22:23,1598282587,1598282519,68
2020/8/24 22:22,1598282527,1598282519,8
2020/8/24 22:21,1598282467,1598282374,93
2020/8/24 22:20,1598282407,1598282374,33
2020/8/24 22:19,1598282347,1598282334,13
2020/8/24 22:18,1598282287,1598282231,56
2020/8/24 22:17,1598282227,1598282160,67
2020/8/24 22:16,1598282167,1598282160,7
2020/8/24 22:15,1598282107,1598282108,-1
2020/8/24 22:14,1598282047,1598282048,-1
2020/8/24 22:13,1598281987,1598281987,0
2020/8/24 22:12,1598281927,1598281926,1
2020/8/24 22:11,1598281867,1598281844,23
2020/8/24 22:10,1598281807,1598281682,125
2020/8/24 22:09,1598281747,1598281682,65
2020/8/24 22:08,1598281687,1598281682,5
2020/8/24 22:07,1598281627,1598281611,16
2020/8/24 22:06,1598281567,1598281479,88
2020/8/24 22:05,1598281507,1598281479,28
2020/8/24 22:04,1598281447,1598281305,142
2020/8/24 22:03,1598281387,1598281305,82
2020/8/24 22:02,1598281327,1598281305,22
2020/8/24 22:01,1598281267,1598281244,23
2020/8/24 22:00,1598281208,1598281202,6
2020/8/24 21:59,1598281147,1598281141,6
2020/8/24 21:58,1598281087,1598281054,33
2020/8/24 21:57,1598281027,1598280988,39
2020/8/24 21:56,1598280967,1598280948,19
2020/8/24 21:55,1598280907,1598280897,10
2020/8/24 21:54,1598280847,1598280826,21
2020/8/24 21:53,1598280787,1598280765,22
2020/8/24 21:52,1598280727,1598280696,31
2020/8/24 21:51,1598280667,1598280652,15
2020/8/24 21:50,1598280607,1598280586,21
2020/8/24 21:49,1598280547,1598280539,8
2020/8/24 21:48,1598280487,1598280473,14
2020/8/24 21:47,1598280427,1598280404,23
2020/8/24 21:46,1598280367,1598280352,15
2020/8/24 21:45,1598280307,1598280301,6
2020/8/24 21:44,1598280247,1598280223,24
2020/8/24 21:43,1598280187,1598280188,-1
2020/8/24 21:42,1598280127,1598280108,19
2020/8/24 21:41,1598280067,1598280063,4
2020/8/24 21:40,1598280007,1598279987,20
2020/8/24 21:39,1598279947,1598279926,21
2020/8/24 21:38,1598279887,1598279875,12
2020/8/24 21:37,1598279827,1598279732,95
2020/8/24 21:36,1598279767,1598279732,35
2020/8/24 21:35,1598279707,1598279692,15
2020/8/24 21:34,1598279647,1598279631,16
2020/8/24 21:33,1598279587,1598279550,37
2020/8/24 21:32,1598279527,1598279509,18
2020/8/24 21:31,1598279467,1598279460,7
2020/8/24 21:30,1598279407,1598279339,68
2020/8/24 21:29,1598279347,1598279339,8
2020/8/24 21:28,1598279287,1598279284,3
2020/8/24 21:27,1598279227,1598279223,4
2020/8/24 21:26,1598279167,1598279130,37
2020/8/24 21:25,1598279107,1598279081,26
2020/8/24 21:24,1598279047,1598279020,27
2020/8/24 21:23,1598278987,1598278917,70
2020/8/24 21:22,1598278927,1598278917,10
2020/8/24 21:21,1598278867,1598278836,31
2020/8/24 21:20,1598278807,1598278790,17
2020/8/24 21:19,1598278747,1598278715,32
2020/8/24 21:18,1598278687,1598278675,12
2020/8/24 21:17,1598278627,1598278562,65
2020/8/24 21:16,1598278567,1598278562,5
2020/8/24 21:15,1598278507,1598278508,-1
2020/8/24 21:14,1598278447,1598278435,12
2020/8/24 21:13,1598278387,1598278294,93
2020/8/24 21:12,1598278327,1598278294,33
2020/8/24 21:11,1598278267,1598278243,24
2020/8/24 21:10,1598278207,1598278141,66
2020/8/24 21:09,1598278147,1598278141,6
2020/8/24 21:08,1598278087,1598278060,27
2020/8/24 21:07,1598278027,1598278024,3
2020/8/24 21:06,1598277967,1598277958,9
2020/8/24 21:05,1598277907,1598277887,20
2020/8/24 21:04,1598277847,1598277816,31
2020/8/24 21:03,1598277787,1598277755,32
2020/8/24 21:02,1598277727,1598277703,24
2020/8/24 21:01,1598277667,1598277663,4
2020/8/24 21:00,1598277607,1598277601,6
2020/8/24 20:59,1598277547,1598277516,31
2020/8/24 20:58,1598277487,1598277488,-1
2020/8/24 20:57,1598277427,1598277423,4
2020/8/24 20:56,1598277367,1598277367,0
2020/8/24 20:55,1598277307,1598277265,42
2020/8/24 20:54,1598277247,1598277246,1
2020/8/24 20:53,1598277187,1598277153,34
2020/8/24 20:52,1598277127,1598277091,36
2020/8/24 20:51,1598277067,1598277061,6
2020/8/24 20:50,1598277007,1598276969,38
2020/8/24 20:49,1598276947,1598276938,9
2020/8/24 20:48,1598276887,1598276823,64
2020/8/24 20:47,1598276827,1598276823,4
2020/8/24 20:46,1598276767,1598276653,114
2020/8/24 20:45,1598276707,1598276653,54
2020/8/24 20:44,1598276647,1598276580,67
2020/8/24 20:43,1598276587,1598276580,7
2020/8/24 20:42,1598276527,1598276522,5
2020/8/24 20:41,1598276467,1598276460,7
2020/8/24 20:40,1598276407,1598276398,9
2020/8/24 20:39,1598276347,1598276346,1
2020/8/24 20:38,1598276287,1598276283,4
2020/8/24 20:37,1598276227,1598276193,34
2020/8/24 20:36,1598276167,1598276168,-1
2020/8/24 20:35,1598276107,1598276108,-1
2020/8/24 20:34,1598276047,1598276039,8
2020/8/24 20:33,1598275987,1598275970,17
2020/8/24 20:32,1598275927,1598275897,30
2020/8/24 20:31,1598275867,1598275843,24
2020/8/24 20:30,1598275807,1598275801,6
2020/8/24 20:29,1598275747,1598275743,4
2020/8/24 20:28,1598275687,1598275686,1
2020/8/24 20:27,1598275628,1598275618,10
2020/8/24 20:26,1598275567,1598275568,-1
2020/8/24 20:25,1598275507,1598275439,68
2020/8/24 20:24,1598275447,1598275439,8
2020/8/24 20:23,1598275387,1598275379,8
2020/8/24 20:22,1598275327,1598275316,11
2020/8/24 20:21,1598275267,1598275247,20
2020/8/24 20:20,1598275207,1598275203,4
2020/8/24 20:19,1598275147,1598275137,10
2020/8/24 20:18,1598275087,1598275086,1
2020/8/24 20:17,1598275028,1598275005,23
2020/8/24 20:16,1598274967,1598274959,8
2020/8/24 20:15,1598274907,1598274907,0
2020/8/24 20:14,1598274847,1598274846,1
2020/8/24 20:13,1598274787,1598274757,30
2020/8/24 20:12,1598274727,1598274724,3
2020/8/24 20:11,1598274667,1598274636,31
2020/8/24 20:10,1598274607,1598274584,23
2020/8/24 20:09,1598274547,1598274521,26
2020/8/24 20:08,1598274487,1598274435,52
2020/8/24 20:07,1598274427,1598274415,12
2020/8/24 20:06,1598274367,1598274363,4
2020/8/24 20:05,1598274307,1598274302,5
2020/8/24 20:04,1598274247,1598274243,4
2020/8/24 20:03,1598274187,1598274169,18
2020/8/24 20:02,1598274127,1598274129,-2
2020/8/24 20:01,1598274067,1598274046,21
2020/8/24 20:00,1598274007,1598273984,23
2020/8/24 19:59,1598273947,1598273948,-1
2020/8/24 19:58,1598273887,1598273816,71
2020/8/24 19:57,1598273827,1598273816,11
2020/8/24 19:56,1598273767,1598273764,3
2020/8/24 19:55,1598273707,1598273684,23
2020/8/24 19:54,1598273647,1598273622,25
2020/8/24 19:53,1598273587,1598273582,5
2020/8/24 19:52,1598273527,1598273521,6
2020/8/24 19:51,1598273467,1598273439,28
2020/8/24 19:50,1598273407,1598273378,29
2020/8/24 19:49,1598273347,1598273336,11
2020/8/24 19:48,1598273287,1598273276,11
2020/8/24 19:47,1598273227,1598273214,13
2020/8/24 19:46,1598273167,1598273167,0
2020/8/24 19:45,1598273107,1598273098,9
2020/8/24 19:44,1598273047,1598273045,2
2020/8/24 19:43,1598272987,1598272960,27
2020/8/24 19:42,1598272927,1598272909,18
2020/8/24 19:41,1598272867,1598272868,-1
2020/8/24 19:40,1598272807,1598272808,-1
2020/8/24 19:39,1598272747,1598272745,2
2020/8/24 19:38,1598272687,1598272631,56
2020/8/24 19:37,1598272628,1598272545,83
2020/8/24 19:36,1598272567,1598272545,22
2020/8/24 19:35,1598272507,1598272488,19
2020/8/24 19:34,1598272447,1598272438,9
2020/8/24 19:33,1598272387,1598272386,1
2020/8/24 19:32,1598272327,1598272325,2
2020/8/24 19:31,1598272267,1598272242,25
2020/8/24 19:30,1598272207,1598272192,15
2020/8/24 19:29,1598272147,1598272095,52
2020/8/24 19:28,1598272087,1598272087,0
2020/8/24 19:27,1598272027,1598272003,24
2020/8/24 19:26,1598271967,1598271942,25
2020/8/24 19:25,1598271907,1598271820,87
2020/8/24 19:24,1598271847,1598271820,27
2020/8/24 19:23,1598271787,1598271762,25
2020/8/24 19:22,1598271727,1598271698,29
2020/8/24 19:21,1598271667,1598271625,42
2020/8/24 19:20,1598271607,1598271540,67
2020/8/24 19:19,1598271547,1598271540,7
2020/8/24 19:18,1598271487,1598271445,42
2020/8/24 19:17,1598271427,1598271255,172
2020/8/24 19:16,1598271367,1598271255,112
2020/8/24 19:15,1598271307,1598271255,52
2020/8/24 19:14,1598271247,1598271245,2
2020/8/24 19:13,1598271187,1598271126,61
2020/8/24 19:12,1598271127,1598271126,1
2020/8/24 19:11,1598271067,1598270983,84
2020/8/24 19:10,1598271007,1598270983,24
2020/8/24 19:09,1598270947,1598270826,121
2020/8/24 19:08,1598270887,1598270826,61
2020/8/24 19:07,1598270827,1598270826,1
2020/8/24 19:06,1598270767,1598270370,397
2020/8/24 19:05,1598270707,1598270370,337
2020/8/24 19:04,1598270647,1598270370,277
2020/8/24 19:03,1598270587,1598270370,217
2020/8/24 19:02,1598270527,1598270370,157
2020/8/24 19:01,1598270468,1598270370,98
2020/8/24 19:00,1598270407,1598270370,37
2020/8/24 18:59,1598270347,1598270262,85
2020/8/24 18:58,1598270287,1598270262,25
2020/8/24 18:57,1598270227,1598270055,172
2020/8/24 18:56,1598270167,1598270055,112
2020/8/24 18:55,1598270107,1598270055,52
2020/8/24 18:54,1598270047,1598269810,237
2020/8/24 18:53,1598269987,1598269810,177
2020/8/24 18:52,1598269927,1598269810,117
2020/8/24 18:51,1598269867,1598269810,57
2020/8/24 18:50,1598269807,1598269809,-2
2020/8/24 18:49,1598269747,1598269679,68
2020/8/24 18:48,1598269687,1598269679,8
2020/8/24 18:47,1598269627,1598269617,10
2020/8/24 18:46,1598269567,1598269567,0
2020/8/24 18:45,1598269507,1598269504,3
2020/8/24 18:44,1598269447,1598269414,33
2020/8/24 18:43,1598269387,1598269231,156
2020/8/24 18:42,1598269327,1598269231,96
2020/8/24 18:41,1598269267,1598269231,36
2020/8/24 18:40,1598269207,1598269159,48
2020/8/24 18:39,1598269147,1598269109,38
2020/8/24 18:38,1598269087,1598268935,152
2020/8/24 18:37,1598269027,1598268935,92
2020/8/24 18:36,1598268967,1598268935,32
2020/8/24 18:35,1598268907,1598268908,-1
2020/8/24 18:34,1598268847,1598268844,3
2020/8/24 18:33,1598268787,1598268739,48
2020/8/24 18:32,1598268727,1598268611,116
2020/8/24 18:31,1598268667,1598268611,56
2020/8/24 18:30,1598268607,1598268608,-1
2020/8/24 18:29,1598268547,1598268499,48
2020/8/24 18:28,1598268487,1598268354,133
2020/8/24 18:27,1598268427,1598268354,73
2020/8/24 18:26,1598268367,1598268354,13
2020/8/24 18:25,1598268307,1598268238,69
2020/8/24 18:24,1598268247,1598268238,9
2020/8/24 18:23,1598268187,1598268186,1
2020/8/24 18:22,1598268127,1598268119,8
2020/8/24 18:21,1598268067,1598268019,48
2020/8/24 18:20,1598268007,1598268004,3
2020/8/24 18:19,1598267947,1598267945,2
2020/8/24 18:18,1598267887,1598267884,3
2020/8/24 18:17,1598267827,1598267820,7
2020/8/24 18:16,1598267767,1598267755,12
2020/8/24 18:15,1598267707,1598267691,16
2020/8/24 18:14,1598267647,1598267620,27
2020/8/24 18:13,1598267587,1598267584,3
2020/8/24 18:12,1598267527,1598267478,49
2020/8/24 18:11,1598267467,1598267390,77
2020/8/24 18:10,1598267407,1598267390,17
2020/8/24 18:09,1598267347,1598267341,6
2020/8/24 18:08,1598267287,1598267275,12
2020/8/24 18:07,1598267227,1598267183,44
2020/8/24 18:06,1598267167,1598267142,25
2020/8/24 18:05,1598267107,1598267102,5
2020/8/24 18:04,1598267047,1598267010,37
2020/8/24 18:03,1598266987,1598266980,7
2020/8/24 18:02,1598266927,1598266928,-1
2020/8/24 18:01,1598266867,1598266868,-1
2020/8/24 18:00,1598266807,1598266804,3
2020/8/24 17:59,1598266747,1598266734,13
2020/8/24 17:58,1598266687,1598266683,4
2020/8/24 17:57,1598266627,1598266571,56
2020/8/24 17:56,1598266567,1598266530,37
2020/8/24 17:55,1598266507,1598266500,7
2020/8/24 17:54,1598266447,1598266438,9
2020/8/24 17:53,1598266387,1598266359,28
2020/8/24 17:52,1598266327,1598266264,63
2020/8/24 17:51,1598266267,1598266264,3
2020/8/24 17:50,1598266207,1598266192,15
2020/8/24 17:49,1598266147,1598266149,-2
2020/8/24 17:48,1598266087,1598266068,19
2020/8/24 17:47,1598266027,1598265977,50
2020/8/24 17:46,1598265967,1598265915,52
2020/8/24 17:45,1598265907,1598265853,54
2020/8/24 17:44,1598265847,1598265848,-1
2020/8/24 17:43,1598265787,1598265720,67
2020/8/24 17:42,1598265727,1598265720,7
2020/8/24 17:41,1598265667,1598265659,8
2020/8/24 17:40,1598265607,1598265604,3
2020/8/24 17:39,1598265547,1598265541,6
2020/8/24 17:38,1598265487,1598265476,11
2020/8/24 17:37,1598265427,1598265428,-1
2020/8/24 17:36,1598265367,1598265355,12
2020/8/24 17:35,1598265307,1598265303,4
2020/8/24 17:34,1598265247,1598265191,56
2020/8/24 17:33,1598265187,1598265160,27
2020/8/24 17:32,1598265127,1598265114,13
2020/8/24 17:31,1598265067,1598265069,-2
2020/8/24 17:30,1598265007,1598264967,40
2020/8/24 17:29,1598264947,1598264936,11
2020/8/24 17:28,1598264887,1598264887,0
2020/8/24 17:27,1598264827,1598264783,44
2020/8/24 17:26,1598264767,1598264651,116
2020/8/24 17:25,1598264707,1598264651,56
2020/8/24 17:24,1598264647,1598264620,27
2020/8/24 17:23,1598264587,1598264584,3
2020/8/24 17:22,1598264527,1598264523,4
2020/8/24 17:21,1598264467,1598264437,30
2020/8/24 17:20,1598264407,1598264364,43
2020/8/24 17:19,1598264347,1598264330,17
2020/8/24 17:18,1598264287,1598264282,5
2020/8/24 17:17,1598264227,1598264161,66
2020/8/24 17:16,1598264167,1598264161,6
2020/8/24 17:15,1598264107,1598264059,48
2020/8/24 17:14,1598264047,1598263916,131
2020/8/24 17:13,1598263987,1598263916,71
2020/8/24 17:12,1598263927,1598263916,11
2020/8/24 17:11,1598263867,1598263855,12
2020/8/24 17:10,1598263807,1598263809,-2
2020/8/24 17:09,1598263747,1598263724,23
2020/8/24 17:08,1598263687,1598263684,3
2020/8/24 17:07,1598263627,1598263628,-1
2020/8/24 17:06,1598263567,1598263540,27
2020/8/24 17:05,1598263507,1598263469,38
2020/8/24 17:04,1598263447,1598263411,36
2020/8/24 17:03,1598263387,1598263384,3
2020/8/24 17:02,1598263327,1598263326,1
2020/8/24 17:01,1598263267,1598263234,33
2020/8/24 17:00,1598263207,1598263195,12
2020/8/24 16:59,1598263147,1598263111,36
2020/8/24 16:58,1598263087,1598263050,37
2020/8/24 16:57,1598263027,1598263010,17
2020/8/24 16:56,1598262968,1598262939,29
2020/8/24 16:55,1598262907,1598262900,7
2020/8/24 16:54,1598262847,1598262826,21
2020/8/24 16:53,1598262787,1598262783,4
2020/8/24 16:52,1598262727,1598262714,13
2020/8/24 16:51,1598262667,1598262665,2
2020/8/24 16:50,1598262607,1598262580,27
2020/8/24 16:49,1598262547,1598262548,-1
2020/8/24 16:48,1598262487,1598262486,1
2020/8/24 16:47,1598262427,1598262427,0
2020/8/24 16:46,1598262367,1598262356,11
2020/8/24 16:45,1598262307,1598262256,51
2020/8/24 16:44,1598262247,1598262152,95
2020/8/24 16:43,1598262187,1598262152,35
2020/8/24 16:42,1598262127,1598262088,39
2020/8/24 16:41,1598262067,1598262067,0
2020/8/24 16:40,1598262007,1598262001,6
2020/8/24 16:39,1598261947,1598261941,6
2020/8/24 16:38,1598261887,1598261866,21
2020/8/24 16:37,1598261827,1598261819,8
2020/8/24 16:36,1598261767,1598261753,14
2020/8/24 16:35,1598261707,1598261704,3
2020/8/24 16:34,1598261647,1598261647,0
2020/8/24 16:33,1598261587,1598261548,39
2020/8/24 16:32,1598261527,1598261503,24
2020/8/24 16:31,1598261467,1598261468,-1
2020/8/24 16:30,1598261407,1598261352,55
2020/8/24 16:29,1598261347,1598261322,25
2020/8/24 16:28,1598261287,1598261285,2
2020/8/24 16:27,1598261227,1598261208,19
2020/8/24 16:26,1598261167,1598261163,4
2020/8/24 16:25,1598261107,1598261058,49
2020/8/24 16:24,1598261047,1598261018,29
2020/8/24 16:23,1598260987,1598260937,50
2020/8/24 16:22,1598260927,1598260874,53
2020/8/24 16:21,1598260867,1598260867,0
2020/8/24 16:20,1598260807,1598260803,4
2020/8/24 16:19,1598260747,1598260745,2
2020/8/24 16:18,1598260687,1598260685,2
2020/8/24 16:17,1598260627,1598260626,1
2020/8/24 16:16,1598260567,1598260565,2
2020/8/24 16:15,1598260507,1598260507,0
2020/8/24 16:14,1598260447,1598260442,5
2020/8/24 16:13,1598260387,1598260380,7
2020/8/24 16:12,1598260327,1598260304,23
2020/8/24 16:11,1598260267,1598260243,24
2020/8/24 16:10,1598260207,1598260203,4
2020/8/24 16:09,1598260147,1598260140,7
2020/8/24 16:08,1598260088,1598260007,81
2020/8/24 16:07,1598260027,1598260007,20
2020/8/24 16:06,1598259967,1598259964,3
2020/8/24 16:05,1598259907,1598259884,23
2020/8/24 16:04,1598259847,1598259843,4
2020/8/24 16:03,1598259787,1598259700,87
2020/8/24 16:02,1598259727,1598259700,27
2020/8/24 16:01,1598259667,1598259609,58
2020/8/24 16:00,1598259607,1598259537,70
2020/8/24 15:59,1598259547,1598259537,10
2020/8/24 15:58,1598259487,1598259487,0
2020/8/24 15:57,1598259427,1598259415,12
2020/8/24 15:56,1598259367,1598259325,42
2020/8/24 15:55,1598259307,1598259299,8
2020/8/24 15:54,1598259247,1598259238,9
2020/8/24 15:53,1598259187,1598259188,-1
2020/8/24 15:52,1598259127,1598259090,37
2020/8/24 15:51,1598259067,1598259050,17
2020/8/24 15:50,1598259007,1598258975,32
2020/8/24 15:49,1598258947,1598258928,19
2020/8/24 15:48,1598258887,1598258887,0
2020/8/24 15:47,1598258827,1598258816,11
2020/8/24 15:46,1598258767,1598258765,2
2020/8/24 15:45,1598258707,1598258702,5
2020/8/24 15:44,1598258647,1598258646,1
2020/8/24 15:43,1598258587,1598258572,15
2020/8/24 15:42,1598258527,1598258521,6
2020/8/24 15:41,1598258467,1598258444,23
2020/8/24 15:40,1598258407,1598258359,48
2020/8/24 15:39,1598258347,1598258318,29
2020/8/24 15:38,1598258287,1598258283,4
2020/8/24 15:37,1598258227,1598258227,0
2020/8/24 15:36,1598258167,1598258131,36
2020/8/24 15:35,1598258107,1598258094,13
2020/8/24 15:34,1598258047,1598258034,13
2020/8/24 15:33,1598257987,1598257987,0
2020/8/24 15:32,1598257927,1598257922,5
2020/8/24 15:31,1598257867,1598257868,-1
2020/8/24 15:30,1598257807,1598257793,14
2020/8/24 15:29,1598257747,1598257712,35
2020/8/24 15:28,1598257687,1598257687,0
2020/8/24 15:27,1598257627,1598257616,11
2020/8/24 15:26,1598257567,1598257505,62
2020/8/24 15:25,1598257507,1598257505,2
2020/8/24 15:24,1598257447,1598257423,24
2020/8/24 15:23,1598257387,1598257332,55
2020/8/24 15:22,1598257327,1598257292,35
2020/8/24 15:21,1598257267,1598257264,3
2020/8/24 15:20,1598257207,1598257193,14
2020/8/24 15:19,1598257147,1598257125,22
2020/8/24 15:18,1598257087,1598257058,29
2020/8/24 15:17,1598257027,1598257007,20
2020/8/24 15:16,1598256967,1598256933,34
2020/8/24 15:15,1598256907,1598256906,1
2020/8/24 15:14,1598256847,1598256846,1
2020/8/24 15:13,1598256787,1598256777,10
2020/8/24 15:12,1598256727,1598256720,7
2020/8/24 15:11,1598256667,1598256631,36
2020/8/24 15:10,1598256607,1598256530,77
2020/8/24 15:09,1598256547,1598256530,17
2020/8/24 15:08,1598256487,1598256439,48
2020/8/24 15:07,1598256427,1598256405,22
2020/8/24 15:06,1598256367,1598256368,-1
2020/8/24 15:05,1598256307,1598256236,71
2020/8/24 15:04,1598256247,1598256236,11
2020/8/24 15:03,1598256187,1598256185,2
2020/8/24 15:02,1598256127,1598256125,2
2020/8/24 15:01,1598256067,1598256057,10
2020/8/24 15:00,1598256007,1598256009,-2
2020/8/24 14:59,1598255947,1598255925,22
2020/8/24 14:58,1598255887,1598255859,28
2020/8/24 14:57,1598255827,1598255821,6
2020/8/24 14:56,1598255767,1598255748,19
2020/8/24 14:55,1598255707,1598255707,0
2020/8/24 14:54,1598255647,1598255604,43
2020/8/24 14:53,1598255587,1598255586,1
2020/8/24 14:52,1598255527,1598255453,74
2020/8/24 14:51,1598255467,1598255453,14
2020/8/24 14:50,1598255407,1598255393,14
2020/8/24 14:49,1598255347,1598255274,73
2020/8/24 14:48,1598255287,1598255274,13
2020/8/24 14:47,1598255227,1598255228,-1
2020/8/24 14:46,1598255167,1598255145,22
2020/8/24 14:45,1598255107,1598255047,60
2020/8/24 14:44,1598255047,1598255047,0
2020/8/24 14:43,1598254987,1598254982,5
2020/8/24 14:42,1598254927,1598254928,-1
2020/8/24 14:41,1598254867,1598254821,46
2020/8/24 14:40,1598254807,1598254776,31
2020/8/24 14:39,1598254747,1598254701,46
2020/8/24 14:38,1598254687,1598254640,47
2020/8/24 14:37,1598254627,1598254618,9
2020/8/24 14:36,1598254567,1598254514,53
2020/8/24 14:35,1598254507,1598254486,21
2020/8/24 14:34,1598254447,1598254437,10
2020/8/24 14:33,1598254387,1598254386,1
2020/8/24 14:32,1598254327,1598254302,25
2020/8/24 14:31,1598254267,1598254263,4
2020/8/24 14:30,1598254207,1598254132,75
2020/8/24 14:29,1598254147,1598254132,15
2020/8/24 14:28,1598254087,1598254062,25
2020/8/24 14:27,1598254027,1598254000,27
2020/8/24 14:26,1598253967,1598253878,89
2020/8/24 14:25,1598253907,1598253878,29
2020/8/24 14:24,1598253847,1598253757,90
2020/8/24 14:23,1598253787,1598253757,30
2020/8/24 14:22,1598253727,1598253584,143
2020/8/24 14:21,1598253667,1598253584,83
2020/8/24 14:20,1598253607,1598253584,23
2020/8/24 14:19,1598253547,1598253462,85
2020/8/24 14:18,1598253487,1598253462,25
2020/8/24 14:17,1598253427,1598253412,15
2020/8/24 14:16,1598253367,1598253361,6
2020/8/24 14:15,1598253307,1598253197,110
2020/8/24 14:14,1598253247,1598253197,50
2020/8/24 14:13,1598253187,1598253184,3
2020/8/24 14:12,1598253127,1598253097,30
2020/8/24 14:11,1598253067,1598252995,72
2020/8/24 14:10,1598253007,1598252995,12
2020/8/24 14:09,1598252947,1598252894,53
2020/8/24 14:08,1598252887,1598252792,95
2020/8/24 14:07,1598252827,1598252792,35
2020/8/24 14:06,1598252767,1598252690,77
2020/8/24 14:05,1598252707,1598252690,17
2020/8/24 14:04,1598252647,1598252643,4
2020/8/24 14:03,1598252587,1598252468,119
2020/8/24 14:02,1598252527,1598252468,59
2020/8/24 14:01,1598252467,1598252468,-1
2020/8/24 14:00,1598252407,1598252378,29
2020/8/24 13:59,1598252347,1598252335,12
2020/8/24 13:58,1598252287,1598252162,125
2020/8/24 13:57,1598252227,1598252162,65
2020/8/24 13:56,1598252167,1598252162,5
2020/8/24 13:55,1598252107,1598252108,-1
2020/8/24 13:54,1598252047,1598251990,57
2020/8/24 13:53,1598251987,1598251685,302
2020/8/24 13:52,1598251927,1598251685,242
2020/8/24 13:51,1598251867,1598251685,182
2020/8/24 13:50,1598251807,1598251685,122
2020/8/24 13:49,1598251747,1598251685,62
2020/8/24 13:48,1598251687,1598251685,2
2020/8/24 13:47,1598251627,1598251491,136
2020/8/24 13:46,1598251567,1598251491,76
2020/8/24 13:45,1598251507,1598251491,16
2020/8/24 13:44,1598251447,1598251439,8
2020/8/24 13:43,1598251387,1598251361,26
2020/8/24 13:42,1598251327,1598251275,52
2020/8/24 13:41,1598251267,1598251259,8
2020/8/24 13:40,1598251207,1598251194,13
2020/8/24 13:39,1598251147,1598251143,4
2020/8/24 13:38,1598251087,1598251001,86
2020/8/24 13:37,1598251027,1598251001,26
2020/8/24 13:36,1598250967,1598250910,57
2020/8/24 13:35,1598250907,1598250906,1
2020/8/24 13:34,1598250847,1598250818,29
2020/8/24 13:33,1598250787,1598250740,47
2020/8/24 13:32,1598250727,1598250720,7
2020/8/24 13:31,1598250667,1598250656,11
2020/8/24 13:30,1598250607,1598250524,83
2020/8/24 13:29,1598250547,1598250524,23
2020/8/24 13:28,1598250487,1598250433,54
2020/8/24 13:27,1598250427,1598250376,51
2020/8/24 13:26,1598250367,1598250311,56
2020/8/24 13:25,1598250307,1598250244,63
2020/8/24 13:24,1598250247,1598250244,3
2020/8/24 13:23,1598250187,1598250169,18
2020/8/24 13:22,1598250128,1598250087,41
2020/8/24 13:21,1598250067,1598249966,101
2020/8/24 13:20,1598250007,1598249966,41
2020/8/24 13:19,1598249947,1598249914,33
2020/8/24 13:18,1598249887,1598249853,34
2020/8/24 13:17,1598249827,1598249813,14
2020/8/24 13:16,1598249767,1598249751,16
2020/8/24 13:15,1598249707,1598249649,58
2020/8/24 13:14,1598249647,1598249599,48
2020/8/24 13:13,1598249587,1598249525,62
2020/8/24 13:12,1598249527,1598249525,2
2020/8/24 13:11,1598249467,1598249268,199
2020/8/24 13:10,1598249407,1598249268,139
2020/8/24 13:09,1598249347,1598249268,79
2020/8/24 13:08,1598249287,1598249268,19
2020/8/24 13:07,1598249227,1598249187,40
2020/8/24 13:06,1598249167,1598249142,25
2020/8/24 13:05,1598249107,1598249108,-1
2020/8/24 13:04,1598249047,1598248979,68
2020/8/24 13:03,1598248987,1598248979,8
2020/8/24 13:02,1598248927,1598248877,50
2020/8/24 13:01,1598248867,1598248869,-2
2020/8/24 13:00,1598248807,1598248799,8
2020/8/24 12:59,1598248747,1598248746,1
2020/8/24 12:58,1598248687,1598248653,34
2020/8/24 12:57,1598248627,1598248623,4
2020/8/24 12:56,1598248567,1598248531,36
2020/8/24 12:55,1598248507,1598248459,48
2020/8/24 12:54,1598248447,1598248441,6
2020/8/24 12:53,1598248387,1598248254,133
2020/8/24 12:52,1598248327,1598248254,73
2020/8/24 12:51,1598248267,1598248254,13
2020/8/24 12:50,1598248207,1598248175,32
2020/8/24 12:49,1598248147,1598248122,25
2020/8/24 12:48,1598248087,1598248077,10
2020/8/24 12:47,1598248027,1598248021,6
2020/8/24 12:46,1598247967,1598247942,25
2020/8/24 12:45,1598247907,1598247908,-1
2020/8/24 12:44,1598247847,1598247799,48
2020/8/24 12:43,1598247787,1598247752,35
2020/8/24 12:42,1598247727,1598247723,4
2020/8/24 12:41,1598247667,1598247581,86
2020/8/24 12:40,1598247607,1598247581,26
2020/8/24 12:39,1598247547,1598247545,2
2020/8/24 12:38,1598247487,1598247475,12
2020/8/24 12:37,1598247427,1598247424,3
2020/8/24 12:36,1598247367,1598247356,11
2020/8/24 12:35,1598247307,1598247302,5
2020/8/24 12:34,1598247247,1598247200,47
2020/8/24 12:33,1598247187,1598247140,47
2020/8/24 12:32,1598247127,1598247128,-1
2020/8/24 12:31,1598247067,1598247058,9
2020/8/24 12:30,1598247007,1598246942,65
2020/8/24 12:29,1598246947,1598246942,5
2020/8/24 12:28,1598246888,1598246855,33
2020/8/24 12:27,1598246827,1598246814,13
2020/8/24 12:26,1598246767,1598246766,1
2020/8/24 12:25,1598246707,1598246703,4
2020/8/24 12:24,1598246648,1598246615,33
2020/8/24 12:23,1598246587,1598246581,6
2020/8/24 12:22,1598246527,1598246487,40
2020/8/24 12:21,1598246467,1598246463,4
2020/8/24 12:20,1598246407,1598246399,8
2020/8/24 12:19,1598246347,1598246328,19
2020/8/24 12:18,1598246287,1598246270,17
2020/8/24 12:17,1598246227,1598246227,0
2020/8/24 12:16,1598246167,1598246082,85
2020/8/24 12:15,1598246107,1598246082,25
2020/8/24 12:14,1598246047,1598246032,15
2020/8/24 12:13,1598245987,1598245983,4
2020/8/24 12:12,1598245927,1598245924,3
2020/8/24 12:11,1598245867,1598245802,65
2020/8/24 12:10,1598245808,1598245802,6
2020/8/24 12:09,1598245747,1598245747,0
2020/8/24 12:08,1598245687,1598245676,11
2020/8/24 12:07,1598245627,1598245595,32
2020/8/24 12:06,1598245567,1598245494,73
2020/8/24 12:05,1598245507,1598245494,13
2020/8/24 12:04,1598245447,1598245423,24
2020/8/24 12:03,1598245387,1598245351,36
2020/8/24 12:02,1598245327,1598245267,60
2020/8/24 12:01,1598245267,1598245267,0
2020/8/24 12:00,1598245207,1598245136,71
2020/8/24 11:59,1598245147,1598245136,11
2020/8/24 11:58,1598245087,1598245066,21
2020/8/24 11:57,1598245027,1598244991,36
2020/8/24 11:56,1598244967,1598244933,34
2020/8/24 11:55,1598244907,1598244852,55
2020/8/24 11:54,1598244847,1598244821,26
2020/8/24 11:53,1598244787,1598244608,179
2020/8/24 11:52,1598244727,1598244608,119
2020/8/24 11:51,1598244667,1598244608,59
2020/8/24 11:50,1598244607,1598244608,-1
2020/8/24 11:49,1598244547,1598244466,81
2020/8/24 11:48,1598244487,1598244466,21
2020/8/24 11:47,1598244427,1598244415,12
2020/8/24 11:46,1598244367,1598244354,13
2020/8/24 11:45,1598244307,1598244303,4
2020/8/24 11:44,1598244247,1598244233,14
2020/8/24 11:43,1598244187,1598244151,36
2020/8/24 11:42,1598244127,1598244090,37
2020/8/24 11:41,1598244067,1598243906,161
2020/8/24 11:40,1598244007,1598243906,101
2020/8/24 11:39,1598243947,1598243906,41
2020/8/24 11:38,1598243887,1598243878,9
2020/8/24 11:37,1598243827,1598243815,12
2020/8/24 11:36,1598243767,1598243734,33
2020/8/24 11:35,1598243707,1598243703,4
2020/8/24 11:34,1598243647,1598243612,35
2020/8/24 11:33,1598243587,1598243440,147
2020/8/24 11:32,1598243527,1598243440,87
2020/8/24 11:31,1598243467,1598243440,27
2020/8/24 11:30,1598243407,1598243406,1
2020/8/24 11:29,1598243347,1598243347,0
2020/8/24 11:28,1598243287,1598243205,82
2020/8/24 11:27,1598243227,1598243205,22
2020/8/24 11:26,1598243167,1598243165,2
2020/8/24 11:25,1598243107,1598243101,6
2020/8/24 11:24,1598243047,1598243002,45
2020/8/24 11:23,1598242987,1598242958,29
2020/8/24 11:22,1598242927,1598242921,6
2020/8/24 11:21,1598242867,1598242809,58
2020/8/24 11:20,1598242807,1598242800,7
2020/8/24 11:19,1598242747,1598242745,2
2020/8/24 11:18,1598242687,1598242636,51
2020/8/24 11:17,1598242627,1598242609,18
2020/8/24 11:16,1598242567,1598242504,63
2020/8/24 11:15,1598242507,1598242504,3
2020/8/24 11:14,1598242447,1598242412,35
2020/8/24 11:13,1598242387,1598242300,87
2020/8/24 11:12,1598242327,1598242300,27
2020/8/24 11:11,1598242267,1598242261,6
2020/8/24 11:10,1598242207,1598242168,39
2020/8/24 11:09,1598242147,1598242086,61
2020/8/24 11:08,1598242087,1598242086,1
2020/8/24 11:07,1598242027,1598241833,194
2020/8/24 11:06,1598241967,1598241833,134
2020/8/24 11:05,1598241907,1598241833,74
2020/8/24 11:04,1598241847,1598241833,14
2020/8/24 11:03,1598241787,1598241752,35
2020/8/24 11:02,1598241727,1598241640,87
2020/8/24 11:01,1598241667,1598241640,27
2020/8/24 11:00,1598241607,1598241599,8
2020/8/24 10:59,1598241547,1598241467,80
2020/8/24 10:58,1598241487,1598241467,20
2020/8/24 10:57,1598241427,1598241345,82
2020/8/24 10:56,1598241367,1598241345,22
2020/8/24 10:55,1598241307,1598241293,14
2020/8/24 10:54,1598241247,1598241233,14
2020/8/24 10:53,1598241187,1598241142,45
2020/8/24 10:52,1598241127,1598241100,27
2020/8/24 10:51,1598241067,1598241061,6
2020/8/24 10:50,1598241007,1598240979,28
2020/8/24 10:49,1598240947,1598240918,29
2020/8/24 10:48,1598240887,1598240867,20
2020/8/24 10:47,1598240827,1598240772,55
2020/8/24 10:46,1598240767,1598240762,5
2020/8/24 10:45,1598240707,1598240704,3
2020/8/24 10:44,1598240647,1598240593,54
2020/8/24 10:43,1598240587,1598240572,15
2020/8/24 10:42,1598240527,1598240521,6
2020/8/24 10:41,1598240467,1598240347,120
2020/8/24 10:40,1598240407,1598240347,60
2020/8/24 10:39,1598240347,1598240347,0
2020/8/24 10:38,1598240287,1598240286,1
2020/8/24 10:37,1598240227,1598240154,73
2020/8/24 10:36,1598240167,1598240154,13
2020/8/24 10:35,1598240107,1598240033,74
2020/8/24 10:34,1598240047,1598240033,14
2020/8/24 10:33,1598239987,1598239935,52
2020/8/24 10:32,1598239927,1598239871,56
2020/8/24 10:31,1598239867,1598239778,89
2020/8/24 10:30,1598239807,1598239778,29
2020/8/24 10:29,1598239747,1598239747,0
2020/8/24 10:28,1598239687,1598239636,51
2020/8/24 10:27,1598239627,1598239574,53
2020/8/24 10:26,1598239567,1598239523,44
2020/8/24 10:25,1598239507,1598239431,76
2020/8/24 10:24,1598239447,1598239431,16
2020/8/24 10:23,1598239387,1598239380,7
2020/8/24 10:22,1598239327,1598239308,19
2020/8/24 10:21,1598239267,1598239257,10
2020/8/24 10:20,1598239207,1598239175,32
2020/8/24 10:19,1598239147,1598239148,-1
2020/8/24 10:18,1598239087,1598239042,45
2020/8/24 10:17,1598239027,1598238977,50
2020/8/24 10:16,1598238967,1598238940,27
2020/8/24 10:15,1598238907,1598238879,28
2020/8/24 10:14,1598238847,1598238828,19
2020/8/24 10:13,1598238787,1598238778,9
2020/8/24 10:12,1598238727,1598238717,10
2020/8/24 10:11,1598238667,1598238666,1
2020/8/24 10:10,1598238607,1598238523,84
2020/8/24 10:09,1598238547,1598238523,24
2020/8/24 10:08,1598238487,1598238486,1
2020/8/24 10:07,1598238427,1598238426,1
2020/8/24 10:06,1598238367,1598238348,19
2020/8/24 10:05,1598238307,1598238299,8
2020/8/24 10:04,1598238247,1598238196,51
2020/8/24 10:03,1598238187,1598238177,10
2020/8/24 10:02,1598238127,1598238096,31
2020/8/24 10:01,1598238067,1598238058,9
2020/8/24 10:00,1598238007,1598238004,3
2020/8/24 09:59,1598237947,1598237902,45
2020/8/24 09:58,1598237887,1598237841,46
2020/8/24 09:57,1598237827,1598237794,33
2020/8/24 09:56,1598237767,1598237768,-1
2020/8/24 09:55,1598237707,1598237678,29
2020/8/24 09:54,1598237647,1598237636,11
2020/8/24 09:53,1598237587,1598237567,20
2020/8/24 09:52,1598237527,1598237496,31
2020/8/24 09:51,1598237467,1598237455,12
2020/8/24 09:50,1598237407,1598237404,3
2020/8/24 09:49,1598237347,1598237290,57
2020/8/24 09:48,1598237287,1598237270,17
2020/8/24 09:47,1598237227,1598237177,50
2020/8/24 09:46,1598237167,1598237069,98
2020/8/24 09:45,1598237107,1598237069,38
2020/8/24 09:44,1598237047,1598237044,3
2020/8/24 09:43,1598236987,1598236943,44
2020/8/24 09:42,1598236927,1598236841,86
2020/8/24 09:41,1598236867,1598236841,26
2020/8/24 09:40,1598236807,1598236778,29
2020/8/24 09:39,1598236747,1598236688,59
2020/8/24 09:38,1598236687,1598236688,-1
2020/8/24 09:37,1598236627,1598236536,91
2020/8/24 09:36,1598236567,1598236536,31
2020/8/24 09:35,1598236507,1598236508,-1
2020/8/24 09:34,1598236447,1598236363,84
2020/8/24 09:33,1598236387,1598236363,24
2020/8/24 09:32,1598236327,1598236282,45
2020/8/24 09:31,1598236267,1598236172,95
2020/8/24 09:30,1598236207,1598236172,35
2020/8/24 09:29,1598236147,1598236142,5
2020/8/24 09:28,1598236087,1598236079,8
2020/8/24 09:27,1598236027,1598236018,9
2020/8/24 09:26,1598235967,1598235906,61
2020/8/24 09:25,1598235907,1598235906,1
2020/8/24 09:24,1598235847,1598235835,12
2020/8/24 09:23,1598235787,1598235723,64
2020/8/24 09:22,1598235728,1598235723,5
2020/8/24 09:21,1598235667,1598235663,4
2020/8/24 09:20,1598235607,1598235563,44
2020/8/24 09:19,1598235547,1598235507,40
2020/8/24 09:18,1598235487,1598235468,19
2020/8/24 09:17,1598235427,1598235428,-1
2020/8/24 09:16,1598235368,1598235325,43
2020/8/24 09:15,1598235307,1598235285,22
2020/8/24 09:14,1598235247,1598235192,55
2020/8/24 09:13,1598235187,1598235098,89
2020/8/24 09:12,1598235127,1598235098,29
2020/8/24 09:11,1598235067,1598235057,10
2020/8/24 09:10,1598235007,1598234994,13
2020/8/24 09:09,1598234947,1598234879,68
2020/8/24 09:08,1598234887,1598234879,8
2020/8/24 09:07,1598234827,1598234817,10
2020/8/24 09:06,1598234767,1598234766,1
2020/8/24 09:05,1598234707,1598234608,99
2020/8/24 09:04,1598234647,1598234608,39
2020/8/24 09:03,1598234587,1598234516,71
2020/8/24 09:02,1598234527,1598234516,11
2020/8/24 09:01,1598234467,1598234455,12
2020/8/24 09:00,1598234407,1598234404,3
2020/8/24 08:59,1598234347,1598234333,14
2020/8/24 08:58,1598234287,1598234276,11
2020/8/24 08:57,1598234227,1598234129,98
2020/8/24 08:56,1598234167,1598234129,38
2020/8/24 08:55,1598234107,1598234047,60
2020/8/24 08:54,1598234047,1598234047,0
2020/8/24 08:53,1598233987,1598233894,93
2020/8/24 08:52,1598233927,1598233894,33
2020/8/24 08:51,1598233867,1598233863,4
2020/8/24 08:50,1598233807,1598233767,40
2020/8/24 08:49,1598233747,1598233713,34
2020/8/24 08:48,1598233687,1598233679,8
2020/8/24 08:47,1598233627,1598233628,-1
2020/8/24 08:46,1598233567,1598233546,21
2020/8/24 08:45,1598233507,1598233484,23
2020/8/24 08:44,1598233447,1598233424,23
2020/8/24 08:43,1598233387,1598233383,4
2020/8/24 08:42,1598233327,1598233260,67
2020/8/24 08:41,1598233267,1598233260,7
2020/8/24 08:40,1598233207,1598233179,28
2020/8/24 08:39,1598233147,1598233137,10
2020/8/24 08:38,1598233087,1598233067,20
2020/8/24 08:37,1598233027,1598232976,51
2020/8/24 08:36,1598232967,1598232925,42
2020/8/24 08:35,1598232907,1598232874,33
2020/8/24 08:34,1598232847,1598232793,54
2020/8/24 08:33,1598232787,1598232775,12
2020/8/24 08:32,1598232727,1598232716,11
2020/8/24 08:31,1598232667,1598232642,25
2020/8/24 08:30,1598232607,1598232579,28
2020/8/24 08:29,1598232547,1598232530,17
2020/8/24 08:28,1598232487,1598232476,11
2020/8/24 08:27,1598232427,1598232403,24
2020/8/24 08:26,1598232367,1598232365,2
2020/8/24 08:25,1598232307,1598232285,22
2020/8/24 08:24,1598232247,1598232241,6
2020/8/24 08:23,1598232187,1598232176,11
2020/8/24 08:22,1598232127,1598232054,73
2020/8/24 08:21,1598232067,1598232054,13
2020/8/24 08:20,1598232007,1598231975,32
2020/8/24 08:19,1598231947,1598231933,14
2020/8/24 08:18,1598231887,1598231867,20
2020/8/24 08:17,1598231827,1598231827,0
2020/8/24 08:16,1598231767,1598231762,5
2020/8/24 08:15,1598231707,1598231695,12
2020/8/24 08:14,1598231647,1598231628,19
2020/8/24 08:13,1598231587,1598231586,1
2020/8/24 08:12,1598231527,1598231514,13
2020/8/24 08:11,1598231467,1598231425,42
2020/8/24 08:10,1598231407,1598231374,33
2020/8/24 08:09,1598231347,1598231269,78
2020/8/24 08:08,1598231287,1598231269,18
2020/8/24 08:07,1598231227,1598231157,70
2020/8/24 08:06,1598231167,1598231157,10
2020/8/24 08:05,1598231107,1598231033,74
2020/8/24 08:04,1598231047,1598231033,14
2020/8/24 08:03,1598230987,1598230952,35
2020/8/24 08:02,1598230927,1598230870,57
2020/8/24 08:01,1598230867,1598230860,7
2020/8/24 08:00,1598230807,1598230805,2
2020/8/24 07:59,1598230747,1598230707,40
2020/8/24 07:58,1598230687,1598230661,26
2020/8/24 07:57,1598230627,1598230606,21
2020/8/24 07:56,1598230567,1598230555,12
2020/8/24 07:55,1598230507,1598230474,33
2020/8/24 07:54,1598230447,1598230446,1
2020/8/24 07:53,1598230387,1598230385,2
2020/8/24 07:52,1598230327,1598230328,-1
2020/8/24 07:51,1598230267,1598230262,5
2020/8/24 07:50,1598230207,1598230208,-1
2020/8/24 07:49,1598230147,1598230129,18
2020/8/24 07:48,1598230087,1598230085,2
2020/8/24 07:47,1598230027,1598229987,40
2020/8/24 07:46,1598229967,1598229946,21
2020/8/24 07:45,1598229907,1598229855,52
2020/8/24 07:44,1598229847,1598229817,30
2020/8/24 07:43,1598229787,1598229742,45
2020/8/24 07:42,1598229727,1598229671,56
2020/8/24 07:41,1598229667,1598229665,2
2020/8/24 07:40,1598229607,1598229551,56
2020/8/24 07:39,1598229547,1598229531,16
2020/8/24 07:38,1598229487,1598229473,14
2020/8/24 07:37,1598229427,1598229365,62
2020/8/24 07:36,1598229367,1598229365,2
2020/8/24 07:35,1598229307,1598229307,0
2020/8/24 07:34,1598229247,1598229219,28
2020/8/24 07:33,1598229187,1598229182,5
2020/8/24 07:32,1598229127,1598229056,71
2020/8/24 07:31,1598229067,1598229056,11
2020/8/24 07:30,1598229007,1598228881,126
2020/8/24 07:29,1598228947,1598228881,66
2020/8/24 07:28,1598228887,1598228881,6
2020/8/24 07:27,1598228827,1598228770,57
2020/8/24 07:26,1598228767,1598228655,112
2020/8/24 07:25,1598228707,1598228655,52
2020/8/24 07:24,1598228647,1598228555,92
2020/8/24 07:23,1598228587,1598228555,32
2020/8/24 07:22,1598228527,1598228433,94
2020/8/24 07:21,1598228467,1598228433,34
2020/8/24 07:20,1598228407,1598228227,180
2020/8/24 07:19,1598228347,1598228227,120
2020/8/24 07:18,1598228287,1598228227,60
2020/8/24 07:17,1598228227,1598228227,0
2020/8/24 07:16,1598228167,1598228011,156
2020/8/24 07:15,1598228107,1598228011,96
2020/8/24 07:14,1598228047,1598228011,36
2020/8/24 07:13,1598227987,1598227965,22
2020/8/24 07:12,1598227927,1598226550,1377
2020/8/24 07:11,1598227867,1598226550,1317
2020/8/24 07:10,1598227807,1598226550,1257
2020/8/24 07:09,1598227747,1598226550,1197
2020/8/24 07:08,1598227687,1598226550,1137
2020/8/24 07:07,1598227627,1598226550,1077
2020/8/24 07:06,1598227567,1598226550,1017
2020/8/24 07:05,1598227507,1598226550,957
2020/8/24 07:04,1598227447,1598226550,897
2020/8/24 07:03,1598227387,1598226550,837
2020/8/24 07:02,1598227327,1598226550,777
2020/8/24 07:01,1598227267,1598226550,717
2020/8/24 07:00,1598227208,1598226550,658
2020/8/24 06:59,1598227147,1598226550,597
2020/8/24 06:58,1598227087,1598226550,537
2020/8/24 06:57,1598227027,1598226550,477
2020/8/24 06:56,1598226967,1598226550,417
2020/8/24 06:55,1598226907,1598226550,357
2020/8/24 06:54,1598226847,1598226550,297
2020/8/24 06:53,1598226787,1598226550,237
2020/8/24 06:52,1598226727,1598226550,177
2020/8/24 06:51,1598226667,1598226550,117
2020/8/24 06:50,1598226607,1598226550,57
2020/8/24 06:49,1598226547,1598226127,420
2020/8/24 06:48,1598226487,1598226127,360
2020/8/24 06:47,1598226427,1598226127,300
2020/8/24 06:46,1598226367,1598226127,240
2020/8/24 06:45,1598226307,1598226127,180
2020/8/24 06:44,1598226247,1598226127,120
2020/8/24 06:43,1598226187,1598226127,60
2020/8/24 06:42,1598226127,1598226127,0
2020/8/24 06:41,1598226067,1598225822,245
2020/8/24 06:40,1598226007,1598225822,185
2020/8/24 06:39,1598225947,1598225822,125
2020/8/24 06:38,1598225887,1598225822,65
2020/8/24 06:37,1598225827,1598225822,5
2020/8/24 06:36,1598225767,1598224863,904
2020/8/24 06:35,1598225707,1598224863,844
2020/8/24 06:34,1598225647,1598224863,784
2020/8/24 06:33,1598225587,1598224863,724
2020/8/24 06:32,1598225527,1598224863,664
2020/8/24 06:31,1598225467,1598224863,604
2020/8/24 06:30,1598225407,1598224863,544
2020/8/24 06:29,1598225347,1598224863,484
2020/8/24 06:28,1598225287,1598224863,424
2020/8/24 06:27,1598225227,1598224863,364
2020/8/24 06:26,1598225167,1598224863,304
2020/8/24 06:25,1598225107,1598224863,244
2020/8/24 06:24,1598225047,1598224863,184
2020/8/24 06:23,1598224987,1598224863,124
2020/8/24 06:22,1598224927,1598224863,64
2020/8/24 06:21,1598224867,1598224863,4
2020/8/24 06:20,1598224807,1598224292,515
2020/8/24 06:19,1598224747,1598224292,455
2020/8/24 06:18,1598224687,1598224292,395
2020/8/24 06:17,1598224627,1598224292,335
2020/8/24 06:16,1598224567,1598224292,275
2020/8/24 06:15,1598224507,1598224292,215
2020/8/24 06:14,1598224447,1598224292,155
2020/8/24 06:13,1598224387,1598224292,95
2020/8/24 06:12,1598224327,1598224292,35
2020/8/24 06:11,1598224267,1598223878,389
2020/8/24 06:10,1598224207,1598223878,329
2020/8/24 06:09,1598224147,1598223878,269
2020/8/24 06:08,1598224087,1598223878,209
2020/8/24 06:07,1598224027,1598223878,149
2020/8/24 06:06,1598223967,1598223878,89
2020/8/24 06:05,1598223907,1598223878,29
2020/8/24 06:04,1598223847,1598223562,285
2020/8/24 06:03,1598223787,1598223562,225
2020/8/24 06:02,1598223727,1598223562,165
2020/8/24 06:01,1598223667,1598223562,105
2020/8/24 06:00,1598223607,1598223562,45
2020/8/24 05:59,1598223547,1598223503,44
2020/8/24 05:58,1598223487,1598223419,68
2020/8/24 05:57,1598223427,1598223419,8
2020/8/24 05:56,1598223367,1598223337,30
2020/8/24 05:55,1598223307,1598223225,82
2020/8/24 05:54,1598223247,1598223225,22
2020/8/24 05:53,1598223187,1598223140,47
2020/8/24 05:52,1598223127,1598223043,84
2020/8/24 05:51,1598223067,1598223043,24
2020/8/24 05:50,1598223007,1598222945,62
2020/8/24 05:49,1598222947,1598222945,2
2020/8/24 05:48,1598222887,1598222809,78
2020/8/24 05:47,1598222827,1598222809,18
2020/8/24 05:46,1598222767,1598222692,75
2020/8/24 05:45,1598222707,1598222692,15
2020/8/24 05:44,1598222647,1598222625,22
2020/8/24 05:43,1598222587,1598222524,63
2020/8/24 05:42,1598222527,1598222524,3
2020/8/24 05:41,1598222467,1598222382,85
2020/8/24 05:40,1598222407,1598222382,25
2020/8/24 05:39,1598222347,1598222046,301
2020/8/24 05:38,1598222287,1598222046,241
2020/8/24 05:37,1598222228,1598222046,182
2020/8/24 05:36,1598222167,1598222046,121
2020/8/24 05:35,1598222107,1598222046,61
2020/8/24 05:34,1598222047,1598222046,1
2020/8/24 05:33,1598221987,1598221944,43
2020/8/24 05:32,1598221927,1598221855,72
2020/8/24 05:31,1598221867,1598221855,12
2020/8/24 05:30,1598221807,1598221740,67
2020/8/24 05:29,1598221747,1598221740,7
2020/8/24 05:28,1598221687,1598221662,25
2020/8/24 05:27,1598221627,1598221628,-1
2020/8/24 05:26,1598221567,1598221487,80
2020/8/24 05:25,1598221507,1598221487,20
2020/8/24 05:24,1598221447,1598221285,162
2020/8/24 05:23,1598221387,1598221285,102
2020/8/24 05:22,1598221327,1598221285,42
2020/8/24 05:21,1598221267,1598221150,117
2020/8/24 05:20,1598221207,1598221150,57
2020/8/24 05:19,1598221147,1598221119,28
2020/8/24 05:18,1598221087,1598221048,39
2020/8/24 05:17,1598221027,1598221028,-1
2020/8/24 05:16,1598220967,1598220934,33
2020/8/24 05:15,1598220907,1598220900,7
2020/8/24 05:14,1598220847,1598220763,84
2020/8/24 05:13,1598220787,1598220763,24
2020/8/24 05:12,1598220727,1598220681,46
2020/8/24 05:11,1598220667,1598220640,27
2020/8/24 05:10,1598220607,1598220529,78
2020/8/24 05:09,1598220547,1598220529,18
2020/8/24 05:08,1598220487,1598220487,0
2020/8/24 05:07,1598220427,1598220396,31
2020/8/24 05:06,1598220367,1598220347,20
2020/8/24 05:05,1598220307,1598220304,3
2020/8/24 05:04,1598220247,1598220231,16
2020/8/24 05:03,1598220187,1598220172,15
2020/8/24 05:02,1598220127,1598220120,7
2020/8/24 05:01,1598220067,1598220008,59
2020/8/24 05:00,1598220007,1598220008,-1
2020/8/24 04:59,1598219947,1598219943,4
2020/8/24 04:58,1598219887,1598219825,62
2020/8/24 04:57,1598219827,1598219825,2
2020/8/24 04:56,1598219767,1598219764,3
2020/8/24 04:55,1598219707,1598219673,34
2020/8/24 04:54,1598219647,1598219641,6
2020/8/24 04:53,1598219587,1598219509,78
2020/8/24 04:52,1598219527,1598219509,18
2020/8/24 04:51,1598219467,1598219459,8
2020/8/24 04:50,1598219407,1598219407,0
2020/8/24 04:49,1598219347,1598219341,6
2020/8/24 04:48,1598219287,1598219259,28
2020/8/24 04:47,1598219227,1598219226,1
2020/8/24 04:46,1598219167,1598219123,44
2020/8/24 04:45,1598219107,1598219102,5
2020/8/24 04:44,1598219047,1598219045,2
2020/8/24 04:43,1598218987,1598218960,27
2020/8/24 04:42,1598218927,1598218917,10
2020/8/24 04:41,1598218867,1598218810,57
2020/8/24 04:40,1598218807,1598218809,-2
2020/8/24 04:39,1598218747,1598218744,3
2020/8/24 04:38,1598218687,1598218634,53
2020/8/24 04:37,1598218627,1598218574,53
2020/8/24 04:36,1598218567,1598218505,62
2020/8/24 04:35,1598218507,1598218505,2
2020/8/24 04:34,1598218447,1598218441,6
2020/8/24 04:33,1598218387,1598218382,5
2020/8/24 04:32,1598218327,1598218327,0
2020/8/24 04:31,1598218267,1598218268,-1
2020/8/24 04:30,1598218207,1598218177,30
2020/8/24 04:29,1598218147,1598218137,10
2020/8/24 04:28,1598218087,1598218085,2
2020/8/24 04:27,1598218027,1598218024,3
2020/8/24 04:26,1598217967,1598217963,4
2020/8/24 04:25,1598217907,1598217872,35
2020/8/24 04:24,1598217847,1598217840,7
2020/8/24 04:23,1598217787,1598217763,24
2020/8/24 04:22,1598217727,1598217722,5
2020/8/24 04:21,1598217667,1598217658,9
2020/8/24 04:20,1598217607,1598217586,21
2020/8/24 04:19,1598217547,1598217546,1
2020/8/24 04:18,1598217487,1598217489,-2
2020/8/24 04:17,1598217427,1598217428,-1
2020/8/24 04:16,1598217367,1598217353,14
2020/8/24 04:15,1598217307,1598217302,5
2020/8/24 04:14,1598217247,1598217191,56
2020/8/24 04:13,1598217187,1598217177,10
2020/8/24 04:12,1598217127,1598216894,233
2020/8/24 04:11,1598217067,1598216894,173
2020/8/24 04:10,1598217007,1598216894,113
2020/8/24 04:09,1598216947,1598216894,53
2020/8/24 04:08,1598216887,1598216837,50
2020/8/24 04:07,1598216827,1598216826,1
2020/8/24 04:06,1598216767,1598216742,25
2020/8/24 04:05,1598216707,1598216691,16
2020/8/24 04:04,1598216647,1598216640,7
2020/8/24 04:03,1598216587,1598216456,131
2020/8/24 04:02,1598216527,1598216456,71
2020/8/24 04:01,1598216467,1598216456,11
2020/8/24 04:00,1598216407,1598216333,74
2020/8/24 03:59,1598216347,1598216333,14
2020/8/24 03:58,1598216287,1598216275,12
2020/8/24 03:57,1598216227,1598216201,26
2020/8/24 03:56,1598216167,1598216133,34
2020/8/24 03:55,1598216107,1598216048,59
2020/8/24 03:54,1598216047,1598216048,-1
2020/8/24 03:53,1598215987,1598215875,112
2020/8/24 03:52,1598215928,1598215875,53
2020/8/24 03:51,1598215867,1598215835,32
2020/8/24 03:50,1598215807,1598215793,14
2020/8/24 03:49,1598215747,1598215714,33
2020/8/24 03:48,1598215687,1598215619,68
2020/8/24 03:47,1598215627,1598215619,8
2020/8/24 03:46,1598215567,1598215496,71
2020/8/24 03:45,1598215507,1598215496,11
2020/8/24 03:44,1598215447,1598215424,23
2020/8/24 03:43,1598215387,1598215373,14
2020/8/24 03:42,1598215327,1598215291,36
2020/8/24 03:41,1598215267,1598215230,37
2020/8/24 03:40,1598215207,1598215179,28
2020/8/24 03:39,1598215147,1598215141,6
2020/8/24 03:38,1598215087,1598215087,0
2020/8/24 03:37,1598215027,1598215026,1
2020/8/24 03:36,1598214967,1598214968,-1
2020/8/24 03:35,1598214907,1598214903,4
2020/8/24 03:34,1598214847,1598214811,36
2020/8/24 03:33,1598214787,1598214781,6
2020/8/24 03:32,1598214727,1598214679,48
2020/8/24 03:31,1598214667,1598214638,29
2020/8/24 03:30,1598214607,1598214598,9
2020/8/24 03:29,1598214547,1598214538,9
2020/8/24 03:28,1598214487,1598214415,72
2020/8/24 03:27,1598214427,1598214415,12
2020/8/24 03:26,1598214367,1598214363,4
2020/8/24 03:25,1598214307,1598214181,126
2020/8/24 03:24,1598214247,1598214181,66
2020/8/24 03:23,1598214187,1598214181,6
2020/8/24 03:22,1598214127,1598214081,46
2020/8/24 03:21,1598214067,1598214068,-1
2020/8/24 03:20,1598214007,1598214004,3
2020/8/24 03:19,1598213947,1598213906,41
2020/8/24 03:18,1598213887,1598213847,40
2020/8/24 03:17,1598213827,1598213820,7
2020/8/24 03:16,1598213767,1598213749,18
2020/8/24 03:15,1598213707,1598213692,15
2020/8/24 03:14,1598213647,1598213539,108
2020/8/24 03:13,1598213587,1598213539,48
2020/8/24 03:12,1598213527,1598213498,29
2020/8/24 03:11,1598213467,1598213436,31
2020/8/24 03:10,1598213407,1598213344,63
2020/8/24 03:09,1598213347,1598213344,3
2020/8/24 03:08,1598213287,1598213202,85
2020/8/24 03:07,1598213227,1598213202,25
2020/8/24 03:06,1598213167,1598213141,26
2020/8/24 03:05,1598213107,1598213089,18
2020/8/24 03:04,1598213047,1598213048,-1
2020/8/24 03:03,1598212987,1598212987,0
2020/8/24 03:02,1598212927,1598212926,1
2020/8/24 03:01,1598212867,1598212814,53
2020/8/24 03:00,1598212807,1598212793,14
2020/8/24 02:59,1598212747,1598212714,33
2020/8/24 02:58,1598212688,1598212661,27
2020/8/24 02:57,1598212627,1598212559,68
2020/8/24 02:56,1598212567,1598212559,8
2020/8/24 02:55,1598212507,1598212508,-1
2020/8/24 02:54,1598212447,1598212447,0
2020/8/24 02:53,1598212387,1598212356,31
2020/8/24 02:52,1598212327,1598212305,22
2020/8/24 02:51,1598212267,1598212260,7
2020/8/24 02:50,1598212207,1598212183,24
2020/8/24 02:49,1598212147,1598212101,46
2020/8/24 02:48,1598212087,1598212020,67
2020/8/24 02:47,1598212027,1598212020,7
2020/8/24 02:46,1598211967,1598211907,60
2020/8/24 02:45,1598211907,1598211907,0
2020/8/24 02:44,1598211847,1598211846,1
2020/8/24 02:43,1598211787,1598211725,62
2020/8/24 02:42,1598211727,1598211725,2
2020/8/24 02:41,1598211667,1598211582,85
2020/8/24 02:40,1598211607,1598211582,25
2020/8/24 02:39,1598211547,1598211541,6
2020/8/24 02:38,1598211487,1598211459,28
2020/8/24 02:37,1598211427,1598211388,39
2020/8/24 02:36,1598211367,1598211344,23
2020/8/24 02:35,1598211307,1598211306,1
2020/8/24 02:34,1598211247,1598211225,22
2020/8/24 02:33,1598211188,1598211164,24
2020/8/24 02:32,1598211127,1598211124,3
2020/8/24 02:31,1598211067,1598211053,14
2020/8/24 02:30,1598211007,1598210998,9
2020/8/24 02:29,1598210947,1598210890,57
2020/8/24 02:28,1598210887,1598210799,88
2020/8/24 02:27,1598210827,1598210799,28
2020/8/24 02:26,1598210767,1598210687,80
2020/8/24 02:25,1598210707,1598210687,20
2020/8/24 02:24,1598210647,1598210640,7
2020/8/24 02:23,1598210587,1598210555,32
2020/8/24 02:22,1598210527,1598210424,103
2020/8/24 02:21,1598210467,1598210424,43
2020/8/24 02:20,1598210407,1598210387,20
2020/8/24 02:19,1598210347,1598210331,16
2020/8/24 02:18,1598210287,1598210254,33
2020/8/24 02:17,1598210227,1598210178,49
2020/8/24 02:16,1598210167,1598210117,50
2020/8/24 02:15,1598210107,1598210079,28
2020/8/24 02:14,1598210047,1598210037,10
2020/8/24 02:13,1598209987,1598209965,22
2020/8/24 02:12,1598209927,1598209909,18
2020/8/24 02:11,1598209867,1598209853,14
2020/8/24 02:10,1598209807,1598209801,6
2020/8/24 02:09,1598209747,1598209649,98
2020/8/24 02:08,1598209687,1598209649,38
2020/8/24 02:07,1598209627,1598209628,-1
2020/8/24 02:06,1598209567,1598209558,9
2020/8/24 02:05,1598209507,1598209507,0
2020/8/24 02:04,1598209447,1598209323,124
2020/8/24 02:03,1598209387,1598209323,64
2020/8/24 02:02,1598209327,1598209323,4
2020/8/24 02:01,1598209268,1598209243,25
2020/8/24 02:00,1598209207,1598209192,15
2020/8/24 01:59,1598209147,1598209037,110
2020/8/24 01:58,1598209087,1598209037,50
2020/8/24 01:57,1598209027,1598209018,9
2020/8/24 01:56,1598208967,1598208956,11
2020/8/24 01:55,1598208907,1598208906,1
2020/8/24 01:54,1598208847,1598208845,2
2020/8/24 01:53,1598208787,1598208778,9
2020/8/24 01:52,1598208727,1598208729,-2
2020/8/24 01:51,1598208667,1598208661,6
2020/8/24 01:50,1598208607,1598208604,3
2020/8/24 01:49,1598208547,1598208498,49
2020/8/24 01:48,1598208487,1598208478,9
2020/8/24 01:47,1598208427,1598208325,102
2020/8/24 01:46,1598208367,1598208325,42
2020/8/24 01:45,1598208307,1598208223,84
2020/8/24 01:44,1598208247,1598208223,24
2020/8/24 01:43,1598208187,1598208173,14
2020/8/24 01:42,1598208127,1598208125,2
2020/8/24 01:41,1598208067,1598208051,16
2020/8/24 01:40,1598208008,1598207999,9
2020/8/24 01:39,1598207947,1598207948,-1
2020/8/24 01:38,1598207887,1598207887,0
2020/8/24 01:37,1598207827,1598207805,22
2020/8/24 01:36,1598207767,1598207737,30
2020/8/24 01:35,1598207707,1598207632,75
2020/8/24 01:34,1598207647,1598207632,15
2020/8/24 01:33,1598207587,1598207587,0
2020/8/24 01:32,1598207527,1598207468,59
2020/8/24 01:31,1598207468,1598207468,0
2020/8/24 01:30,1598207407,1598207370,37
2020/8/24 01:29,1598207347,1598207344,3
2020/8/24 01:28,1598207287,1598207286,1
2020/8/24 01:27,1598207227,1598207223,4
2020/8/24 01:26,1598207167,1598207158,9
2020/8/24 01:25,1598207107,1598207020,87
2020/8/24 01:24,1598207047,1598207020,27
2020/8/24 01:23,1598206987,1598206897,90
2020/8/24 01:22,1598206927,1598206897,30
2020/8/24 01:21,1598206867,1598206867,0
2020/8/24 01:20,1598206807,1598206774,33
2020/8/24 01:19,1598206747,1598206740,7
2020/8/24 01:18,1598206687,1598206683,4
2020/8/24 01:17,1598206628,1598206602,26
2020/8/24 01:16,1598206567,1598206530,37
2020/8/24 01:15,1598206507,1598206480,27
2020/8/24 01:14,1598206447,1598206419,28
2020/8/24 01:13,1598206387,1598206377,10
2020/8/24 01:12,1598206327,1598206327,0
2020/8/24 01:11,1598206267,1598206225,42
2020/8/24 01:10,1598206207,1598206144,63
2020/8/24 01:09,1598206147,1598206144,3
2020/8/24 01:08,1598206087,1598206087,0
2020/8/24 01:07,1598206027,1598206021,6
2020/8/24 01:06,1598205967,1598205940,27
2020/8/24 01:05,1598205907,1598205878,29
2020/8/24 01:04,1598205847,1598205797,50
2020/8/24 01:03,1598205787,1598205691,96
2020/8/24 01:02,1598205727,1598205691,36
2020/8/24 01:01,1598205667,1598205662,5
2020/8/24 01:00,1598205607,1598205560,47
2020/8/24 00:59,1598205547,1598205536,11
2020/8/24 00:58,1598205487,1598205468,19
2020/8/24 00:57,1598205427,1598205355,72
2020/8/24 00:56,1598205367,1598205355,12
2020/8/24 00:55,1598205307,1598205247,60
2020/8/24 00:54,1598205247,1598205247,0
2020/8/24 00:53,1598205187,1598205151,36
2020/8/24 00:52,1598205127,1598205087,40
2020/8/24 00:51,1598205067,1598205008,59
2020/8/24 00:50,1598205007,1598205008,-1
2020/8/24 00:49,1598204947,1598204936,11
2020/8/24 00:48,1598204887,1598204862,25
2020/8/24 00:47,1598204827,1598204804,23
2020/8/24 00:46,1598204767,1598204723,44
2020/8/24 00:45,1598204707,1598204692,15
2020/8/24 00:44,1598204647,1598204624,23
2020/8/24 00:43,1598204587,1598204568,19
2020/8/24 00:42,1598204527,1598204528,-1
2020/8/24 00:41,1598204467,1598204406,61
2020/8/24 00:40,1598204407,1598204406,1
2020/8/24 00:39,1598204347,1598204341,6
2020/8/24 00:38,1598204287,1598204285,2
2020/8/24 00:37,1598204227,1598204228,-1
2020/8/24 00:36,1598204167,1598204145,22
2020/8/24 00:35,1598204107,1598204105,2
2020/8/24 00:34,1598204047,1598204045,2
2020/8/24 00:33,1598203987,1598203969,18
2020/8/24 00:32,1598203927,1598203915,12
2020/8/24 00:31,1598203867,1598203867,0
2020/8/24 00:30,1598203807,1598203804,3
2020/8/24 00:29,1598203747,1598203712,35
2020/8/24 00:28,1598203687,1598203589,98
2020/8/24 00:27,1598203627,1598203589,38
2020/8/24 00:26,1598203567,1598203529,38
2020/8/24 00:25,1598203507,1598203496,11
2020/8/24 00:24,1598203447,1598203447,0
2020/8/24 00:23,1598203387,1598203387,0
2020/8/24 00:22,1598203327,1598203283,44
2020/8/24 00:21,1598203267,1598203186,81
2020/8/24 00:20,1598203207,1598203186,21
2020/8/24 00:19,1598203147,1598203118,29
2020/8/24 00:18,1598203087,1598203043,44
2020/8/24 00:17,1598203027,1598203015,12
2020/8/24 00:16,1598202967,1598202923,44
2020/8/24 00:15,1598202907,1598202903,4
2020/8/24 00:14,1598202847,1598202836,11
2020/8/24 00:13,1598202787,1598202720,67
2020/8/24 00:12,1598202727,1598202720,7
2020/8/24 00:11,1598202667,1598202605,62
2020/8/24 00:10,1598202607,1598202605,2
2020/8/24 00:09,1598202547,1598202523,24
2020/8/24 00:08,1598202487,1598202446,41
2020/8/24 00:07,1598202427,1598202395,32
2020/8/24 00:06,1598202367,1598202363,4
2020/8/24 00:05,1598202307,1598202306,1
2020/8/24 00:04,1598202247,1598202222,25
2020/8/24 00:03,1598202187,1598202171,16
2020/8/24 00:02,1598202127,1598201988,139
2020/8/24 00:01,1598202067,1598201988,79
2020/8/24 00:00,1598202007,1598201988,19
2020/8/23 23:59,1598201947,1598201805,142
2020/8/23 23:58,1598201887,1598201805,82
2020/8/23 23:57,1598201827,1598201805,22
2020/8/23 23:56,1598201767,1598201652,115
2020/8/23 23:55,1598201707,1598201652,55
2020/8/23 23:54,1598201647,1598201631,16
2020/8/23 23:53,1598201587,1598201540,47
2020/8/23 23:52,1598201527,1598201490,37
2020/8/23 23:51,1598201467,1598201458,9
2020/8/23 23:50,1598201407,1598201336,71
2020/8/23 23:49,1598201347,1598201336,11
2020/8/23 23:48,1598201287,1598201285,2
2020/8/23 23:47,1598201227,1598201165,62
2020/8/23 23:46,1598201167,1598201165,2
2020/8/23 23:45,1598201107,1598201041,66
2020/8/23 23:44,1598201047,1598201041,6
2020/8/23 23:43,1598200987,1598200969,18
2020/8/23 23:42,1598200927,1598200928,-1
2020/8/23 23:41,1598200867,1598200856,11
2020/8/23 23:40,1598200807,1598200785,22
2020/8/23 23:39,1598200747,1598200744,3
2020/8/23 23:38,1598200687,1598200632,55
2020/8/23 23:37,1598200627,1598200612,15
2020/8/23 23:36,1598200567,1598200551,16
2020/8/23 23:35,1598200507,1598200489,18
2020/8/23 23:34,1598200447,1598200397,50
2020/8/23 23:33,1598200387,1598200357,30
2020/8/23 23:32,1598200327,1598200255,72
2020/8/23 23:31,1598200268,1598200255,13
2020/8/23 23:30,1598200207,1598200193,14
2020/8/23 23:29,1598200147,1598199951,196
2020/8/23 23:28,1598200087,1598199951,136
2020/8/23 23:27,1598200027,1598199951,76
2020/8/23 23:26,1598199967,1598199951,16
2020/8/23 23:25,1598199907,1598199900,7
2020/8/23 23:24,1598199847,1598199795,52
2020/8/23 23:23,1598199787,1598199755,32
2020/8/23 23:22,1598199727,1598199717,10
2020/8/23 23:21,1598199667,1598199663,4
2020/8/23 23:20,1598199607,1598199551,56
2020/8/23 23:19,1598199547,1598199542,5
2020/8/23 23:18,1598199487,1598199478,9
2020/8/23 23:17,1598199427,1598199367,60
2020/8/23 23:16,1598199367,1598199367,0
2020/8/23 23:15,1598199307,1598199245,62
2020/8/23 23:14,1598199247,1598199245,2
2020/8/23 23:13,1598199187,1598199184,3
2020/8/23 23:12,1598199127,1598199081,46
2020/8/23 23:11,1598199067,1598199061,6
2020/8/23 23:10,1598199007,1598198969,38
2020/8/23 23:09,1598198947,1598198891,56
2020/8/23 23:08,1598198887,1598198877,10
2020/8/23 23:07,1598198827,1598198734,93
2020/8/23 23:06,1598198767,1598198734,33
2020/8/23 23:05,1598198707,1598198622,85
2020/8/23 23:04,1598198647,1598198622,25
2020/8/23 23:03,1598198587,1598198530,57
2020/8/23 23:02,1598198527,1598198500,27
2020/8/23 23:01,1598198467,1598198464,3
2020/8/23 23:00,1598198407,1598198397,10
2020/8/23 22:59,1598198347,1598198346,1
2020/8/23 22:58,1598198287,1598198285,2
2020/8/23 22:57,1598198227,1598198225,2
2020/8/23 22:56,1598198167,1598198163,4
2020/8/23 22:55,1598198107,1598198072,35
2020/8/23 22:54,1598198047,1598198021,26
2020/8/23 22:53,1598197987,1598197980,7
2020/8/23 22:52,1598197927,1598197928,-1
2020/8/23 22:51,1598197867,1598197828,39
2020/8/23 22:50,1598197807,1598197792,15
2020/8/23 22:49,1598197747,1598197729,18
2020/8/23 22:48,1598197687,1598197627,60
2020/8/23 22:47,1598197627,1598197627,0
2020/8/23 22:46,1598197567,1598197563,4
2020/8/23 22:45,1598197507,1598197501,6
2020/8/23 22:44,1598197447,1598197420,27
2020/8/23 22:43,1598197387,1598197348,39
2020/8/23 22:42,1598197327,1598197306,21
2020/8/23 22:41,1598197267,1598197257,10
2020/8/23 22:40,1598197207,1598197124,83
2020/8/23 22:39,1598197147,1598197124,23
2020/8/23 22:38,1598197087,1598197053,34
2020/8/23 22:37,1598197027,1598197007,20
2020/8/23 22:36,1598196967,1598196966,1
2020/8/23 22:35,1598196907,1598196899,8
2020/8/23 22:34,1598196847,1598196845,2
2020/8/23 22:33,1598196787,1598196764,23
2020/8/23 22:32,1598196727,1598196707,20
2020/8/23 22:31,1598196667,1598196634,33
2020/8/23 22:30,1598196607,1598196429,178
2020/8/23 22:29,1598196547,1598196429,118
2020/8/23 22:28,1598196487,1598196429,58
2020/8/23 22:27,1598196427,1598196428,-1
2020/8/23 22:26,1598196367,1598196306,61
2020/8/23 22:25,1598196307,1598196306,1
2020/8/23 22:24,1598196247,1598196245,2
2020/8/23 22:23,1598196187,1598196188,-1
2020/8/23 22:22,1598196127,1598196112,15
2020/8/23 22:21,1598196067,1598196052,15
2020/8/23 22:20,1598196007,1598196007,0
2020/8/23 22:19,1598195947,1598195914,33
2020/8/23 22:18,1598195887,1598195865,22
2020/8/23 22:17,1598195827,1598195816,11
2020/8/23 22:16,1598195767,1598195694,73
2020/8/23 22:15,1598195707,1598195694,13
2020/8/23 22:14,1598195647,1598195623,24
2020/8/23 22:13,1598195587,1598195575,12
2020/8/23 22:12,1598195527,1598195470,57
2020/8/23 22:11,1598195467,1598195418,49
2020/8/23 22:10,1598195407,1598195399,8
2020/8/23 22:09,1598195347,1598195327,20
2020/8/23 22:08,1598195287,1598195265,22
2020/8/23 22:07,1598195227,1598195204,23
2020/8/23 22:06,1598195167,1598195123,44
2020/8/23 22:05,1598195107,1598195021,86
2020/8/23 22:04,1598195047,1598195021,26
2020/8/23 22:03,1598194987,1598194959,28
2020/8/23 22:02,1598194927,1598194888,39
2020/8/23 22:01,1598194867,1598194850,17
2020/8/23 22:00,1598194807,1598194694,113
2020/8/23 21:59,1598194747,1598194694,53
2020/8/23 21:58,1598194687,1598194663,24
2020/8/23 21:57,1598194627,1598194581,46
2020/8/23 21:56,1598194567,1598194568,-1
2020/8/23 21:55,1598194507,1598194506,1
2020/8/23 21:54,1598194447,1598194387,60
2020/8/23 21:53,1598194387,1598194387,0
2020/8/23 21:52,1598194327,1598194295,32
2020/8/23 21:51,1598194267,1598194234,33
2020/8/23 21:50,1598194207,1598194203,4
2020/8/23 21:49,1598194147,1598194148,-1
2020/8/23 21:48,1598194087,1598194041,46
2020/8/23 21:47,1598194027,1598194024,3
2020/8/23 21:46,1598193967,1598193786,181
2020/8/23 21:45,1598193907,1598193786,121
2020/8/23 21:44,1598193847,1598193786,61
2020/8/23 21:43,1598193787,1598193786,1
2020/8/23 21:42,1598193727,1598193727,0
2020/8/23 21:41,1598193667,1598193623,44
2020/8/23 21:40,1598193607,1598193551,56
2020/8/23 21:39,1598193547,1598193529,18
2020/8/23 21:38,1598193487,1598193472,15
2020/8/23 21:37,1598193427,1598193400,27
2020/8/23 21:36,1598193367,1598193267,100
2020/8/23 21:35,1598193307,1598193267,40
2020/8/23 21:34,1598193247,1598193224,23
2020/8/23 21:33,1598193187,1598193153,34
2020/8/23 21:32,1598193127,1598193122,5
2020/8/23 21:31,1598193067,1598193062,5
2020/8/23 21:30,1598193007,1598192975,32
2020/8/23 21:29,1598192947,1598192899,48
2020/8/23 21:28,1598192887,1598192888,-1
2020/8/23 21:27,1598192827,1598192816,11
2020/8/23 21:26,1598192767,1598192759,8
2020/8/23 21:25,1598192707,1598192704,3
2020/8/23 21:24,1598192647,1598192625,22
2020/8/23 21:23,1598192587,1598192572,15
2020/8/23 21:22,1598192527,1598192501,26
2020/8/23 21:21,1598192467,1598192467,0
2020/8/23 21:20,1598192407,1598192398,9
2020/8/23 21:19,1598192347,1598192331,16
2020/8/23 21:18,1598192287,1598192267,20
2020/8/23 21:17,1598192227,1598192215,12
2020/8/23 21:16,1598192167,1598192162,5
2020/8/23 21:15,1598192107,1598192042,65
2020/8/23 21:14,1598192047,1598192042,5
2020/8/23 21:13,1598191987,1598191982,5
2020/8/23 21:12,1598191927,1598191869,58
2020/8/23 21:11,1598191867,1598191839,28
2020/8/23 21:10,1598191807,1598191767,40
2020/8/23 21:09,1598191747,1598191745,2
2020/8/23 21:08,1598191687,1598191635,52
2020/8/23 21:07,1598191627,1598191594,33
2020/8/23 21:06,1598191567,1598191482,85
2020/8/23 21:05,1598191507,1598191482,25
2020/8/23 21:04,1598191447,1598191415,32
2020/8/23 21:03,1598191387,1598191381,6
2020/8/23 21:02,1598191327,1598191213,114
2020/8/23 21:01,1598191267,1598191213,54
2020/8/23 21:00,1598191207,1598191198,9
2020/8/23 20:59,1598191147,1598191116,31
2020/8/23 20:58,1598191087,1598191015,72
2020/8/23 20:57,1598191027,1598191015,12
2020/8/23 20:56,1598190967,1598190943,24
2020/8/23 20:55,1598190907,1598190892,15
2020/8/23 20:54,1598190847,1598190841,6
2020/8/23 20:53,1598190787,1598190781,6
2020/8/23 20:52,1598190727,1598190658,69
2020/8/23 20:51,1598190667,1598190658,9
2020/8/23 20:50,1598190607,1598190587,20
2020/8/23 20:49,1598190547,1598190536,11
2020/8/23 20:48,1598190487,1598190475,12
2020/8/23 20:47,1598190427,1598190394,33
2020/8/23 20:46,1598190367,1598190342,25
2020/8/23 20:45,1598190307,1598190305,2
2020/8/23 20:44,1598190247,1598190228,19
2020/8/23 20:43,1598190187,1598190187,0
2020/8/23 20:42,1598190127,1598190118,9
2020/8/23 20:41,1598190067,1598190037,30
2020/8/23 20:40,1598190007,1598189998,9
2020/8/23 20:39,1598189947,1598189947,0
2020/8/23 20:38,1598189887,1598189888,-1
2020/8/23 20:37,1598189827,1598189783,44
2020/8/23 20:36,1598189767,1598189762,5
2020/8/23 20:35,1598189707,1598189690,17
2020/8/23 20:34,1598189647,1598189635,12
2020/8/23 20:33,1598189587,1598189497,90
2020/8/23 20:32,1598189527,1598189497,30
2020/8/23 20:31,1598189467,1598189456,11
2020/8/23 20:30,1598189407,1598189364,43
2020/8/23 20:29,1598189347,1598189321,26
2020/8/23 20:28,1598189287,1598189212,75
2020/8/23 20:27,1598189227,1598189212,15
2020/8/23 20:26,1598189167,1598189140,27
2020/8/23 20:25,1598189107,1598189038,69
2020/8/23 20:24,1598189047,1598189038,9
2020/8/23 20:23,1598188987,1598188936,51
2020/8/23 20:22,1598188927,1598188864,63
2020/8/23 20:21,1598188867,1598188864,3
2020/8/23 20:20,1598188807,1598188793,14
2020/8/23 20:19,1598188747,1598188746,1
2020/8/23 20:18,1598188687,1598188679,8
2020/8/23 20:17,1598188627,1598188607,20
2020/8/23 20:16,1598188567,1598188566,1
2020/8/23 20:15,1598188507,1598188467,40
2020/8/23 20:14,1598188447,1598188396,51
2020/8/23 20:13,1598188387,1598188367,20
2020/8/23 20:12,1598188327,1598188305,22
2020/8/23 20:11,1598188267,1598188252,15
2020/8/23 20:10,1598188207,1598188192,15
2020/8/23 20:09,1598188147,1598188130,17
2020/8/23 20:08,1598188087,1598188069,18
2020/8/23 20:07,1598188027,1598188025,2
2020/8/23 20:06,1598187967,1598187967,0
2020/8/23 20:05,1598187907,1598187907,0
2020/8/23 20:04,1598187847,1598187847,0
2020/8/23 20:03,1598187787,1598187784,3
2020/8/23 20:02,1598187727,1598187723,4
2020/8/23 20:01,1598187667,1598187666,1
2020/8/23 20:00,1598187607,1598187607,0
2020/8/23 19:59,1598187547,1598187469,78
2020/8/23 19:58,1598187487,1598187469,18
2020/8/23 19:57,1598187427,1598187398,29
2020/8/23 19:56,1598187367,1598187347,20
2020/8/23 19:55,1598187307,1598187281,26
2020/8/23 19:54,1598187247,1598187184,63
2020/8/23 19:53,1598187187,1598187184,3
2020/8/23 19:52,1598187127,1598187052,75
2020/8/23 19:51,1598187067,1598187052,15
2020/8/23 19:50,1598187007,1598186981,26
2020/8/23 19:49,1598186947,1598186944,3
2020/8/23 19:48,1598186887,1598186872,15
2020/8/23 19:47,1598186827,1598186828,-1
2020/8/23 19:46,1598186767,1598186768,-1
2020/8/23 19:45,1598186707,1598186705,2
2020/8/23 19:44,1598186647,1598186647,0
2020/8/23 19:43,1598186587,1598186583,4
2020/8/23 19:42,1598186527,1598186482,45
2020/8/23 19:41,1598186467,1598186424,43
2020/8/23 19:40,1598186407,1598186351,56
2020/8/23 19:39,1598186347,1598186299,48
2020/8/23 19:38,1598186287,1598186235,52
2020/8/23 19:37,1598186227,1598186228,-1
2020/8/23 19:36,1598186167,1598186137,30
2020/8/23 19:35,1598186107,1598186045,62
2020/8/23 19:34,1598186047,1598186045,2
2020/8/23 19:33,1598185987,1598185964,23
2020/8/23 19:32,1598185927,1598185923,4
2020/8/23 19:31,1598185867,1598185822,45
2020/8/23 19:30,1598185807,1598185802,5
2020/8/23 19:29,1598185747,1598185710,37
2020/8/23 19:28,1598185687,1598185670,17
2020/8/23 19:27,1598185627,1598185571,56
2020/8/23 19:26,1598185567,1598185557,10
2020/8/23 19:25,1598185507,1598185506,1
2020/8/23 19:24,1598185447,1598185436,11
2020/8/23 19:23,1598185387,1598185387,0
2020/8/23 19:22,1598185327,1598185212,115
2020/8/23 19:21,1598185267,1598185212,55
2020/8/23 19:20,1598185207,1598185079,128
2020/8/23 19:19,1598185147,1598185079,68
2020/8/23 19:18,1598185087,1598185079,8
2020/8/23 19:17,1598185027,1598184989,38
2020/8/23 19:16,1598184967,1598184968,-1
2020/8/23 19:15,1598184907,1598184897,10
2020/8/23 19:14,1598184847,1598184804,43
2020/8/23 19:13,1598184787,1598184783,4
2020/8/23 19:12,1598184727,1598184639,88
2020/8/23 19:11,1598184667,1598184639,28
2020/8/23 19:10,1598184607,1598183706,901
2020/8/23 19:09,1598184547,1598183706,841
2020/8/23 19:08,1598184487,1598183706,781
2020/8/23 19:07,1598184427,1598183706,721
2020/8/23 19:06,1598184368,1598183706,662
2020/8/23 19:05,1598184307,1598183706,601
2020/8/23 19:04,1598184247,1598183706,541
2020/8/23 19:03,1598184187,1598183706,481
2020/8/23 19:02,1598184127,1598183706,421
2020/8/23 19:01,1598184067,1598183706,361
2020/8/23 19:00,1598184007,1598183706,301
2020/8/23 18:59,1598183947,1598183706,241
2020/8/23 18:58,1598183887,1598183706,181
2020/8/23 18:57,1598183827,1598183706,121
2020/8/23 18:56,1598183767,1598183706,61
2020/8/23 18:55,1598183707,1598183706,1
2020/8/23 18:54,1598183647,1598183615,32
2020/8/23 18:53,1598183587,1598183523,64
2020/8/23 18:52,1598183527,1598183523,4
2020/8/23 18:51,1598183467,1598183459,8
2020/8/23 18:50,1598183407,1598183371,36
2020/8/23 18:49,1598183347,1598183259,88
2020/8/23 18:48,1598183287,1598183259,28
2020/8/23 18:47,1598183227,1598183024,203
2020/8/23 18:46,1598183167,1598183024,143
2020/8/23 18:45,1598183107,1598183024,83
2020/8/23 18:44,1598183047,1598183024,23
2020/8/23 18:43,1598182987,1598182987,0
2020/8/23 18:42,1598182927,1598182826,101
2020/8/23 18:41,1598182867,1598182826,41
2020/8/23 18:40,1598182807,1598182780,27
2020/8/23 18:39,1598182747,1598182657,90
2020/8/23 18:38,1598182687,1598182657,30
2020/8/23 18:37,1598182627,1598182586,41
2020/8/23 18:36,1598182567,1598182442,125
2020/8/23 18:35,1598182507,1598182442,65
2020/8/23 18:34,1598182447,1598182442,5
2020/8/23 18:33,1598182387,1598182279,108
2020/8/23 18:32,1598182327,1598182279,48
2020/8/23 18:31,1598182267,1598182258,9
2020/8/23 18:30,1598182207,1598182085,122
2020/8/23 18:29,1598182147,1598182085,62
2020/8/23 18:28,1598182087,1598182085,2
2020/8/23 18:27,1598182027,1598181995,32
2020/8/23 18:26,1598181967,1598181968,-1
2020/8/23 18:25,1598181907,1598181836,71
2020/8/23 18:24,1598181847,1598181836,11
2020/8/23 18:23,1598181787,1598181777,10
2020/8/23 18:22,1598181727,1598181709,18
2020/8/23 18:21,1598181667,1598181658,9
2020/8/23 18:20,1598181607,1598181597,10
2020/8/23 18:19,1598181547,1598181506,41
2020/8/23 18:18,1598181487,1598181475,12
2020/8/23 18:17,1598181427,1598181353,74
2020/8/23 18:16,1598181367,1598181353,14
2020/8/23 18:15,1598181307,1598181268,39
2020/8/23 18:14,1598181247,1598181247,0
2020/8/23 18:13,1598181187,1598181118,69
2020/8/23 18:12,1598181127,1598181118,9
2020/8/23 18:11,1598181067,1598180993,74
2020/8/23 18:10,1598181007,1598180993,14
2020/8/23 18:09,1598180947,1598180894,53
2020/8/23 18:08,1598180887,1598180792,95
2020/8/23 18:07,1598180827,1598180792,35
2020/8/23 18:06,1598180767,1598180741,26
2020/8/23 18:05,1598180707,1598180705,2
2020/8/23 18:04,1598180647,1598180599,48
2020/8/23 18:03,1598180587,1598180548,39
2020/8/23 18:02,1598180527,1598180500,27
2020/8/23 18:01,1598180467,1598180447,20
2020/8/23 18:00,1598180407,1598180385,22
2020/8/23 17:59,1598180347,1598180243,104
2020/8/23 17:58,1598180287,1598180243,44
2020/8/23 17:57,1598180227,1598180222,5
2020/8/23 17:56,1598180167,1598180167,0
2020/8/23 17:55,1598180107,1598180101,6
2020/8/23 17:54,1598180047,1598180022,25
2020/8/23 17:53,1598179987,1598179937,50
2020/8/23 17:52,1598179927,1598179887,40
2020/8/23 17:51,1598179867,1598179846,21
2020/8/23 17:50,1598179808,1598179805,3
2020/8/23 17:49,1598179747,1598179734,13
2020/8/23 17:48,1598179687,1598179683,4
2020/8/23 17:47,1598179627,1598179602,25
2020/8/23 17:46,1598179567,1598179567,0
2020/8/23 17:45,1598179507,1598179418,89
2020/8/23 17:44,1598179447,1598179418,29
2020/8/23 17:43,1598179387,1598179316,71
2020/8/23 17:42,1598179327,1598179316,11
2020/8/23 17:41,1598179267,1598179254,13
2020/8/23 17:40,1598179207,1598179170,37
2020/8/23 17:39,1598179147,1598179140,7
2020/8/23 17:38,1598179087,1598179085,2
2020/8/23 17:37,1598179027,1598179016,11
2020/8/23 17:36,1598178967,1598178913,54
2020/8/23 17:35,1598178907,1598178883,24
2020/8/23 17:34,1598178847,1598178822,25
2020/8/23 17:33,1598178787,1598178771,16
2020/8/23 17:32,1598178727,1598178669,58
2020/8/23 17:31,1598178667,1598178604,63
2020/8/23 17:30,1598178607,1598178604,3
2020/8/23 17:29,1598178547,1598178503,44
2020/8/23 17:28,1598178487,1598178414,73
2020/8/23 17:27,1598178427,1598178414,13
2020/8/23 17:26,1598178367,1598178366,1
2020/8/23 17:25,1598178307,1598178287,20
2020/8/23 17:24,1598178247,1598178210,37
2020/8/23 17:23,1598178187,1598178165,22
2020/8/23 17:22,1598178127,1598178105,22
2020/8/23 17:21,1598178067,1598178058,9
2020/8/23 17:20,1598178007,1598177971,36
2020/8/23 17:19,1598177947,1598177929,18
2020/8/23 17:18,1598177887,1598177838,49
2020/8/23 17:17,1598177827,1598177792,35
2020/8/23 17:16,1598177767,1598177766,1
2020/8/23 17:15,1598177707,1598177685,22
2020/8/23 17:14,1598177647,1598177644,3
2020/8/23 17:13,1598177587,1598177587,0
2020/8/23 17:12,1598177527,1598177522,5
2020/8/23 17:11,1598177467,1598177461,6
2020/8/23 17:10,1598177407,1598177390,17
2020/8/23 17:09,1598177347,1598177339,8
2020/8/23 17:08,1598177287,1598177247,40
2020/8/23 17:07,1598177227,1598177225,2
2020/8/23 17:06,1598177167,1598177162,5
2020/8/23 17:05,1598177107,1598177081,26
2020/8/23 17:04,1598177047,1598176972,75
2020/8/23 17:03,1598176987,1598176972,15
2020/8/23 17:02,1598176927,1598176920,7
2020/8/23 17:01,1598176867,1598176798,69
2020/8/23 17:00,1598176807,1598176798,9
2020/8/23 16:59,1598176747,1598176747,0
2020/8/23 16:58,1598176687,1598176595,92
2020/8/23 16:57,1598176627,1598176595,32
2020/8/23 16:56,1598176567,1598176532,35
2020/8/23 16:55,1598176507,1598176493,14
2020/8/23 16:54,1598176447,1598176439,8
2020/8/23 16:53,1598176387,1598176296,91
2020/8/23 16:52,1598176327,1598176296,31
2020/8/23 16:51,1598176267,1598176256,11
2020/8/23 16:50,1598176207,1598176204,3
2020/8/23 16:49,1598176147,1598176134,13
2020/8/23 16:48,1598176087,1598176083,4
2020/8/23 16:47,1598176027,1598175980,47
2020/8/23 16:46,1598175967,1598175908,59
2020/8/23 16:45,1598175907,1598175826,81
2020/8/23 16:44,1598175847,1598175826,21
2020/8/23 16:43,1598175787,1598175776,11
2020/8/23 16:42,1598175727,1598175719,8
2020/8/23 16:41,1598175667,1598175632,35
2020/8/23 16:40,1598175607,1598175561,46
2020/8/23 16:39,1598175547,1598175539,8
2020/8/23 16:38,1598175487,1598175459,28
2020/8/23 16:37,1598175427,1598175418,9
2020/8/23 16:36,1598175367,1598175347,20
2020/8/23 16:35,1598175307,1598175193,114
2020/8/23 16:34,1598175247,1598175193,54
2020/8/23 16:33,1598175187,1598175161,26
2020/8/23 16:32,1598175127,1598175071,56
2020/8/23 16:31,1598175067,1598174949,118
2020/8/23 16:30,1598175007,1598174949,58
2020/8/23 16:29,1598174947,1598174866,81
2020/8/23 16:28,1598174887,1598174866,21
2020/8/23 16:27,1598174827,1598174811,16
2020/8/23 16:26,1598174767,1598174712,55
2020/8/23 16:25,1598174707,1598174671,36
2020/8/23 16:24,1598174647,1598174647,0
2020/8/23 16:23,1598174587,1598174553,34
2020/8/23 16:22,1598174528,1598174524,4
2020/8/23 16:21,1598174467,1598174421,46
2020/8/23 16:20,1598174407,1598174345,62
2020/8/23 16:19,1598174347,1598174345,2
2020/8/23 16:18,1598174287,1598174243,44
2020/8/23 16:17,1598174227,1598174130,97
2020/8/23 16:16,1598174167,1598174130,37
2020/8/23 16:15,1598174107,1598174078,29
2020/8/23 16:14,1598174047,1598174028,19
2020/8/23 16:13,1598173987,1598173950,37
2020/8/23 16:12,1598173927,1598173863,64
2020/8/23 16:11,1598173867,1598173863,4
2020/8/23 16:10,1598173807,1598173764,43
2020/8/23 16:09,1598173747,1598173640,107
2020/8/23 16:08,1598173687,1598173640,47
2020/8/23 16:07,1598173627,1598173620,7
2020/8/23 16:06,1598173567,1598173534,33
2020/8/23 16:05,1598173507,1598173507,0
2020/8/23 16:04,1598173447,1598173447,0
2020/8/23 16:03,1598173387,1598173314,73
2020/8/23 16:02,1598173327,1598173314,13
2020/8/23 16:01,1598173267,1598173203,64
2020/8/23 16:00,1598173207,1598173203,4
2020/8/23 15:59,1598173147,1598173081,66
2020/8/23 15:58,1598173087,1598173081,6
2020/8/23 15:57,1598173027,1598172969,58
2020/8/23 15:56,1598172967,1598172928,39
2020/8/23 15:55,1598172907,1598172873,34
2020/8/23 15:54,1598172847,1598172736,111
2020/8/23 15:53,1598172787,1598172736,51
2020/8/23 15:52,1598172727,1598172675,52
2020/8/23 15:51,1598172667,1598172624,43
2020/8/23 15:50,1598172607,1598172553,54
2020/8/23 15:49,1598172547,1598172532,15
2020/8/23 15:48,1598172487,1598172471,16
2020/8/23 15:47,1598172427,1598172380,47
2020/8/23 15:46,1598172367,1598172291,76
2020/8/23 15:45,1598172307,1598172291,16
2020/8/23 15:44,1598172247,1598172207,40
2020/8/23 15:43,1598172187,1598172126,61
2020/8/23 15:42,1598172127,1598172126,1
2020/8/23 15:41,1598172067,1598172024,43
2020/8/23 15:40,1598172007,1598171961,46
2020/8/23 15:39,1598171947,1598171921,26
2020/8/23 15:38,1598171887,1598171779,108
2020/8/23 15:37,1598171827,1598171779,48
2020/8/23 15:36,1598171767,1598171727,40
2020/8/23 15:35,1598171707,1598171647,60
2020/8/23 15:34,1598171647,1598171647,0
2020/8/23 15:33,1598171587,1598171565,22
2020/8/23 15:32,1598171527,1598171515,12
2020/8/23 15:31,1598171467,1598171388,79
2020/8/23 15:30,1598171407,1598171388,19
2020/8/23 15:29,1598171347,1598171310,37
2020/8/23 15:28,1598171287,1598171265,22
2020/8/23 15:27,1598171227,1598171208,19
2020/8/23 15:26,1598171167,1598171139,28
2020/8/23 15:25,1598171107,1598171069,38
2020/8/23 15:24,1598171047,1598171040,7
2020/8/23 15:23,1598170987,1598170982,5
2020/8/23 15:22,1598170928,1598170895,33
2020/8/23 15:21,1598170867,1598170862,5
2020/8/23 15:20,1598170807,1598170762,45
2020/8/23 15:19,1598170747,1598170740,7
2020/8/23 15:18,1598170687,1598170685,2
2020/8/23 15:17,1598170627,1598170599,28
2020/8/23 15:16,1598170567,1598170487,80
2020/8/23 15:15,1598170507,1598170487,20
2020/8/23 15:14,1598170447,1598170426,21
2020/8/23 15:13,1598170387,1598170387,0
2020/8/23 15:12,1598170327,1598170321,6
2020/8/23 15:11,1598170267,1598170255,12
2020/8/23 15:10,1598170207,1598170202,5
2020/8/23 15:09,1598170147,1598170073,74
2020/8/23 15:08,1598170087,1598170073,14
2020/8/23 15:07,1598170027,1598170010,17
2020/8/23 15:06,1598169967,1598169889,78
2020/8/23 15:05,1598169907,1598169889,18
2020/8/23 15:04,1598169847,1598169797,50
2020/8/23 15:03,1598169787,1598169736,51
2020/8/23 15:02,1598169727,1598169697,30
2020/8/23 15:01,1598169667,1598169533,134
2020/8/23 15:00,1598169607,1598169533,74
2020/8/23 14:59,1598169547,1598169533,14
2020/8/23 14:58,1598169487,1598169414,73
2020/8/23 14:57,1598169427,1598169414,13
2020/8/23 14:56,1598169367,1598169357,10
2020/8/23 14:55,1598169307,1598169300,7
2020/8/23 14:54,1598169247,1598169209,38
2020/8/23 14:53,1598169187,1598169178,9
2020/8/23 14:52,1598169127,1598169103,24
2020/8/23 14:51,1598169067,1598169041,26
2020/8/23 14:50,1598169007,1598168914,93
2020/8/23 14:49,1598168947,1598168914,33
2020/8/23 14:48,1598168887,1598168877,10
2020/8/23 14:47,1598168827,1598168810,17
2020/8/23 14:46,1598168767,1598168712,55
2020/8/23 14:45,1598168707,1598168691,16
2020/8/23 14:44,1598168647,1598168630,17
2020/8/23 14:43,1598168587,1598168576,11
2020/8/23 14:42,1598168527,1598168508,19
2020/8/23 14:41,1598168467,1598168437,30
2020/8/23 14:40,1598168407,1598168376,31
2020/8/23 14:39,1598168347,1598168340,7
2020/8/23 14:38,1598168287,1598168285,2
2020/8/23 14:37,1598168227,1598168204,23
2020/8/23 14:36,1598168167,1598168102,65
2020/8/23 14:35,1598168107,1598168102,5
2020/8/23 14:34,1598168047,1598168041,6
2020/8/23 14:33,1598167987,1598167975,12
2020/8/23 14:32,1598167927,1598167927,0
2020/8/23 14:31,1598167867,1598167858,9
2020/8/23 14:30,1598167807,1598167747,60
2020/8/23 14:29,1598167747,1598167747,0
2020/8/23 14:28,1598167687,1598167676,11
2020/8/23 14:27,1598167627,1598167615,12
2020/8/23 14:26,1598167567,1598167530,37
2020/8/23 14:25,1598167507,1598167504,3
2020/8/23 14:24,1598167447,1598167432,15
2020/8/23 14:23,1598167387,1598167371,16
2020/8/23 14:22,1598167327,1598167300,27
2020/8/23 14:21,1598167267,1598167208,59
2020/8/23 14:20,1598167207,1598167157,50
2020/8/23 14:19,1598167148,1598167077,71
2020/8/23 14:18,1598167087,1598167077,10
2020/8/23 14:17,1598167027,1598167026,1
2020/8/23 14:16,1598166967,1598166913,54
2020/8/23 14:15,1598166907,1598166878,29
2020/8/23 14:14,1598166847,1598166842,5
2020/8/23 14:13,1598166787,1598166781,6
2020/8/23 14:12,1598166727,1598166721,6
2020/8/23 14:11,1598166667,1598166574,93
2020/8/23 14:10,1598166607,1598166574,33
2020/8/23 14:09,1598166547,1598166538,9
2020/8/23 14:08,1598166487,1598166486,1
2020/8/23 14:07,1598166427,1598166411,16
2020/8/23 14:06,1598166367,1598166294,73
2020/8/23 14:05,1598166307,1598166294,13
2020/8/23 14:04,1598166247,1598166203,44
2020/8/23 14:03,1598166187,1598166184,3
2020/8/23 14:02,1598166127,1598166041,86
2020/8/23 14:01,1598166067,1598166041,26
2020/8/23 14:00,1598166007,1598165979,28
2020/8/23 13:59,1598165947,1598165938,9
2020/8/23 13:58,1598165887,1598165887,0
2020/8/23 13:57,1598165827,1598165776,51
2020/8/23 13:56,1598165767,1598165705,62
2020/8/23 13:55,1598165707,1598165705,2
2020/8/23 13:54,1598165647,1598165582,65
2020/8/23 13:53,1598165587,1598165582,5
2020/8/23 13:52,1598165527,1598165522,5
2020/8/23 13:51,1598165467,1598165461,6
2020/8/23 13:50,1598165407,1598165391,16
2020/8/23 13:49,1598165347,1598165308,39
2020/8/23 13:48,1598165287,1598165287,0
2020/8/23 13:47,1598165227,1598165145,82
2020/8/23 13:46,1598165167,1598165145,22
2020/8/23 13:45,1598165108,1598165105,3
2020/8/23 13:44,1598165047,1598164983,64
2020/8/23 13:43,1598164987,1598164983,4
2020/8/23 13:42,1598164927,1598164779,148
2020/8/23 13:41,1598164867,1598164779,88
2020/8/23 13:40,1598164807,1598164779,28
2020/8/23 13:39,1598164747,1598164568,179
2020/8/23 13:38,1598164687,1598164568,119
2020/8/23 13:37,1598164627,1598164568,59
2020/8/23 13:36,1598164567,1598164568,-1
2020/8/23 13:35,1598164507,1598164470,37
2020/8/23 13:34,1598164447,1598164436,11
2020/8/23 13:33,1598164387,1598164361,26
2020/8/23 13:32,1598164327,1598164231,96
2020/8/23 13:31,1598164267,1598164231,36
2020/8/23 13:30,1598164207,1598164205,2
2020/8/23 13:29,1598164147,1598164124,23
2020/8/23 13:28,1598164087,1598164078,9
2020/8/23 13:27,1598164027,1598164008,19
2020/8/23 13:26,1598163967,1598163912,55
2020/8/23 13:25,1598163907,1598163899,8
2020/8/23 13:24,1598163847,1598163798,49
2020/8/23 13:23,1598163787,1598163754,33
2020/8/23 13:22,1598163727,1598163709,18
2020/8/23 13:21,1598163667,1598163622,45
2020/8/23 13:20,1598163607,1598163570,37
2020/8/23 13:19,1598163547,1598163499,48
2020/8/23 13:18,1598163487,1598163459,28
2020/8/23 13:17,1598163427,1598163427,0
2020/8/23 13:16,1598163367,1598163340,27
2020/8/23 13:15,1598163307,1598163246,61
2020/8/23 13:14,1598163247,1598163246,1
2020/8/23 13:13,1598163187,1598163083,104
2020/8/23 13:12,1598163127,1598163083,44
2020/8/23 13:11,1598163067,1598163064,3
2020/8/23 13:10,1598163007,1598162992,15
2020/8/23 13:09,1598162947,1598162921,26
2020/8/23 13:08,1598162887,1598162839,48
2020/8/23 13:07,1598162827,1598162821,6
2020/8/23 13:06,1598162767,1598162716,51
2020/8/23 13:05,1598162707,1598162707,0
2020/8/23 13:04,1598162647,1598162646,1
2020/8/23 13:03,1598162587,1598162504,83
2020/8/23 13:02,1598162527,1598162504,23
2020/8/23 13:01,1598162467,1598162411,56
2020/8/23 13:00,1598162407,1598162403,4
2020/8/23 12:59,1598162347,1598162269,78
2020/8/23 12:58,1598162287,1598162269,18
2020/8/23 12:57,1598162227,1598162208,19
2020/8/23 12:56,1598162167,1598162137,30
2020/8/23 12:55,1598162107,1598162076,31
2020/8/23 12:54,1598162047,1598162015,32
2020/8/23 12:53,1598161987,1598161974,13
2020/8/23 12:52,1598161927,1598161903,24
2020/8/23 12:51,1598161867,1598161853,14
2020/8/23 12:50,1598161807,1598161781,26
2020/8/23 12:49,1598161747,1598161690,57
2020/8/23 12:48,1598161687,1598161670,17
2020/8/23 12:47,1598161627,1598161588,39
2020/8/23 12:46,1598161567,1598161540,27
2020/8/23 12:45,1598161507,1598161504,3
2020/8/23 12:44,1598161447,1598161435,12
2020/8/23 12:43,1598161387,1598161385,2
2020/8/23 12:42,1598161327,1598161313,14
2020/8/23 12:41,1598161267,1598161267,0
2020/8/23 12:40,1598161207,1598161191,16
2020/8/23 12:39,1598161147,1598161133,14
2020/8/23 12:38,1598161087,1598161076,11
2020/8/23 12:37,1598161027,1598160967,60
2020/8/23 12:36,1598160967,1598160937,30
2020/8/23 12:35,1598160907,1598160896,11
2020/8/23 12:34,1598160847,1598160835,12
2020/8/23 12:33,1598160787,1598160764,23
2020/8/23 12:32,1598160727,1598160663,64
2020/8/23 12:31,1598160667,1598160663,4
2020/8/23 12:30,1598160607,1598160604,3
2020/8/23 12:29,1598160547,1598160541,6
2020/8/23 12:28,1598160487,1598160460,27
2020/8/23 12:27,1598160427,1598160379,48
2020/8/23 12:26,1598160367,1598160348,19
2020/8/23 12:25,1598160307,1598160298,9
2020/8/23 12:24,1598160247,1598160232,15
2020/8/23 12:23,1598160187,1598160165,22
2020/8/23 12:22,1598160127,1598160073,54
2020/8/23 12:21,1598160067,1598160058,9
2020/8/23 12:20,1598160007,1598160002,5
2020/8/23 12:19,1598159947,1598159942,5
2020/8/23 12:18,1598159887,1598159881,6
2020/8/23 12:17,1598159827,1598159822,5
2020/8/23 12:16,1598159767,1598159759,8
2020/8/23 12:15,1598159707,1598159626,81
2020/8/23 12:14,1598159647,1598159626,21
2020/8/23 12:13,1598159587,1598159574,13
2020/8/23 12:12,1598159527,1598159516,11
2020/8/23 12:11,1598159467,1598159466,1
2020/8/23 12:10,1598159407,1598159373,34
2020/8/23 12:09,1598159347,1598159332,15
2020/8/23 12:08,1598159287,1598159282,5
2020/8/23 12:07,1598159227,1598159111,116
2020/8/23 12:06,1598159167,1598159111,56
2020/8/23 12:05,1598159107,1598159069,38
2020/8/23 12:04,1598159047,1598158997,50
2020/8/23 12:03,1598158987,1598158966,21
2020/8/23 12:02,1598158927,1598158885,42
2020/8/23 12:01,1598158867,1598158825,42
2020/8/23 12:00,1598158807,1598158773,34
2020/8/23 11:59,1598158747,1598158729,18
2020/8/23 11:58,1598158687,1598158672,15
2020/8/23 11:57,1598158627,1598158601,26
2020/8/23 11:56,1598158567,1598158479,88
2020/8/23 11:55,1598158507,1598158479,28
2020/8/23 11:54,1598158447,1598158418,29
2020/8/23 11:53,1598158387,1598158377,10
2020/8/23 11:52,1598158327,1598158270,57
2020/8/23 11:51,1598158267,1598158267,0
2020/8/23 11:50,1598158207,1598158198,9
2020/8/23 11:49,1598158147,1598158103,44
2020/8/23 11:48,1598158087,1598157930,157
2020/8/23 11:47,1598158027,1598157930,97
2020/8/23 11:46,1598157967,1598157930,37
2020/8/23 11:45,1598157907,1598157885,22
2020/8/23 11:44,1598157847,1598157798,49
2020/8/23 11:43,1598157787,1598157764,23
2020/8/23 11:42,1598157727,1598157697,30
2020/8/23 11:41,1598157667,1598157650,17
2020/8/23 11:40,1598157608,1598157482,126
2020/8/23 11:39,1598157547,1598157482,65
2020/8/23 11:38,1598157487,1598157482,5
2020/8/23 11:37,1598157427,1598157421,6
2020/8/23 11:36,1598157367,1598157285,82
2020/8/23 11:35,1598157307,1598157285,22
2020/8/23 11:34,1598157247,1598157214,33
2020/8/23 11:33,1598157187,1598157187,0
2020/8/23 11:32,1598157127,1598157097,30
2020/8/23 11:31,1598157067,1598157058,9
2020/8/23 11:30,1598157007,1598156995,12
2020/8/23 11:29,1598156947,1598156924,23
2020/8/23 11:28,1598156887,1598156873,14
2020/8/23 11:27,1598156827,1598156767,60
2020/8/23 11:26,1598156767,1598156767,0
2020/8/23 11:25,1598156707,1598156691,16
2020/8/23 11:24,1598156647,1598156645,2
2020/8/23 11:23,1598156587,1598156394,193
2020/8/23 11:22,1598156527,1598156394,133
2020/8/23 11:21,1598156467,1598156394,73
2020/8/23 11:20,1598156407,1598156394,13
2020/8/23 11:19,1598156347,1598156262,85
2020/8/23 11:18,1598156287,1598156262,25
2020/8/23 11:17,1598156227,1598156157,70
2020/8/23 11:16,1598156167,1598156157,10
2020/8/23 11:15,1598156107,1598156049,58
2020/8/23 11:14,1598156047,1598156027,20
2020/8/23 11:13,1598155987,1598155978,9
2020/8/23 11:12,1598155927,1598155846,81
2020/8/23 11:11,1598155867,1598155846,21
2020/8/23 11:10,1598155807,1598155777,30
2020/8/23 11:09,1598155747,1598155693,54
2020/8/23 11:08,1598155687,1598155687,0
2020/8/23 11:07,1598155627,1598155625,2
2020/8/23 11:06,1598155567,1598155566,1
2020/8/23 11:05,1598155507,1598155480,27
2020/8/23 11:04,1598155447,1598155446,1
2020/8/23 11:03,1598155387,1598155346,41
2020/8/23 11:02,1598155327,1598155327,0
2020/8/23 11:01,1598155267,1598155259,8
2020/8/23 11:00,1598155207,1598155185,22
2020/8/23 10:59,1598155147,1598155144,3
2020/8/23 10:58,1598155087,1598155081,6
2020/8/23 10:57,1598155027,1598155012,15
2020/8/23 10:56,1598154967,1598154954,13
2020/8/23 10:55,1598154907,1598154881,26
2020/8/23 10:54,1598154847,1598154819,28
2020/8/23 10:53,1598154787,1598154738,49
2020/8/23 10:52,1598154727,1598154677,50
2020/8/23 10:51,1598154667,1598154647,20
2020/8/23 10:50,1598154607,1598154576,31
2020/8/23 10:49,1598154547,1598154525,22
2020/8/23 10:48,1598154487,1598154471,16
2020/8/23 10:47,1598154427,1598154422,5
2020/8/23 10:46,1598154367,1598154363,4
2020/8/23 10:45,1598154307,1598154272,35
2020/8/23 10:44,1598154247,1598154221,26
2020/8/23 10:43,1598154187,1598154177,10
2020/8/23 10:42,1598154127,1598154120,7
2020/8/23 10:41,1598154067,1598154048,19
2020/8/23 10:40,1598154007,1598153996,11
2020/8/23 10:39,1598153947,1598153937,10
2020/8/23 10:38,1598153887,1598153887,0
2020/8/23 10:37,1598153828,1598153786,42
2020/8/23 10:36,1598153767,1598153765,2
2020/8/23 10:35,1598153707,1598153694,13
2020/8/23 10:34,1598153647,1598153643,4
2020/8/23 10:33,1598153587,1598153522,65
2020/8/23 10:32,1598153527,1598153522,5
2020/8/23 10:31,1598153467,1598153440,27
2020/8/23 10:30,1598153407,1598153387,20
2020/8/23 10:29,1598153347,1598153338,9
2020/8/23 10:28,1598153287,1598153278,9
2020/8/23 10:27,1598153227,1598153227,0
2020/8/23 10:26,1598153167,1598153156,11
2020/8/23 10:25,1598153107,1598153096,11
2020/8/23 10:24,1598153047,1598153027,20
2020/8/23 10:23,1598152987,1598152983,4
2020/8/23 10:22,1598152927,1598152868,59
2020/8/23 10:21,1598152867,1598152867,0
2020/8/23 10:20,1598152807,1598152798,9
2020/8/23 10:19,1598152747,1598152710,37
2020/8/23 10:18,1598152687,1598152686,1
2020/8/23 10:17,1598152627,1598152618,9
2020/8/23 10:16,1598152567,1598152553,14
2020/8/23 10:15,1598152507,1598152483,24
2020/8/23 10:14,1598152447,1598152395,52
2020/8/23 10:13,1598152387,1598152212,175
2020/8/23 10:12,1598152327,1598152212,115
2020/8/23 10:11,1598152267,1598152212,55
2020/8/23 10:10,1598152207,1598152070,137
2020/8/23 10:09,1598152147,1598152070,77
2020/8/23 10:08,1598152087,1598152070,17
2020/8/23 10:07,1598152027,1598151999,28
2020/8/23 10:06,1598151967,1598151898,69
2020/8/23 10:05,1598151907,1598151898,9
2020/8/23 10:04,1598151847,1598151766,81
2020/8/23 10:03,1598151787,1598151766,21
2020/8/23 10:02,1598151727,1598151715,12
2020/8/23 10:01,1598151667,1598151666,1
2020/8/23 10:00,1598151607,1598151581,26
2020/8/23 09:59,1598151547,1598151545,2
2020/8/23 09:58,1598151487,1598151487,0
2020/8/23 09:57,1598151427,1598151398,29
2020/8/23 09:56,1598151367,1598151327,40
2020/8/23 09:55,1598151307,1598151307,0
2020/8/23 09:54,1598151247,1598151175,72
2020/8/23 09:53,1598151187,1598151175,12
2020/8/23 09:52,1598151127,1598151107,20
2020/8/23 09:51,1598151067,1598151053,14
2020/8/23 09:50,1598151007,1598151002,5
2020/8/23 09:49,1598150947,1598150910,37
2020/8/23 09:48,1598150887,1598150860,27
2020/8/23 09:47,1598150827,1598150778,49
2020/8/23 09:46,1598150767,1598150718,49
2020/8/23 09:45,1598150707,1598150681,26
2020/8/23 09:44,1598150647,1598150646,1
2020/8/23 09:43,1598150587,1598150525,62
2020/8/23 09:42,1598150527,1598150525,2
2020/8/23 09:41,1598150467,1598150465,2
2020/8/23 09:40,1598150407,1598150372,35
2020/8/23 09:39,1598150347,1598150331,16
2020/8/23 09:38,1598150287,1598150281,6
2020/8/23 09:37,1598150227,1598150199,28
2020/8/23 09:36,1598150167,1598150139,28
2020/8/23 09:35,1598150107,1598150068,39
2020/8/23 09:34,1598150047,1598149956,91
2020/8/23 09:33,1598149987,1598149956,31
2020/8/23 09:32,1598149927,1598149874,53
2020/8/23 09:31,1598149868,1598149834,34
2020/8/23 09:30,1598149807,1598149807,0
2020/8/23 09:29,1598149747,1598149742,5
2020/8/23 09:28,1598149687,1598149659,28
2020/8/23 09:27,1598149627,1598149620,7
2020/8/23 09:26,1598149567,1598149559,8
2020/8/23 09:25,1598149507,1598149438,69
2020/8/23 09:24,1598149447,1598149438,9
2020/8/23 09:23,1598149387,1598149387,0
2020/8/23 09:22,1598149327,1598149277,50
2020/8/23 09:21,1598149267,1598149256,11
2020/8/23 09:20,1598149207,1598149194,13
2020/8/23 09:19,1598149147,1598149147,0
2020/8/23 09:18,1598149087,1598149084,3
2020/8/23 09:17,1598149027,1598149020,7
2020/8/23 09:16,1598148967,1598148966,1
2020/8/23 09:15,1598148907,1598148810,97
2020/8/23 09:14,1598148847,1598148810,37
2020/8/23 09:13,1598148787,1598148785,2
2020/8/23 09:12,1598148727,1598148634,93
2020/8/23 09:11,1598148667,1598148634,33
2020/8/23 09:10,1598148607,1598148587,20
2020/8/23 09:09,1598148547,1598148489,58
2020/8/23 09:08,1598148487,1598148469,18
2020/8/23 09:07,1598148427,1598148396,31
2020/8/23 09:06,1598148367,1598148355,12
2020/8/23 09:05,1598148307,1598148256,51
2020/8/23 09:04,1598148247,1598148160,87
2020/8/23 09:03,1598148187,1598148160,27
2020/8/23 09:02,1598148127,1598148109,18
2020/8/23 09:01,1598148067,1598148027,40
2020/8/23 09:00,1598148007,1598147954,53
2020/8/23 08:59,1598147947,1598147884,63
2020/8/23 08:58,1598147887,1598147884,3
2020/8/23 08:57,1598147827,1598147824,3
2020/8/23 08:56,1598147767,1598147755,12
2020/8/23 08:55,1598147707,1598147701,6
2020/8/23 08:54,1598147647,1598147630,17
2020/8/23 08:53,1598147587,1598147581,6
2020/8/23 08:52,1598147527,1598147518,9
2020/8/23 08:51,1598147467,1598147437,30
2020/8/23 08:50,1598147407,1598147386,21
2020/8/23 08:49,1598147347,1598147295,52
2020/8/23 08:48,1598147287,1598147275,12
2020/8/23 08:47,1598147227,1598147204,23
2020/8/23 08:46,1598147167,1598147142,25
2020/8/23 08:45,1598147107,1598147107,0
2020/8/23 08:44,1598147047,1598147036,11
2020/8/23 08:43,1598146987,1598146972,15
2020/8/23 08:42,1598146927,1598146879,48
2020/8/23 08:41,1598146867,1598146805,62
2020/8/23 08:40,1598146807,1598146805,2
2020/8/23 08:39,1598146747,1598146726,21
2020/8/23 08:38,1598146687,1598146630,57
2020/8/23 08:37,1598146627,1598146530,97
2020/8/23 08:36,1598146567,1598146530,37
2020/8/23 08:35,1598146507,1598146389,118
2020/8/23 08:34,1598146447,1598146389,58
2020/8/23 08:33,1598146387,1598146359,28
2020/8/23 08:32,1598146327,1598146274,53
2020/8/23 08:31,1598146267,1598146226,41
2020/8/23 08:30,1598146207,1598146145,62
2020/8/23 08:29,1598146147,1598146145,2
2020/8/23 08:28,1598146087,1598146057,30
2020/8/23 08:27,1598146027,1598145993,34
2020/8/23 08:26,1598145967,1598145902,65
2020/8/23 08:25,1598145907,1598145902,5
2020/8/23 08:24,1598145847,1598145836,11
2020/8/23 08:23,1598145787,1598145760,27
2020/8/23 08:22,1598145727,1598145704,23
2020/8/23 08:21,1598145667,1598145655,12
2020/8/23 08:20,1598145607,1598145596,11
2020/8/23 08:19,1598145547,1598145545,2
2020/8/23 08:18,1598145487,1598145474,13
2020/8/23 08:17,1598145427,1598145423,4
2020/8/23 08:16,1598145367,1598145281,86
2020/8/23 08:15,1598145307,1598145281,26
2020/8/23 08:14,1598145247,1598145237,10
2020/8/23 08:13,1598145187,1598145165,22
2020/8/23 08:12,1598145127,1598145053,74
2020/8/23 08:11,1598145067,1598145053,14
2020/8/23 08:10,1598145007,1598145002,5
2020/8/23 08:09,1598144947,1598144911,36
2020/8/23 08:08,1598144887,1598144828,59
2020/8/23 08:07,1598144827,1598144818,9
2020/8/23 08:06,1598144767,1598144726,41
2020/8/23 08:05,1598144707,1598144706,1
2020/8/23 08:04,1598144647,1598144635,12
2020/8/23 08:03,1598144587,1598144573,14
2020/8/23 08:02,1598144527,1598144521,6
2020/8/23 08:01,1598144467,1598144450,17
2020/8/23 08:00,1598144407,1598144369,38
2020/8/23 07:59,1598144347,1598144328,19
2020/8/23 07:58,1598144287,1598144238,49
2020/8/23 07:57,1598144227,1598144186,41
2020/8/23 07:56,1598144167,1598144136,31
2020/8/23 07:55,1598144107,1598144095,12
2020/8/23 07:54,1598144047,1598144014,33
2020/8/23 07:53,1598143987,1598143983,4
2020/8/23 07:52,1598143927,1598143902,25
2020/8/23 07:51,1598143867,1598143858,9
2020/8/23 07:50,1598143807,1598143800,7
2020/8/23 07:49,1598143747,1598143668,79
2020/8/23 07:48,1598143687,1598143668,19
2020/8/23 07:47,1598143627,1598143588,39
2020/8/23 07:46,1598143567,1598143526,41
2020/8/23 07:45,1598143507,1598143476,31
2020/8/23 07:44,1598143447,1598143428,19
2020/8/23 07:43,1598143387,1598143369,18
2020/8/23 07:42,1598143327,1598143326,1
2020/8/23 07:41,1598143267,1598143258,9
2020/8/23 07:40,1598143207,1598143150,57
2020/8/23 07:39,1598143148,1598143092,56
2020/8/23 07:38,1598143087,1598143081,6
2020/8/23 07:37,1598143027,1598142965,62
2020/8/23 07:36,1598142967,1598142965,2
2020/8/23 07:35,1598142907,1598142893,14
2020/8/23 07:34,1598142847,1598142811,36
2020/8/23 07:33,1598142787,1598142744,43
2020/8/23 07:32,1598142727,1598142603,124
2020/8/23 07:31,1598142667,1598142603,64
2020/8/23 07:30,1598142607,1598142603,4
2020/8/23 07:29,1598142547,1598142500,47
2020/8/23 07:28,1598142487,1598142429,58
2020/8/23 07:27,1598142427,1598142361,66
2020/8/23 07:26,1598142367,1598142361,6
2020/8/23 07:25,1598142307,1598142226,81
2020/8/23 07:24,1598142247,1598142226,21
2020/8/23 07:23,1598142187,1598142093,94
2020/8/23 07:22,1598142127,1598142093,34
2020/8/23 07:21,1598142067,1598141992,75
2020/8/23 07:20,1598142007,1598141992,15
2020/8/23 07:19,1598141947,1598141941,6
2020/8/23 07:18,1598141887,1598141880,7
2020/8/23 07:17,1598141827,1598141804,23
2020/8/23 07:16,1598141767,1598141739,28
2020/8/23 07:15,1598141707,1598141627,80
2020/8/23 07:14,1598141647,1598141627,20
2020/8/23 07:13,1598141587,1598141505,82
2020/8/23 07:12,1598141527,1598141505,22
2020/8/23 07:11,1598141467,1598141303,164
2020/8/23 07:10,1598141407,1598141303,104
2020/8/23 07:09,1598141347,1598141303,44
2020/8/23 07:08,1598141287,1598140531,756
2020/8/23 07:07,1598141227,1598140531,696
2020/8/23 07:06,1598141167,1598140531,636
2020/8/23 07:05,1598141107,1598140531,576
2020/8/23 07:04,1598141047,1598140531,516
2020/8/23 07:03,1598140987,1598140531,456
2020/8/23 07:02,1598140927,1598140531,396
2020/8/23 07:01,1598140867,1598140531,336
2020/8/23 07:00,1598140807,1598140531,276
2020/8/23 06:59,1598140747,1598140531,216
2020/8/23 06:58,1598140687,1598140531,156
2020/8/23 06:57,1598140627,1598140531,96
2020/8/23 06:56,1598140567,1598140531,36
2020/8/23 06:55,1598140507,1598140461,46
2020/8/23 06:54,1598140447,1598140444,3
2020/8/23 06:53,1598140387,1598140354,33
2020/8/23 06:52,1598140327,1598140237,90
2020/8/23 06:51,1598140267,1598140237,30
2020/8/23 06:50,1598140207,1598140196,11
2020/8/23 06:49,1598140147,1598140004,143
2020/8/23 06:48,1598140087,1598140004,83
2020/8/23 06:47,1598140027,1598140004,23
2020/8/23 06:46,1598139967,1598139892,75
2020/8/23 06:45,1598139907,1598139892,15
2020/8/23 06:44,1598139847,1598139749,98
2020/8/23 06:43,1598139787,1598139749,38
2020/8/23 06:42,1598139727,1598139647,80
2020/8/23 06:41,1598139667,1598139647,20
2020/8/23 06:40,1598139607,1598139599,8
2020/8/23 06:39,1598139547,1598139545,2
2020/8/23 06:38,1598139487,1598139444,43
2020/8/23 06:37,1598139427,1598139425,2
2020/8/23 06:36,1598139367,1598139322,45
2020/8/23 06:35,1598139307,1598139240,67
2020/8/23 06:34,1598139247,1598139240,7
2020/8/23 06:33,1598139187,1598139183,4
2020/8/23 06:32,1598139127,1598139115,12
2020/8/23 06:31,1598139067,1598139066,1
2020/8/23 06:30,1598139007,1598138917,90
2020/8/23 06:29,1598138947,1598138917,30
2020/8/23 06:28,1598138887,1598138875,12
2020/8/23 06:27,1598138827,1598138772,55
2020/8/23 06:26,1598138767,1598138746,21
2020/8/23 06:25,1598138707,1598138700,7
2020/8/23 06:24,1598138647,1598138629,18
2020/8/23 06:23,1598138587,1598138569,18
2020/8/23 06:22,1598138527,1598138426,101
2020/8/23 06:21,1598138467,1598138426,41
2020/8/23 06:20,1598138407,1598138386,21
2020/8/23 06:19,1598138347,1598138342,5
2020/8/23 06:18,1598138287,1598138287,0
2020/8/23 06:17,1598138227,1598138223,4
2020/8/23 06:16,1598138167,1598138064,103
2020/8/23 06:15,1598138107,1598138064,43
2020/8/23 06:14,1598138047,1598138037,10
2020/8/23 06:13,1598137987,1598137979,8
2020/8/23 06:12,1598137927,1598137898,29
2020/8/23 06:11,1598137867,1598137867,0
2020/8/23 06:10,1598137807,1598137796,11
2020/8/23 06:09,1598137747,1598137745,2
2020/8/23 06:08,1598137687,1598137665,22
2020/8/23 06:07,1598137627,1598137583,44
2020/8/23 06:06,1598137567,1598137564,3
2020/8/23 06:05,1598137507,1598137491,16
2020/8/23 06:04,1598137447,1598137411,36
2020/8/23 06:03,1598137387,1598137385,2
2020/8/23 06:02,1598137327,1598137279,48
2020/8/23 06:01,1598137267,1598137261,6
2020/8/23 06:00,1598137207,1598137176,31
2020/8/23 05:59,1598137147,1598137075,72
2020/8/23 05:58,1598137087,1598137075,12
2020/8/23 05:57,1598137027,1598136984,43
2020/8/23 05:56,1598136967,1598136897,70
2020/8/23 05:55,1598136907,1598136897,10
2020/8/23 05:54,1598136847,1598136842,5
2020/8/23 05:53,1598136787,1598136751,36
2020/8/23 05:52,1598136727,1598136723,4
2020/8/23 05:51,1598136667,1598136629,38
2020/8/23 05:50,1598136607,1598136588,19
2020/8/23 05:49,1598136547,1598136544,3
2020/8/23 05:48,1598136487,1598136467,20
2020/8/23 05:47,1598136428,1598136406,22
2020/8/23 05:46,1598136367,1598136323,44
2020/8/23 05:45,1598136307,1598136275,32
2020/8/23 05:44,1598136247,1598136173,74
2020/8/23 05:43,1598136187,1598136173,14
2020/8/23 05:42,1598136127,1598136123,4
2020/8/23 05:41,1598136067,1598135960,107
2020/8/23 05:40,1598136007,1598135960,47
2020/8/23 05:39,1598135947,1598135848,99
2020/8/23 05:38,1598135887,1598135848,39
2020/8/23 05:37,1598135827,1598135790,37
2020/8/23 05:36,1598135767,1598135766,1
2020/8/23 05:35,1598135707,1598135643,64
2020/8/23 05:34,1598135647,1598135643,4
2020/8/23 05:33,1598135587,1598135559,28
2020/8/23 05:32,1598135527,1598135503,24
2020/8/23 05:31,1598135467,1598135422,45
2020/8/23 05:30,1598135407,1598135331,76
2020/8/23 05:29,1598135347,1598135331,16
2020/8/23 05:28,1598135287,1598135280,7
2020/8/23 05:27,1598135227,1598135224,3
2020/8/23 05:26,1598135167,1598135158,9
2020/8/23 05:25,1598135107,1598135087,20
2020/8/23 05:24,1598135047,1598135017,30
2020/8/23 05:23,1598134987,1598134965,22
2020/8/23 05:22,1598134927,1598134884,43
2020/8/23 05:21,1598134867,1598134834,33
2020/8/23 05:20,1598134807,1598134792,15
2020/8/23 05:19,1598134747,1598134738,9
2020/8/23 05:18,1598134687,1598134687,0
2020/8/23 05:17,1598134627,1598134589,38
2020/8/23 05:16,1598134567,1598134509,58
2020/8/23 05:15,1598134507,1598134467,40
2020/8/23 05:14,1598134447,1598134437,10
2020/8/23 05:13,1598134387,1598134385,2
2020/8/23 05:12,1598134327,1598134325,2
2020/8/23 05:11,1598134267,1598134244,23
2020/8/23 05:10,1598134207,1598134193,14
2020/8/23 05:09,1598134147,1598134082,65
2020/8/23 05:08,1598134087,1598134082,5
2020/8/23 05:07,1598134027,1598134000,27
2020/8/23 05:06,1598133967,1598133962,5
2020/8/23 05:05,1598133907,1598133907,0
2020/8/23 05:04,1598133847,1598133818,29
2020/8/23 05:03,1598133787,1598133781,6
2020/8/23 05:02,1598133727,1598133706,21
2020/8/23 05:01,1598133667,1598133644,23
2020/8/23 05:00,1598133607,1598133601,6
2020/8/23 04:59,1598133547,1598133495,52
2020/8/23 04:58,1598133487,1598133479,8
2020/8/23 04:57,1598133427,1598133401,26
2020/8/23 04:56,1598133367,1598133350,17
2020/8/23 04:55,1598133307,1598133304,3
2020/8/23 04:54,1598133247,1598133226,21
2020/8/23 04:53,1598133187,1598133108,79
2020/8/23 04:52,1598133127,1598133108,19
2020/8/23 04:51,1598133067,1598133047,20
2020/8/23 04:50,1598133007,1598132986,21
2020/8/23 04:49,1598132947,1598132945,2
2020/8/23 04:48,1598132887,1598132854,33
2020/8/23 04:47,1598132827,1598132815,12
2020/8/23 04:46,1598132767,1598132752,15
2020/8/23 04:45,1598132707,1598132707,0
2020/8/23 04:44,1598132647,1598132641,6
2020/8/23 04:43,1598132587,1598132539,48
2020/8/23 04:42,1598132527,1598132457,70
2020/8/23 04:41,1598132467,1598132457,10
2020/8/23 04:40,1598132407,1598132371,36
2020/8/23 04:39,1598132347,1598132325,22
2020/8/23 04:38,1598132287,1598132265,22
2020/8/23 04:37,1598132227,1598132213,14
2020/8/23 04:36,1598132167,1598132142,25
2020/8/23 04:35,1598132107,1598132092,15
2020/8/23 04:34,1598132047,1598132041,6
2020/8/23 04:33,1598131987,1598131906,81
2020/8/23 04:32,1598131927,1598131906,21
2020/8/23 04:31,1598131867,1598131856,11
2020/8/23 04:30,1598131807,1598131723,84
2020/8/23 04:29,1598131747,1598131723,24
2020/8/23 04:28,1598131687,1598131683,4
2020/8/23 04:27,1598131627,1598131612,15
2020/8/23 04:26,1598131567,1598131531,36
2020/8/23 04:25,1598131507,1598131464,43
2020/8/23 04:24,1598131447,1598131439,8
2020/8/23 04:23,1598131387,1598131378,9
2020/8/23 04:22,1598131327,1598131267,60
2020/8/23 04:21,1598131267,1598131267,0
2020/8/23 04:20,1598131207,1598131131,76
2020/8/23 04:19,1598131147,1598131131,16
2020/8/23 04:18,1598131087,1598131042,45
2020/8/23 04:17,1598131027,1598130952,75
2020/8/23 04:16,1598130967,1598130952,15
2020/8/23 04:15,1598130907,1598130871,36
2020/8/23 04:14,1598130847,1598130792,55
2020/8/23 04:13,1598130787,1598130777,10
2020/8/23 04:12,1598130727,1598130719,8
2020/8/23 04:11,1598130667,1598130627,40
2020/8/23 04:10,1598130607,1598130576,31
2020/8/23 04:09,1598130547,1598130526,21
2020/8/23 04:08,1598130487,1598130444,43
2020/8/23 04:07,1598130427,1598130252,175
2020/8/23 04:06,1598130367,1598130252,115
2020/8/23 04:05,1598130307,1598130252,55
2020/8/23 04:04,1598130247,1598130147,100
2020/8/23 04:03,1598130187,1598130147,40
2020/8/23 04:02,1598130127,1598130126,1
2020/8/23 04:01,1598130067,1598130067,0
2020/8/23 04:00,1598130007,1598129897,110
2020/8/23 03:59,1598129947,1598129897,50
2020/8/23 03:58,1598129887,1598129857,30
2020/8/23 03:57,1598129827,1598129814,13
2020/8/23 03:56,1598129767,1598129705,62
2020/8/23 03:55,1598129707,1598129705,2
2020/8/23 03:54,1598129647,1598129643,4
2020/8/23 03:53,1598129587,1598129491,96
2020/8/23 03:52,1598129527,1598129491,36
2020/8/23 03:51,1598129467,1598129298,169
2020/8/23 03:50,1598129407,1598129298,109
2020/8/23 03:49,1598129347,1598129298,49
2020/8/23 03:48,1598129287,1598129212,75
2020/8/23 03:47,1598129227,1598129212,15
2020/8/23 03:46,1598129167,1598129156,11
2020/8/23 03:45,1598129107,1598129070,37
2020/8/23 03:44,1598129047,1598129013,34
2020/8/23 03:43,1598128987,1598128923,64
2020/8/23 03:42,1598128927,1598128923,4
2020/8/23 03:41,1598128867,1598128820,47
2020/8/23 03:40,1598128807,1598128770,37
2020/8/23 03:39,1598128747,1598128739,8
2020/8/23 03:38,1598128687,1598128678,9
2020/8/23 03:37,1598128627,1598128626,1
2020/8/23 03:36,1598128567,1598128537,30
2020/8/23 03:35,1598128507,1598128507,0
2020/8/23 03:34,1598128447,1598128447,0
2020/8/23 03:33,1598128387,1598128323,64
2020/8/23 03:32,1598128327,1598128323,4
2020/8/23 03:31,1598128267,1598128267,0
2020/8/23 03:30,1598128207,1598128171,36
2020/8/23 03:29,1598128147,1598128059,88
2020/8/23 03:28,1598128087,1598128059,28
2020/8/23 03:27,1598128027,1598127988,39
2020/8/23 03:26,1598127967,1598127958,9
2020/8/23 03:25,1598127907,1598127904,3
2020/8/23 03:24,1598127847,1598127826,21
2020/8/23 03:23,1598127787,1598127778,9
2020/8/23 03:22,1598127727,1598127694,33
2020/8/23 03:21,1598127667,1598127623,44
2020/8/23 03:20,1598127607,1598127531,76
2020/8/23 03:19,1598127547,1598127531,16
2020/8/23 03:18,1598127487,1598127450,37
2020/8/23 03:17,1598127427,1598127410,17
2020/8/23 03:16,1598127367,1598127359,8
2020/8/23 03:15,1598127307,1598127288,19
2020/8/23 03:14,1598127247,1598127247,0
2020/8/23 03:13,1598127187,1598127096,91
2020/8/23 03:12,1598127127,1598127096,31
2020/8/23 03:11,1598127067,1598127044,23
2020/8/23 03:10,1598127007,1598126993,14
2020/8/23 03:09,1598126947,1598126881,66
2020/8/23 03:08,1598126887,1598126881,6
2020/8/23 03:07,1598126827,1598126688,139
2020/8/23 03:06,1598126767,1598126688,79
2020/8/23 03:05,1598126707,1598126688,19
2020/8/23 03:04,1598126647,1598126637,10
2020/8/23 03:03,1598126587,1598126556,31
2020/8/23 03:02,1598126527,1598126475,52
2020/8/23 03:01,1598126467,1598126444,23
2020/8/23 03:00,1598126407,1598126403,4
2020/8/23 02:59,1598126347,1598126296,51
2020/8/23 02:58,1598126287,1598126271,16
2020/8/23 02:57,1598126227,1598126225,2
2020/8/23 02:56,1598126167,1598126109,58
2020/8/23 02:55,1598126107,1598126091,16
2020/8/23 02:54,1598126047,1598126046,1
2020/8/23 02:53,1598125987,1598125987,0
2020/8/23 02:52,1598125927,1598125923,4
2020/8/23 02:51,1598125867,1598125824,43
2020/8/23 02:50,1598125807,1598125763,44
2020/8/23 02:49,1598125747,1598125732,15
2020/8/23 02:48,1598125687,1598125683,4
2020/8/23 02:47,1598125627,1598125580,47
2020/8/23 02:46,1598125567,1598125519,48
2020/8/23 02:45,1598125507,1598125448,59
2020/8/23 02:44,1598125447,1598125397,50
2020/8/23 02:43,1598125387,1598125336,51
2020/8/23 02:42,1598125328,1598125305,23
2020/8/23 02:41,1598125267,1598125202,65
2020/8/23 02:40,1598125207,1598125202,5
2020/8/23 02:39,1598125147,1598125091,56
2020/8/23 02:38,1598125087,1598125049,38
2020/8/23 02:37,1598125027,1598125019,8
2020/8/23 02:36,1598124967,1598124965,2
2020/8/23 02:35,1598124907,1598124867,40
2020/8/23 02:34,1598124847,1598124805,42
2020/8/23 02:33,1598124787,1598124785,2
2020/8/23 02:32,1598124727,1598124592,135
2020/8/23 02:31,1598124667,1598124592,75
2020/8/23 02:30,1598124607,1598124592,15
2020/8/23 02:29,1598124547,1598124449,98
2020/8/23 02:28,1598124487,1598124449,38
2020/8/23 02:27,1598124427,1598124358,69
2020/8/23 02:26,1598124367,1598124358,9
2020/8/23 02:25,1598124307,1598124267,40
2020/8/23 02:24,1598124247,1598124236,11
2020/8/23 02:23,1598124187,1598124150,37
2020/8/23 02:22,1598124127,1598124124,3
2020/8/23 02:21,1598124067,1598124052,15
2020/8/23 02:20,1598124007,1598123981,26
2020/8/23 02:19,1598123947,1598123930,17
2020/8/23 02:18,1598123887,1598123818,69
2020/8/23 02:17,1598123827,1598123818,9
2020/8/23 02:16,1598123767,1598123747,20
2020/8/23 02:15,1598123707,1598123686,21
2020/8/23 02:14,1598123647,1598123645,2
2020/8/23 02:13,1598123587,1598123585,2
2020/8/23 02:12,1598123527,1598123494,33
2020/8/23 02:11,1598123467,1598123381,86
2020/8/23 02:10,1598123407,1598123381,26
2020/8/23 02:09,1598123347,1598123335,12
2020/8/23 02:08,1598123287,1598123281,6
2020/8/23 02:07,1598123227,1598123188,39
2020/8/23 02:06,1598123167,1598123155,12
2020/8/23 02:05,1598123107,1598123036,71
2020/8/23 02:04,1598123047,1598123036,11
2020/8/23 02:03,1598122987,1598122944,43
2020/8/23 02:02,1598122927,1598122914,13
2020/8/23 02:01,1598122867,1598122853,14
2020/8/23 02:00,1598122807,1598122737,70
2020/8/23 01:59,1598122747,1598122737,10
2020/8/23 01:58,1598122687,1598122609,78
2020/8/23 01:57,1598122627,1598122609,18
2020/8/23 01:56,1598122567,1598122557,10
2020/8/23 01:55,1598122507,1598122446,61
2020/8/23 01:54,1598122447,1598122446,1
2020/8/23 01:53,1598122387,1598122354,33
2020/8/23 01:52,1598122327,1598122304,23
2020/8/23 01:51,1598122267,1598122262,5
2020/8/23 01:50,1598122207,1598122131,76
2020/8/23 01:49,1598122147,1598122131,16
2020/8/23 01:48,1598122087,1598121989,98
2020/8/23 01:47,1598122027,1598121989,38
2020/8/23 01:46,1598121967,1598121917,50
2020/8/23 01:45,1598121907,1598121876,31
2020/8/23 01:44,1598121847,1598121847,0
2020/8/23 01:43,1598121787,1598121765,22
2020/8/23 01:42,1598121727,1598121693,34
2020/8/23 01:41,1598121667,1598121642,25
2020/8/23 01:40,1598121607,1598121530,77
2020/8/23 01:39,1598121547,1598121530,17
2020/8/23 01:38,1598121487,1598121459,28
2020/8/23 01:37,1598121427,1598121368,59
2020/8/23 01:36,1598121367,1598121368,-1
2020/8/23 01:35,1598121307,1598121306,1
2020/8/23 01:34,1598121247,1598121246,1
2020/8/23 01:33,1598121188,1598121184,4
2020/8/23 01:32,1598121127,1598121113,14
2020/8/23 01:31,1598121067,1598121062,5
2020/8/23 01:30,1598121007,1598120990,17
2020/8/23 01:29,1598120947,1598120929,18
2020/8/23 01:28,1598120887,1598120880,7
2020/8/23 01:27,1598120827,1598120828,-1
2020/8/23 01:26,1598120767,1598120736,31
2020/8/23 01:25,1598120707,1598120679,28
2020/8/23 01:24,1598120647,1598120592,55
2020/8/23 01:23,1598120587,1598120542,45
2020/8/23 01:22,1598120527,1598120481,46
2020/8/23 01:21,1598120467,1598120388,79
2020/8/23 01:20,1598120407,1598120388,19
2020/8/23 01:19,1598120347,1598120318,29
2020/8/23 01:18,1598120287,1598120287,0
2020/8/23 01:17,1598120227,1598120205,22
2020/8/23 01:16,1598120167,1598120145,22
2020/8/23 01:15,1598120107,1598120013,94
2020/8/23 01:14,1598120047,1598120013,34
2020/8/23 01:13,1598119987,1598119932,55
2020/8/23 01:12,1598119927,1598119891,36
2020/8/23 01:11,1598119867,1598119866,1
2020/8/23 01:10,1598119807,1598119799,8
2020/8/23 01:09,1598119747,1598119728,19
2020/8/23 01:08,1598119687,1598119687,0
2020/8/23 01:07,1598119627,1598119545,82
2020/8/23 01:06,1598119567,1598119545,22
2020/8/23 01:05,1598119507,1598119493,14
2020/8/23 01:04,1598119447,1598119444,3
2020/8/23 01:03,1598119387,1598119385,2
2020/8/23 01:02,1598119327,1598119321,6
2020/8/23 01:01,1598119267,1598119261,6
2020/8/23 01:00,1598119207,1598119203,4
2020/8/23 00:59,1598119147,1598119138,9
2020/8/23 00:58,1598119087,1598119087,0
2020/8/23 00:57,1598119027,1598119020,7
2020/8/23 00:56,1598118967,1598118965,2
2020/8/23 00:55,1598118907,1598118894,13
2020/8/23 00:54,1598118847,1598118803,44
2020/8/23 00:53,1598118787,1598118762,25
2020/8/23 00:52,1598118727,1598118701,26
2020/8/23 00:51,1598118667,1598118661,6
2020/8/23 00:50,1598118607,1598118575,32
2020/8/23 00:49,1598118547,1598118505,42
2020/8/23 00:48,1598118487,1598118457,30
2020/8/23 00:47,1598118427,1598118406,21
2020/8/23 00:46,1598118367,1598118336,31
2020/8/23 00:45,1598118307,1598118244,63
2020/8/23 00:44,1598118247,1598118244,3
2020/8/23 00:43,1598118187,1598118172,15
2020/8/23 00:42,1598118127,1598118122,5
2020/8/23 00:41,1598118067,1598117989,78
2020/8/23 00:40,1598118007,1598117989,18
2020/8/23 00:39,1598117947,1598117928,19
2020/8/23 00:38,1598117887,1598117836,51
2020/8/23 00:37,1598117827,1598117796,31
2020/8/23 00:36,1598117767,1598117714,53
2020/8/23 00:35,1598117707,1598117671,36
2020/8/23 00:34,1598117647,1598117612,35
2020/8/23 00:33,1598117587,1598117576,11
2020/8/23 00:32,1598117527,1598117490,37
2020/8/23 00:31,1598117467,1598117449,18
2020/8/23 00:30,1598117407,1598117368,39
2020/8/23 00:29,1598117347,1598117295,52
2020/8/23 00:28,1598117287,1598117286,1
2020/8/23 00:27,1598117227,1598117212,15
2020/8/23 00:26,1598117167,1598117143,24
2020/8/23 00:25,1598117107,1598117015,92
2020/8/23 00:24,1598117047,1598117015,32
2020/8/23 00:23,1598116987,1598116940,47
2020/8/23 00:22,1598116927,1598116920,7
2020/8/23 00:21,1598116867,1598116837,30
2020/8/23 00:20,1598116807,1598116798,9
2020/8/23 00:19,1598116747,1598116741,6
2020/8/23 00:18,1598116687,1598116675,12
2020/8/23 00:17,1598116627,1598116607,20
2020/8/23 00:16,1598116567,1598116543,24
2020/8/23 00:15,1598116507,1598116482,25
2020/8/23 00:14,1598116447,1598116381,66
2020/8/23 00:13,1598116387,1598116381,6
2020/8/23 00:12,1598116327,1598116320,7
2020/8/23 00:11,1598116267,1598116267,0
2020/8/23 00:10,1598116207,1598116157,50
2020/8/23 00:09,1598116147,1598116127,20
2020/8/23 00:08,1598116087,1598116055,32
2020/8/23 00:07,1598116027,1598116014,13
2020/8/23 00:06,1598115967,1598115966,1
2020/8/23 00:05,1598115907,1598115893,14
2020/8/23 00:04,1598115847,1598115821,26
2020/8/23 00:03,1598115787,1598115760,27
2020/8/23 00:02,1598115727,1598115727,0
2020/8/23 00:01,1598115667,1598115585,82
2020/8/23 00:00,1598115607,1598115585,22
2020/8/22 23:59,1598115547,1598115473,74
2020/8/22 23:58,1598115487,1598115473,14
2020/8/22 23:57,1598115427,1598115418,9
2020/8/22 23:56,1598115367,1598115361,6
2020/8/22 23:55,1598115307,1598115290,17
2020/8/22 23:54,1598115247,1598115240,7
2020/8/22 23:53,1598115187,1598115153,34
2020/8/22 23:52,1598115127,1598115077,50
2020/8/22 23:51,1598115067,1598115036,31
2020/8/22 23:50,1598115007,1598114985,22
2020/8/22 23:49,1598114947,1598114947,0
2020/8/22 23:48,1598114887,1598114858,29
2020/8/22 23:47,1598114827,1598114761,66
2020/8/22 23:46,1598114767,1598114761,6
2020/8/22 23:45,1598114707,1598114690,17
2020/8/22 23:44,1598114647,1598114589,58
2020/8/22 23:43,1598114587,1598114548,39
2020/8/22 23:42,1598114527,1598114455,72
2020/8/22 23:41,1598114467,1598114455,12
2020/8/22 23:40,1598114407,1598114405,2
2020/8/22 23:39,1598114347,1598114314,33
2020/8/22 23:38,1598114287,1598114273,14
2020/8/22 23:37,1598114227,1598114215,12
2020/8/22 23:36,1598114167,1598114165,2
2020/8/22 23:35,1598114107,1598114100,7
2020/8/22 23:34,1598114047,1598114000,47
2020/8/22 23:33,1598113987,1598113986,1
2020/8/22 23:32,1598113927,1598113897,30
2020/8/22 23:31,1598113867,1598113847,20
2020/8/22 23:30,1598113807,1598113805,2
2020/8/22 23:29,1598113747,1598113663,84
2020/8/22 23:28,1598113687,1598113663,24
2020/8/22 23:27,1598113627,1598113582,45
2020/8/22 23:26,1598113567,1598113490,77
2020/8/22 23:25,1598113507,1598113490,17
2020/8/22 23:24,1598113447,1598113368,79
2020/8/22 23:23,1598113387,1598113368,19
2020/8/22 23:22,1598113327,1598113285,42
2020/8/22 23:21,1598113267,1598113236,31
2020/8/22 23:20,1598113207,1598113195,12
2020/8/22 23:19,1598113147,1598113139,8
2020/8/22 23:18,1598113087,1598113062,25
2020/8/22 23:17,1598113027,1598113023,4
2020/8/22 23:16,1598112967,1598112963,4
2020/8/22 23:15,1598112907,1598112829,78
2020/8/22 23:14,1598112847,1598112829,18
2020/8/22 23:13,1598112787,1598112779,8
2020/8/22 23:12,1598112727,1598112718,9
2020/8/22 23:11,1598112667,1598112605,62
2020/8/22 23:10,1598112607,1598112605,2
2020/8/22 23:09,1598112547,1598112524,23
2020/8/22 23:08,1598112487,1598112452,35
2020/8/22 23:07,1598112427,1598112351,76
2020/8/22 23:06,1598112367,1598112351,16
2020/8/22 23:05,1598112307,1598112229,78
2020/8/22 23:04,1598112247,1598112229,18
2020/8/22 23:03,1598112187,1598112178,9
2020/8/22 23:02,1598112127,1598112126,1
2020/8/22 23:01,1598112067,1598112005,62
2020/8/22 23:00,1598112007,1598112005,2
2020/8/22 22:59,1598111947,1598111916,31
2020/8/22 22:58,1598111887,1598111883,4
2020/8/22 22:57,1598111827,1598111781,46
2020/8/22 22:56,1598111767,1598111710,57
2020/8/22 22:55,1598111707,1598111670,37
2020/8/22 22:54,1598111647,1598111640,7
2020/8/22 22:53,1598111587,1598111576,11
2020/8/22 22:52,1598111527,1598111520,7
2020/8/22 22:51,1598111467,1598111466,1
2020/8/22 22:50,1598111407,1598111407,0
2020/8/22 22:49,1598111347,1598111343,4
2020/8/22 22:48,1598111287,1598111280,7
2020/8/22 22:47,1598111227,1598111170,57
2020/8/22 22:46,1598111167,1598111149,18
2020/8/22 22:45,1598111107,1598111037,70
2020/8/22 22:44,1598111047,1598111037,10
2020/8/22 22:43,1598110987,1598110856,131
2020/8/22 22:42,1598110927,1598110856,71
2020/8/22 22:41,1598110867,1598110856,11
2020/8/22 22:40,1598110807,1598110761,46
2020/8/22 22:39,1598110747,1598110736,11
2020/8/22 22:38,1598110687,1598110680,7
2020/8/22 22:37,1598110627,1598110603,24
2020/8/22 22:36,1598110567,1598110457,110
2020/8/22 22:35,1598110507,1598110457,50
2020/8/22 22:34,1598110447,1598110440,7
2020/8/22 22:33,1598110387,1598110388,-1
2020/8/22 22:32,1598110327,1598110284,43
2020/8/22 22:31,1598110267,1598110243,24
2020/8/22 22:30,1598110207,1598110142,65
2020/8/22 22:29,1598110147,1598110142,5
2020/8/22 22:28,1598110087,1598109990,97
2020/8/22 22:27,1598110027,1598109990,37
2020/8/22 22:26,1598109967,1598109964,3
2020/8/22 22:25,1598109907,1598109888,19
2020/8/22 22:24,1598109847,1598109816,31
2020/8/22 22:23,1598109787,1598109787,0
2020/8/22 22:22,1598109727,1598109712,15
2020/8/22 22:21,1598109667,1598109666,1
2020/8/22 22:20,1598109607,1598109583,24
2020/8/22 22:19,1598109547,1598109544,3
2020/8/22 22:18,1598109487,1598109457,30
2020/8/22 22:17,1598109427,1598109390,37
2020/8/22 22:16,1598109367,1598109304,63
2020/8/22 22:15,1598109307,1598109304,3
2020/8/22 22:14,1598109247,1598109238,9
2020/8/22 22:13,1598109187,1598109178,9
2020/8/22 22:12,1598109127,1598109106,21
2020/8/22 22:11,1598109067,1598109025,42
2020/8/22 22:10,1598109007,1598108974,33
2020/8/22 22:09,1598108947,1598108929,18
2020/8/22 22:08,1598108887,1598108801,86
2020/8/22 22:07,1598108827,1598108801,26
2020/8/22 22:06,1598108767,1598108689,78
2020/8/22 22:05,1598108707,1598108689,18
2020/8/22 22:04,1598108647,1598108608,39
2020/8/22 22:03,1598108588,1598108405,183
2020/8/22 22:02,1598108527,1598108405,122
2020/8/22 22:01,1598108467,1598108405,62
2020/8/22 22:00,1598108407,1598108405,2
2020/8/22 21:59,1598108347,1598108323,24
2020/8/22 21:58,1598108287,1598108222,65
2020/8/22 21:57,1598108227,1598108222,5
2020/8/22 21:56,1598108167,1598108141,26
2020/8/22 21:55,1598108107,1598108060,47
2020/8/22 21:54,1598108047,1598107888,159
2020/8/22 21:53,1598107987,1598107888,99
2020/8/22 21:52,1598107927,1598107888,39
2020/8/22 21:51,1598107867,1598107745,122
2020/8/22 21:50,1598107807,1598107745,62
2020/8/22 21:49,1598107747,1598107745,2
2020/8/22 21:48,1598107687,1598107672,15
2020/8/22 21:47,1598107627,1598107626,1
2020/8/22 21:46,1598107567,1598107565,2
2020/8/22 21:45,1598107507,1598107481,26
2020/8/22 21:44,1598107447,1598107370,77
2020/8/22 21:43,1598107387,1598107370,17
2020/8/22 21:42,1598107327,1598107309,18
2020/8/22 21:41,1598107267,1598107197,70
2020/8/22 21:40,1598107207,1598107197,10
2020/8/22 21:39,1598107147,1598107146,1
2020/8/22 21:38,1598107087,1598107075,12
2020/8/22 21:37,1598107027,1598106994,33
2020/8/22 21:36,1598106967,1598106965,2
2020/8/22 21:35,1598106907,1598106893,14
2020/8/22 21:34,1598106847,1598106842,5
2020/8/22 21:33,1598106787,1598106780,7
2020/8/22 21:32,1598106727,1598106699,28
2020/8/22 21:31,1598106667,1598106618,49
2020/8/22 21:30,1598106607,1598106537,70
2020/8/22 21:29,1598106547,1598106537,10
2020/8/22 21:28,1598106487,1598106435,52
2020/8/22 21:27,1598106427,1598106411,16
2020/8/22 21:26,1598106367,1598106362,5
2020/8/22 21:25,1598106307,1598106253,54
2020/8/22 21:24,1598106247,1598106162,85
2020/8/22 21:23,1598106187,1598106162,25
2020/8/22 21:22,1598106127,1598106028,99
2020/8/22 21:21,1598106067,1598106028,39
2020/8/22 21:20,1598106007,1598105987,20
2020/8/22 21:19,1598105947,1598105851,96
2020/8/22 21:18,1598105887,1598105851,36
2020/8/22 21:17,1598105827,1598105814,13
2020/8/22 21:16,1598105767,1598105733,34
2020/8/22 21:15,1598105707,1598105688,19
2020/8/22 21:14,1598105647,1598105611,36
2020/8/22 21:13,1598105587,1598105580,7
2020/8/22 21:12,1598105527,1598105509,18
2020/8/22 21:11,1598105467,1598105410,57
2020/8/22 21:10,1598105407,1598105387,20
2020/8/22 21:09,1598105347,1598105340,7
2020/8/22 21:08,1598105287,1598105278,9
2020/8/22 21:07,1598105227,1598105194,33
2020/8/22 21:06,1598105167,1598105123,44
2020/8/22 21:05,1598105107,1598105062,45
2020/8/22 21:04,1598105047,1598105008,39
2020/8/22 21:03,1598104987,1598104951,36
2020/8/22 21:02,1598104927,1598104865,62
2020/8/22 21:01,1598104867,1598104865,2
2020/8/22 21:00,1598104807,1598104805,2
2020/8/22 20:59,1598104747,1598104718,29
2020/8/22 20:58,1598104687,1598104686,1
2020/8/22 20:57,1598104627,1598104619,8
2020/8/22 20:56,1598104567,1598104560,7
2020/8/22 20:55,1598104507,1598104484,23
2020/8/22 20:54,1598104447,1598104440,7
2020/8/22 20:53,1598104387,1598104372,15
2020/8/22 20:52,1598104327,1598104301,26
2020/8/22 20:51,1598104267,1598104200,67
2020/8/22 20:50,1598104207,1598104200,7
2020/8/22 20:49,1598104147,1598104139,8
2020/8/22 20:48,1598104087,1598104088,-1
2020/8/22 20:47,1598104027,1598104016,11
2020/8/22 20:46,1598103967,1598103886,81
2020/8/22 20:45,1598103907,1598103886,21
2020/8/22 20:44,1598103847,1598103763,84
2020/8/22 20:43,1598103787,1598103763,24
2020/8/22 20:42,1598103727,1598103692,35
2020/8/22 20:41,1598103667,1598103643,24
2020/8/22 20:40,1598103607,1598103600,7
2020/8/22 20:39,1598103547,1598103509,38
2020/8/22 20:38,1598103487,1598103479,8
2020/8/22 20:37,1598103427,1598103398,29
2020/8/22 20:36,1598103367,1598103316,51
2020/8/22 20:35,1598103307,1598103300,7
2020/8/22 20:34,1598103247,1598103197,50
2020/8/22 20:33,1598103187,1598103184,3
2020/8/22 20:32,1598103127,1598103093,34
2020/8/22 20:31,1598103067,1598103067,0
2020/8/22 20:30,1598103007,1598102940,67
2020/8/22 20:29,1598102947,1598102940,7
2020/8/22 20:28,1598102887,1598102848,39
2020/8/22 20:27,1598102827,1598102823,4
2020/8/22 20:26,1598102767,1598102758,9
2020/8/22 20:25,1598102707,1598102686,21
2020/8/22 20:24,1598102647,1598102604,43
2020/8/22 20:23,1598102587,1598102575,12
2020/8/22 20:22,1598102527,1598102430,97
2020/8/22 20:21,1598102467,1598102430,37
2020/8/22 20:20,1598102407,1598102389,18
2020/8/22 20:19,1598102347,1598102318,29
2020/8/22 20:18,1598102287,1598102267,20
2020/8/22 20:17,1598102227,1598102196,31
2020/8/22 20:16,1598102167,1598102125,42
2020/8/22 20:15,1598102107,1598102087,20
2020/8/22 20:14,1598102047,1598102033,14
2020/8/22 20:13,1598101987,1598101984,3
2020/8/22 20:12,1598101927,1598101922,5
2020/8/22 20:11,1598101867,1598101860,7
2020/8/22 20:10,1598101807,1598101804,3
2020/8/22 20:09,1598101747,1598101745,2
2020/8/22 20:08,1598101687,1598101687,0
2020/8/22 20:07,1598101627,1598101582,45
2020/8/22 20:06,1598101567,1598101534,33
2020/8/22 20:05,1598101507,1598101432,75
2020/8/22 20:04,1598101447,1598101432,15
2020/8/22 20:03,1598101388,1598101375,13
2020/8/22 20:02,1598101327,1598101279,48
2020/8/22 20:01,1598101267,1598101248,19
2020/8/22 20:00,1598101207,1598101187,20
2020/8/22 19:59,1598101147,1598101095,52
2020/8/22 19:58,1598101087,1598101065,22
2020/8/22 19:57,1598101027,1598101000,27
2020/8/22 19:56,1598100967,1598100952,15
2020/8/22 19:55,1598100907,1598100891,16
2020/8/22 19:54,1598100847,1598100829,18
2020/8/22 19:53,1598100787,1598100780,7
2020/8/22 19:52,1598100727,1598100676,51
2020/8/22 19:51,1598100667,1598100665,2
2020/8/22 19:50,1598100607,1598100584,23
2020/8/22 19:49,1598100547,1598100524,23
2020/8/22 19:48,1598100487,1598100483,4
2020/8/22 19:47,1598100427,1598100422,5
2020/8/22 19:46,1598100367,1598100354,13
2020/8/22 19:45,1598100307,1598100269,38
2020/8/22 19:44,1598100247,1598100167,80
2020/8/22 19:43,1598100187,1598100167,20
2020/8/22 19:42,1598100127,1598100101,26
2020/8/22 19:41,1598100068,1598100062,6
2020/8/22 19:40,1598100007,1598099865,142
2020/8/22 19:39,1598099947,1598099865,82
2020/8/22 19:38,1598099887,1598099865,22
2020/8/22 19:37,1598099827,1598099768,59
2020/8/22 19:36,1598099767,1598099731,36
2020/8/22 19:35,1598099707,1598099707,0
2020/8/22 19:34,1598099647,1598099646,1
2020/8/22 19:33,1598099587,1598099545,42
2020/8/22 19:32,1598099527,1598099481,46
2020/8/22 19:31,1598099467,1598099463,4
2020/8/22 19:30,1598099407,1598099402,5
2020/8/22 19:29,1598099347,1598099218,129
2020/8/22 19:28,1598099287,1598099218,69
2020/8/22 19:27,1598099227,1598099218,9
2020/8/22 19:26,1598099167,1598099086,81
2020/8/22 19:25,1598099107,1598099086,21
2020/8/22 19:24,1598099047,1598099046,1
2020/8/22 19:23,1598098987,1598098974,13
2020/8/22 19:22,1598098927,1598098892,35
2020/8/22 19:21,1598098867,1598098842,25
2020/8/22 19:20,1598098807,1598098800,7
2020/8/22 19:19,1598098747,1598098719,28
2020/8/22 19:18,1598098687,1598098627,60
2020/8/22 19:17,1598098627,1598098627,0
2020/8/22 19:16,1598098567,1598098542,25
2020/8/22 19:15,1598098507,1598098505,2
2020/8/22 19:14,1598098447,1598098394,53
2020/8/22 19:13,1598098387,1598098292,95
2020/8/22 19:12,1598098327,1598098292,35
2020/8/22 19:11,1598098267,1598098190,77
2020/8/22 19:10,1598098207,1598098190,17
2020/8/22 19:09,1598098147,1598098016,131
2020/8/22 19:08,1598098087,1598098016,71
2020/8/22 19:07,1598098027,1598098016,11
2020/8/22 19:06,1598097967,1598097602,365
2020/8/22 19:05,1598097907,1598097602,305
2020/8/22 19:04,1598097847,1598097602,245
2020/8/22 19:03,1598097787,1598097602,185
2020/8/22 19:02,1598097727,1598097602,125
2020/8/22 19:01,1598097667,1598097602,65
2020/8/22 19:00,1598097607,1598097602,5
2020/8/22 18:59,1598097547,1598097435,112
2020/8/22 18:58,1598097487,1598097435,52
2020/8/22 18:57,1598097427,1598096936,491
2020/8/22 18:56,1598097367,1598096936,431
2020/8/22 18:55,1598097307,1598096936,371
2020/8/22 18:54,1598097247,1598096936,311
2020/8/22 18:53,1598097187,1598096936,251
2020/8/22 18:52,1598097127,1598096936,191
2020/8/22 18:51,1598097067,1598096936,131
2020/8/22 18:50,1598097007,1598096936,71
2020/8/22 18:49,1598096947,1598096936,11
2020/8/22 18:48,1598096887,1598096880,7
2020/8/22 18:47,1598096827,1598096680,147
2020/8/22 18:46,1598096767,1598096680,87
2020/8/22 18:45,1598096707,1598096680,27
2020/8/22 18:44,1598096647,1598096577,70
2020/8/22 18:43,1598096587,1598096577,10
2020/8/22 18:42,1598096527,1598096513,14
2020/8/22 18:41,1598096467,1598096460,7
2020/8/22 18:40,1598096407,1598096301,106
2020/8/22 18:39,1598096347,1598096301,46
2020/8/22 18:38,1598096287,1598096152,135
2020/8/22 18:37,1598096227,1598096152,75
2020/8/22 18:36,1598096167,1598096152,15
2020/8/22 18:35,1598096107,1598095905,202
2020/8/22 18:34,1598096047,1598095905,142
2020/8/22 18:33,1598095987,1598095905,82
2020/8/22 18:32,1598095927,1598095905,22
2020/8/22 18:31,1598095867,1598095843,24
2020/8/22 18:30,1598095807,1598095803,4
2020/8/22 18:29,1598095747,1598095722,25
2020/8/22 18:28,1598095687,1598095417,270
2020/8/22 18:27,1598095627,1598095417,210
2020/8/22 18:26,1598095567,1598095417,150
2020/8/22 18:25,1598095507,1598095417,90
2020/8/22 18:24,1598095447,1598095417,30
2020/8/22 18:23,1598095387,1598095388,-1
2020/8/22 18:22,1598095327,1598095287,40
2020/8/22 18:21,1598095267,1598095254,13
2020/8/22 18:20,1598095207,1598095152,55
2020/8/22 18:19,1598095147,1598095081,66
2020/8/22 18:18,1598095087,1598095081,6
2020/8/22 18:17,1598095027,1598094949,78
2020/8/22 18:16,1598094967,1598094949,18
2020/8/22 18:15,1598094907,1598094905,2
2020/8/22 18:14,1598094847,1598094789,58
2020/8/22 18:13,1598094787,1598094765,22
2020/8/22 18:12,1598094727,1598094726,1
2020/8/22 18:11,1598094667,1598094666,1
2020/8/22 18:10,1598094607,1598094431,176
2020/8/22 18:09,1598094547,1598094431,116
2020/8/22 18:08,1598094487,1598094431,56
2020/8/22 18:07,1598094427,1598094427,0
2020/8/22 18:06,1598094367,1598094344,23
2020/8/22 18:05,1598094307,1598094248,59
2020/8/22 18:04,1598094247,1598094247,0
2020/8/22 18:03,1598094187,1598094152,35
2020/8/22 18:02,1598094127,1598094078,49
2020/8/22 18:01,1598094067,1598094067,0
2020/8/22 18:00,1598094007,1598093930,77
2020/8/22 17:59,1598093947,1598093930,17
2020/8/22 17:58,1598093887,1598093870,17
2020/8/22 17:57,1598093827,1598093809,18
2020/8/22 17:56,1598093767,1598093757,10
2020/8/22 17:55,1598093707,1598093696,11
2020/8/22 17:54,1598093647,1598093548,99
2020/8/22 17:53,1598093587,1598093548,39
2020/8/22 17:52,1598093527,1598093480,47
2020/8/22 17:51,1598093467,1598093468,-1
2020/8/22 17:50,1598093407,1598093370,37
2020/8/22 17:49,1598093347,1598093215,132
2020/8/22 17:48,1598093287,1598093215,72
2020/8/22 17:47,1598093227,1598093215,12
2020/8/22 17:46,1598093167,1598093124,43
2020/8/22 17:45,1598093107,1598093099,8
2020/8/22 17:44,1598093047,1598093030,17
2020/8/22 17:43,1598092987,1598092959,28
2020/8/22 17:42,1598092927,1598092898,29
2020/8/22 17:41,1598092867,1598092804,63
2020/8/22 17:40,1598092807,1598092804,3
2020/8/22 17:39,1598092747,1598092723,24
2020/8/22 17:38,1598092687,1598092682,5
2020/8/22 17:37,1598092627,1598092620,7
2020/8/22 17:36,1598092567,1598092549,18
2020/8/22 17:35,1598092507,1598092498,9
2020/8/22 17:34,1598092447,1598092430,17
2020/8/22 17:33,1598092387,1598092385,2
2020/8/22 17:32,1598092327,1598092262,65
2020/8/22 17:31,1598092267,1598092262,5
2020/8/22 17:30,1598092207,1598092200,7
2020/8/22 17:29,1598092147,1598092147,0
2020/8/22 17:28,1598092087,1598092066,21
2020/8/22 17:27,1598092027,1598092006,21
2020/8/22 17:26,1598091967,1598091927,40
2020/8/22 17:25,1598091907,1598091880,27
2020/8/22 17:24,1598091847,1598091844,3
2020/8/22 17:23,1598091787,1598091777,10
2020/8/22 17:22,1598091727,1598091715,12
2020/8/22 17:21,1598091667,1598091664,3
2020/8/22 17:20,1598091607,1598091607,0
2020/8/22 17:19,1598091547,1598091547,0
2020/8/22 17:18,1598091487,1598091483,4
2020/8/22 17:17,1598091427,1598091424,3
2020/8/22 17:16,1598091367,1598091345,22
2020/8/22 17:15,1598091307,1598091305,2
2020/8/22 17:14,1598091247,1598091232,15
2020/8/22 17:13,1598091187,1598091151,36
2020/8/22 17:12,1598091127,1598091101,26
2020/8/22 17:11,1598091067,1598091030,37
2020/8/22 17:10,1598091007,1598091006,1
2020/8/22 17:09,1598090947,1598090946,1
2020/8/22 17:08,1598090887,1598090887,0
2020/8/22 17:07,1598090827,1598090819,8
2020/8/22 17:06,1598090767,1598090753,14
2020/8/22 17:05,1598090707,1598090702,5
2020/8/22 17:04,1598090647,1598090641,6
2020/8/22 17:03,1598090587,1598090557,30
2020/8/22 17:02,1598090527,1598090487,40
2020/8/22 17:01,1598090467,1598090463,4
2020/8/22 17:00,1598090407,1598090405,2
2020/8/22 16:59,1598090347,1598090343,4
2020/8/22 16:58,1598090287,1598090282,5
2020/8/22 16:57,1598090227,1598090158,69
2020/8/22 16:56,1598090167,1598090158,9
2020/8/22 16:55,1598090107,1598090087,20
2020/8/22 16:54,1598090047,1598090025,22
2020/8/22 16:53,1598089987,1598089984,3
2020/8/22 16:52,1598089927,1598089891,36
2020/8/22 16:51,1598089867,1598089819,48
2020/8/22 16:50,1598089807,1598089737,70
2020/8/22 16:49,1598089747,1598089737,10
2020/8/22 16:48,1598089687,1598089666,21
2020/8/22 16:47,1598089627,1598089624,3
2020/8/22 16:46,1598089567,1598089539,28
2020/8/22 16:45,1598089507,1598089440,67
2020/8/22 16:44,1598089447,1598089440,7
2020/8/22 16:43,1598089387,1598089368,19
2020/8/22 16:42,1598089327,1598089124,203
2020/8/22 16:41,1598089267,1598089124,143
2020/8/22 16:40,1598089207,1598089124,83
2020/8/22 16:39,1598089147,1598089124,23
2020/8/22 16:38,1598089087,1598089051,36
2020/8/22 16:37,1598089027,1598088994,33
2020/8/22 16:36,1598088967,1598088936,31
2020/8/22 16:35,1598088907,1598088898,9
2020/8/22 16:34,1598088847,1598088786,61
2020/8/22 16:33,1598088787,1598088786,1
2020/8/22 16:32,1598088727,1598088673,54
2020/8/22 16:31,1598088667,1598088572,95
2020/8/22 16:30,1598088607,1598088572,35
2020/8/22 16:29,1598088547,1598088540,7
2020/8/22 16:28,1598088487,1598088480,7
2020/8/22 16:27,1598088427,1598088390,37
2020/8/22 16:26,1598088367,1598088366,1
2020/8/22 16:25,1598088307,1598088270,37
2020/8/22 16:24,1598088247,1598088233,14
2020/8/22 16:23,1598088187,1598088173,14
2020/8/22 16:22,1598088127,1598088126,1
2020/8/22 16:21,1598088067,1598088051,16
2020/8/22 16:20,1598088007,1598087987,20
2020/8/22 16:19,1598087947,1598087916,31
2020/8/22 16:18,1598087887,1598087855,32
2020/8/22 16:17,1598087827,1598087732,95
2020/8/22 16:16,1598087767,1598087732,35
2020/8/22 16:15,1598087707,1598087671,36
2020/8/22 16:14,1598087647,1598087647,0
2020/8/22 16:13,1598087587,1598087587,0
2020/8/22 16:12,1598087527,1598087477,50
2020/8/22 16:11,1598087467,1598087456,11
2020/8/22 16:10,1598087407,1598087404,3
2020/8/22 16:09,1598087347,1598087335,12
2020/8/22 16:08,1598087287,1598087221,66
2020/8/22 16:07,1598087227,1598087221,6
2020/8/22 16:06,1598087167,1598087155,12
2020/8/22 16:05,1598087107,1598087107,0
2020/8/22 16:04,1598087047,1598087038,9
2020/8/22 16:03,1598086987,1598086984,3
2020/8/22 16:02,1598086927,1598086853,74
2020/8/22 16:01,1598086867,1598086853,14
2020/8/22 16:00,1598086807,1598086778,29
2020/8/22 15:59,1598086747,1598086731,16
2020/8/22 15:58,1598086687,1598086644,43
2020/8/22 15:57,1598086627,1598086622,5
2020/8/22 15:56,1598086567,1598086525,42
2020/8/22 15:55,1598086507,1598086485,22
2020/8/22 15:54,1598086447,1598086444,3
2020/8/22 15:53,1598086387,1598086383,4
2020/8/22 15:52,1598086327,1598086322,5
2020/8/22 15:51,1598086267,1598086255,12
2020/8/22 15:50,1598086207,1598086167,40
2020/8/22 15:49,1598086147,1598086147,0
2020/8/22 15:48,1598086087,1598085987,100
2020/8/22 15:47,1598086027,1598085987,40
2020/8/22 15:46,1598085967,1598085966,1
2020/8/22 15:45,1598085907,1598085865,42
2020/8/22 15:44,1598085847,1598085774,73
2020/8/22 15:43,1598085787,1598085774,13
2020/8/22 15:42,1598085727,1598085683,44
2020/8/22 15:41,1598085667,1598085612,55
2020/8/22 15:40,1598085607,1598085602,5
2020/8/22 15:39,1598085547,1598085500,47
2020/8/22 15:38,1598085487,1598085480,7
2020/8/22 15:37,1598085427,1598085334,93
2020/8/22 15:36,1598085367,1598085334,33
2020/8/22 15:35,1598085307,1598085307,0
2020/8/22 15:34,1598085247,1598085216,31
2020/8/22 15:33,1598085187,1598085113,74
2020/8/22 15:32,1598085127,1598085113,14
2020/8/22 15:31,1598085067,1598085053,14
2020/8/22 15:30,1598085007,1598085001,6
2020/8/22 15:29,1598084947,1598084937,10
2020/8/22 15:28,1598084887,1598084859,28
2020/8/22 15:27,1598084827,1598084819,8
2020/8/22 15:26,1598084767,1598084758,9
2020/8/22 15:25,1598084707,1598084707,0
2020/8/22 15:24,1598084647,1598084646,1
2020/8/22 15:23,1598084587,1598084577,10
2020/8/22 15:22,1598084527,1598084524,3
2020/8/22 15:21,1598084467,1598084464,3
2020/8/22 15:20,1598084407,1598084362,45
2020/8/22 15:19,1598084347,1598084347,0
2020/8/22 15:18,1598084287,1598084240,47
2020/8/22 15:17,1598084227,1598084179,48
2020/8/22 15:16,1598084167,1598084137,30
2020/8/22 15:15,1598084107,1598084102,5
2020/8/22 15:14,1598084047,1598084047,0
2020/8/22 15:13,1598083987,1598083966,21
2020/8/22 15:12,1598083927,1598083912,15
2020/8/22 15:11,1598083867,1598083854,13
2020/8/22 15:10,1598083807,1598083787,20
2020/8/22 15:09,1598083747,1598083734,13
2020/8/22 15:08,1598083687,1598083663,24
2020/8/22 15:07,1598083627,1598083626,1
2020/8/22 15:06,1598083567,1598083498,69
2020/8/22 15:05,1598083507,1598083498,9
2020/8/22 15:04,1598083447,1598083441,6
2020/8/22 15:03,1598083387,1598083376,11
2020/8/22 15:02,1598083327,1598083315,12
2020/8/22 15:01,1598083267,1598083131,136
2020/8/22 15:00,1598083207,1598083131,76
2020/8/22 14:59,1598083147,1598083131,16
2020/8/22 14:58,1598083087,1598083085,2
2020/8/22 14:57,1598083027,1598083017,10
2020/8/22 14:56,1598082967,1598082950,17
2020/8/22 14:55,1598082907,1598082902,5
2020/8/22 14:54,1598082847,1598082837,10
2020/8/22 14:53,1598082787,1598082695,92
2020/8/22 14:52,1598082727,1598082695,32
2020/8/22 14:51,1598082667,1598082593,74
2020/8/22 14:50,1598082607,1598082593,14
2020/8/22 14:49,1598082547,1598082512,35
2020/8/22 14:48,1598082487,1598082478,9
2020/8/22 14:47,1598082427,1598082411,16
2020/8/22 14:46,1598082367,1598082320,47
2020/8/22 14:45,1598082307,1598082270,37
2020/8/22 14:44,1598082247,1598082173,74
2020/8/22 14:43,1598082187,1598082173,14
2020/8/22 14:42,1598082127,1598082065,62
2020/8/22 14:41,1598082067,1598082065,2
2020/8/22 14:40,1598082007,1598081945,62
2020/8/22 14:39,1598081947,1598081945,2
2020/8/22 14:38,1598081887,1598081878,9
2020/8/22 14:37,1598081827,1598081814,13
2020/8/22 14:36,1598081767,1598081767,0
2020/8/22 14:35,1598081707,1598081690,17
2020/8/22 14:34,1598081647,1598081558,89
2020/8/22 14:33,1598081587,1598081558,29
2020/8/22 14:32,1598081527,1598081507,20
2020/8/22 14:31,1598081467,1598081464,3
2020/8/22 14:30,1598081407,1598081375,32
2020/8/22 14:29,1598081347,1598081304,43
2020/8/22 14:28,1598081287,1598081264,23
2020/8/22 14:27,1598081227,1598081162,65
2020/8/22 14:26,1598081167,1598081162,5
2020/8/22 14:25,1598081107,1598081101,6
2020/8/22 14:24,1598081047,1598081030,17
2020/8/22 14:23,1598080987,1598080979,8
2020/8/22 14:22,1598080927,1598080908,19
2020/8/22 14:21,1598080867,1598080826,41
2020/8/22 14:20,1598080807,1598080592,215
2020/8/22 14:19,1598080747,1598080592,155
2020/8/22 14:18,1598080687,1598080592,95
2020/8/22 14:17,1598080627,1598080592,35
2020/8/22 14:16,1598080567,1598080533,34
2020/8/22 14:15,1598080507,1598080390,117
2020/8/22 14:14,1598080447,1598080390,57
2020/8/22 14:13,1598080387,1598080359,28
2020/8/22 14:12,1598080327,1598080309,18
2020/8/22 14:11,1598080267,1598080248,19
2020/8/22 14:10,1598080207,1598080187,20
2020/8/22 14:09,1598080147,1598080126,21
2020/8/22 14:08,1598080087,1598080065,22
2020/8/22 14:07,1598080027,1598079992,35
2020/8/22 14:06,1598079967,1598079966,1
2020/8/22 14:05,1598079907,1598079903,4
2020/8/22 14:04,1598079847,1598079841,6
2020/8/22 14:03,1598079787,1598079788,-1
2020/8/22 14:02,1598079727,1598079727,0
2020/8/22 14:01,1598079667,1598079607,60
2020/8/22 14:00,1598079607,1598079607,0
2020/8/22 13:59,1598079548,1598079464,84
2020/8/22 13:58,1598079487,1598079464,23
2020/8/22 13:57,1598079427,1598079404,23
2020/8/22 13:56,1598079367,1598079362,5
2020/8/22 13:55,1598079307,1598079297,10
2020/8/22 13:54,1598079247,1598079108,139
2020/8/22 13:53,1598079187,1598079108,79
2020/8/22 13:52,1598079127,1598079108,19
2020/8/22 13:51,1598079067,1598078865,202
2020/8/22 13:50,1598079007,1598078865,142
2020/8/22 13:49,1598078947,1598078865,82
2020/8/22 13:48,1598078887,1598078865,22
2020/8/22 13:47,1598078827,1598078824,3
2020/8/22 13:46,1598078767,1598078736,31
2020/8/22 13:45,1598078707,1598078692,15
2020/8/22 13:44,1598078647,1598078601,46
2020/8/22 13:43,1598078587,1598078479,108
2020/8/22 13:42,1598078527,1598078479,48
2020/8/22 13:41,1598078467,1598078457,10
2020/8/22 13:40,1598078407,1598078345,62
2020/8/22 13:39,1598078347,1598078345,2
2020/8/22 13:38,1598078287,1598078254,33
2020/8/22 13:37,1598078227,1598078169,58
2020/8/22 13:36,1598078167,1598078167,0
2020/8/22 13:35,1598078107,1598078102,5
2020/8/22 13:34,1598078047,1598078035,12
2020/8/22 13:33,1598077988,1598077980,8
2020/8/22 13:32,1598077927,1598077890,37
2020/8/22 13:31,1598077867,1598077836,31
2020/8/22 13:30,1598077807,1598077777,30
2020/8/22 13:29,1598077747,1598077735,12
2020/8/22 13:28,1598077687,1598077684,3
2020/8/22 13:27,1598077627,1598077615,12
2020/8/22 13:26,1598077567,1598077568,-1
2020/8/22 13:25,1598077507,1598077502,5
2020/8/22 13:24,1598077447,1598077421,26
2020/8/22 13:23,1598077387,1598077370,17
2020/8/22 13:22,1598077327,1598077310,17
2020/8/22 13:21,1598077267,1598077252,15
2020/8/22 13:20,1598077207,1598077105,102
2020/8/22 13:19,1598077147,1598077105,42
2020/8/22 13:18,1598077087,1598077067,20
2020/8/22 13:17,1598077027,1598077003,24
2020/8/22 13:16,1598076967,1598076963,4
2020/8/22 13:15,1598076907,1598076821,86
2020/8/22 13:14,1598076847,1598076821,26
2020/8/22 13:13,1598076787,1598076749,38
2020/8/22 13:12,1598076727,1598076617,110
2020/8/22 13:11,1598076667,1598076617,50
2020/8/22 13:10,1598076607,1598076576,31
2020/8/22 13:09,1598076547,1598076485,62
2020/8/22 13:08,1598076487,1598076485,2
2020/8/22 13:07,1598076427,1598076322,105
2020/8/22 13:06,1598076367,1598076322,45
2020/8/22 13:05,1598076307,1598076308,-1
2020/8/22 13:04,1598076247,1598076238,9
2020/8/22 13:03,1598076187,1598076182,5
2020/8/22 13:02,1598076127,1598076086,41
2020/8/22 13:01,1598076067,1598076008,59
2020/8/22 13:00,1598076007,1598076008,-1
2020/8/22 12:59,1598075947,1598075935,12
2020/8/22 12:58,1598075887,1598075865,22
2020/8/22 12:57,1598075827,1598075824,3
2020/8/22 12:56,1598075767,1598075753,14
2020/8/22 12:55,1598075707,1598075570,137
2020/8/22 12:54,1598075647,1598075570,77
2020/8/22 12:53,1598075587,1598075570,17
2020/8/22 12:52,1598075527,1598075505,22
2020/8/22 12:51,1598075467,1598075459,8
2020/8/22 12:50,1598075407,1598075407,0
2020/8/22 12:49,1598075347,1598075337,10
2020/8/22 12:48,1598075287,1598075265,22
2020/8/22 12:47,1598075227,1598075214,13
2020/8/22 12:46,1598075167,1598075142,25
2020/8/22 12:45,1598075107,1598075042,65
2020/8/22 12:44,1598075047,1598075042,5
2020/8/22 12:43,1598074987,1598074980,7
2020/8/22 12:42,1598074927,1598074804,123
2020/8/22 12:41,1598074867,1598074804,63
2020/8/22 12:40,1598074807,1598074804,3
2020/8/22 12:39,1598074747,1598074713,34
2020/8/22 12:38,1598074687,1598074611,76
2020/8/22 12:37,1598074627,1598074611,16
2020/8/22 12:36,1598074567,1598074547,20
2020/8/22 12:35,1598074507,1598074508,-1
2020/8/22 12:34,1598074447,1598074442,5
2020/8/22 12:33,1598074387,1598074378,9
2020/8/22 12:32,1598074327,1598074327,0
2020/8/22 12:31,1598074267,1598074236,31
2020/8/22 12:30,1598074207,1598074185,22
2020/8/22 12:29,1598074147,1598074103,44
2020/8/22 12:28,1598074087,1598074086,1
2020/8/22 12:27,1598074027,1598074025,2
2020/8/22 12:26,1598073967,1598073920,47
2020/8/22 12:25,1598073907,1598073899,8
2020/8/22 12:24,1598073847,1598073838,9
2020/8/22 12:23,1598073788,1598073767,21
2020/8/22 12:22,1598073727,1598073706,21
2020/8/22 12:21,1598073667,1598073664,3
2020/8/22 12:20,1598073607,1598073584,23
2020/8/22 12:19,1598073547,1598073544,3
2020/8/22 12:18,1598073487,1598073464,23
2020/8/22 12:17,1598073427,1598073420,7
2020/8/22 12:16,1598073367,1598073340,27
2020/8/22 12:15,1598073307,1598073188,119
2020/8/22 12:14,1598073247,1598073188,59
2020/8/22 12:13,1598073187,1598073172,15
2020/8/22 12:12,1598073127,1598073096,31
2020/8/22 12:11,1598073067,1598073015,52
2020/8/22 12:10,1598073007,1598073003,4
2020/8/22 12:09,1598072947,1598072831,116
2020/8/22 12:08,1598072887,1598072831,56
2020/8/22 12:07,1598072827,1598072802,25
2020/8/22 12:06,1598072767,1598072700,67
2020/8/22 12:05,1598072707,1598072700,7
2020/8/22 12:04,1598072647,1598072639,8
2020/8/22 12:03,1598072587,1598072568,19
2020/8/22 12:02,1598072527,1598072486,41
2020/8/22 12:01,1598072467,1598072393,74
2020/8/22 12:00,1598072407,1598072393,14
2020/8/22 11:59,1598072347,1598072271,76
2020/8/22 11:58,1598072287,1598072271,16
2020/8/22 11:57,1598072227,1598072200,27
2020/8/22 11:56,1598072167,1598072149,18
2020/8/22 11:55,1598072107,1598072098,9
2020/8/22 11:54,1598072047,1598072048,-1
2020/8/22 11:53,1598071987,1598071949,38
2020/8/22 11:52,1598071927,1598071884,43
2020/8/22 11:51,1598071867,1598071854,13
2020/8/22 11:50,1598071807,1598071793,14
2020/8/22 11:49,1598071747,1598071741,6
2020/8/22 11:48,1598071687,1598071661,26
2020/8/22 11:47,1598071627,1598071579,48
2020/8/22 11:46,1598071567,1598071509,58
2020/8/22 11:45,1598071507,1598071366,141
2020/8/22 11:44,1598071447,1598071366,81
2020/8/22 11:43,1598071387,1598071366,21
2020/8/22 11:42,1598071327,1598071275,52
2020/8/22 11:41,1598071267,1598071264,3
2020/8/22 11:40,1598071207,1598071183,24
2020/8/22 11:39,1598071147,1598071103,44
2020/8/22 11:38,1598071087,1598070980,107
2020/8/22 11:37,1598071027,1598070980,47
2020/8/22 11:36,1598070967,1598070868,99
2020/8/22 11:35,1598070907,1598070868,39
2020/8/22 11:34,1598070847,1598070838,9
2020/8/22 11:33,1598070787,1598070774,13
2020/8/22 11:32,1598070727,1598070694,33
2020/8/22 11:31,1598070667,1598070644,23
2020/8/22 11:30,1598070607,1598070606,1
2020/8/22 11:29,1598070547,1598070544,3
2020/8/22 11:28,1598070487,1598070482,5
2020/8/22 11:27,1598070427,1598070370,57
2020/8/22 11:26,1598070367,1598070350,17
2020/8/22 11:25,1598070307,1598070258,49
2020/8/22 11:24,1598070247,1598070248,-1
2020/8/22 11:23,1598070187,1598070186,1
2020/8/22 11:22,1598070127,1598070126,1
2020/8/22 11:21,1598070067,1598070065,2
2020/8/22 11:20,1598070007,1598070004,3
2020/8/22 11:19,1598069947,1598069923,24
2020/8/22 11:18,1598069887,1598069884,3
2020/8/22 11:17,1598069827,1598069821,6
2020/8/22 11:16,1598069767,1598069761,6
2020/8/22 11:15,1598069707,1598069639,68
2020/8/22 11:14,1598069647,1598069639,8
2020/8/22 11:13,1598069587,1598069558,29
2020/8/22 11:12,1598069527,1598069474,53
2020/8/22 11:11,1598069467,1598069463,4
2020/8/22 11:10,1598069407,1598069375,32
2020/8/22 11:09,1598069347,1598069186,161
2020/8/22 11:08,1598069287,1598069186,101
2020/8/22 11:07,1598069227,1598069186,41
2020/8/22 11:06,1598069167,1598069120,47
2020/8/22 11:05,1598069107,1598069019,88
2020/8/22 11:04,1598069047,1598069019,28
2020/8/22 11:03,1598068987,1598068927,60
2020/8/22 11:02,1598068927,1598068927,0
2020/8/22 11:01,1598068867,1598068867,0
2020/8/22 11:00,1598068807,1598068786,21
2020/8/22 10:59,1598068747,1598068737,10
2020/8/22 10:58,1598068687,1598068654,33
2020/8/22 10:57,1598068627,1598068617,10
2020/8/22 10:56,1598068567,1598068541,26
2020/8/22 10:55,1598068507,1598068491,16
2020/8/22 10:54,1598068447,1598068429,18
2020/8/22 10:53,1598068387,1598068298,89
2020/8/22 10:52,1598068327,1598068298,29
2020/8/22 10:51,1598068267,1598068246,21
2020/8/22 10:50,1598068207,1598068175,32
2020/8/22 10:49,1598068147,1598068147,0
2020/8/22 10:48,1598068087,1598068084,3
2020/8/22 10:47,1598068027,1598068012,15
2020/8/22 10:46,1598067967,1598067964,3
2020/8/22 10:45,1598067907,1598067901,6
2020/8/22 10:44,1598067847,1598067788,59
2020/8/22 10:43,1598067787,1598067718,69
2020/8/22 10:42,1598067727,1598067718,9
2020/8/22 10:41,1598067668,1598067616,52
2020/8/22 10:40,1598067607,1598067585,22
2020/8/22 10:39,1598067547,1598067494,53
2020/8/22 10:38,1598067487,1598067390,97
2020/8/22 10:37,1598067427,1598067390,37
2020/8/22 10:36,1598067367,1598067295,72
2020/8/22 10:35,1598067307,1598067295,12
2020/8/22 10:34,1598067247,1598067247,0
2020/8/22 10:33,1598067187,1598067155,32
2020/8/22 10:32,1598067127,1598067077,50
2020/8/22 10:31,1598067067,1598067027,40
2020/8/22 10:30,1598067007,1598066925,82
2020/8/22 10:29,1598066947,1598066925,22
2020/8/22 10:28,1598066887,1598066732,155
2020/8/22 10:27,1598066827,1598066732,95
2020/8/22 10:26,1598066767,1598066732,35
2020/8/22 10:25,1598066707,1598066682,25
2020/8/22 10:24,1598066647,1598066631,16
2020/8/22 10:23,1598066587,1598066579,8
2020/8/22 10:22,1598066527,1598066478,49
2020/8/22 10:21,1598066467,1598066395,72
2020/8/22 10:20,1598066407,1598066395,12
2020/8/22 10:19,1598066347,1598066277,70
2020/8/22 10:18,1598066287,1598066277,10
2020/8/22 10:17,1598066227,1598066212,15
2020/8/22 10:16,1598066167,1598066153,14
2020/8/22 10:15,1598066107,1598066018,89
2020/8/22 10:14,1598066047,1598066018,29
2020/8/22 10:13,1598065987,1598065984,3
2020/8/22 10:12,1598065927,1598065907,20
2020/8/22 10:11,1598065867,1598065857,10
2020/8/22 10:10,1598065807,1598065785,22
2020/8/22 10:09,1598065747,1598065725,22
2020/8/22 10:08,1598065687,1598065684,3
2020/8/22 10:07,1598065627,1598065614,13
2020/8/22 10:06,1598065567,1598065562,5
2020/8/22 10:05,1598065507,1598065495,12
2020/8/22 10:04,1598065447,1598065408,39
2020/8/22 10:03,1598065387,1598065338,49
2020/8/22 10:02,1598065327,1598065317,10
2020/8/22 10:01,1598065267,1598065218,49
2020/8/22 10:00,1598065207,1598065171,36
2020/8/22 09:59,1598065147,1598065145,2
2020/8/22 09:58,1598065087,1598065073,14
2020/8/22 09:57,1598065027,1598065013,14
2020/8/22 09:56,1598064967,1598064951,16
2020/8/22 09:55,1598064907,1598064896,11
2020/8/22 09:54,1598064847,1598064829,18
2020/8/22 09:53,1598064787,1598064786,1
2020/8/22 09:52,1598064727,1598064708,19
2020/8/22 09:51,1598064667,1598064585,82
2020/8/22 09:50,1598064607,1598064585,22
2020/8/22 09:49,1598064547,1598064535,12
2020/8/22 09:48,1598064487,1598064393,94
2020/8/22 09:47,1598064427,1598064393,34
2020/8/22 09:46,1598064367,1598064338,29
2020/8/22 09:45,1598064307,1598064250,57
2020/8/22 09:44,1598064247,1598064203,44
2020/8/22 09:43,1598064187,1598064187,0
2020/8/22 09:42,1598064127,1598064126,1
2020/8/22 09:41,1598064067,1598064057,10
2020/8/22 09:40,1598064007,1598064004,3
2020/8/22 09:39,1598063947,1598063935,12
2020/8/22 09:38,1598063887,1598063844,43
2020/8/22 09:37,1598063827,1598063806,21
2020/8/22 09:36,1598063767,1598063753,14
2020/8/22 09:35,1598063707,1598063661,46
2020/8/22 09:34,1598063647,1598063625,22
2020/8/22 09:33,1598063587,1598063519,68
2020/8/22 09:32,1598063527,1598063519,8
2020/8/22 09:31,1598063467,1598063438,29
2020/8/22 09:30,1598063407,1598063393,14
2020/8/22 09:29,1598063347,1598063325,22
2020/8/22 09:28,1598063287,1598063264,23
2020/8/22 09:27,1598063227,1598063214,13
2020/8/22 09:26,1598063167,1598063143,24
2020/8/22 09:25,1598063107,1598063102,5
2020/8/22 09:24,1598063047,1598062974,73
2020/8/22 09:23,1598062987,1598062974,13
2020/8/22 09:22,1598062927,1598062927,0
2020/8/22 09:21,1598062867,1598062856,11
2020/8/22 09:20,1598062807,1598062794,13
2020/8/22 09:19,1598062747,1598062741,6
2020/8/22 09:18,1598062687,1598062670,17
2020/8/22 09:17,1598062627,1598062557,70
2020/8/22 09:16,1598062567,1598062557,10
2020/8/22 09:15,1598062507,1598062484,23
2020/8/22 09:14,1598062447,1598062411,36
2020/8/22 09:13,1598062387,1598062380,7
2020/8/22 09:12,1598062327,1598062307,20
2020/8/22 09:11,1598062267,1598062236,31
2020/8/22 09:10,1598062207,1598062203,4
2020/8/22 09:09,1598062147,1598062136,11
2020/8/22 09:08,1598062087,1598062082,5
2020/8/22 09:07,1598062027,1598061968,59
2020/8/22 09:06,1598061967,1598061921,46
2020/8/22 09:05,1598061907,1598061905,2
2020/8/22 09:04,1598061847,1598061832,15
2020/8/22 09:03,1598061787,1598061759,28
2020/8/22 09:02,1598061727,1598061717,10
2020/8/22 09:01,1598061667,1598061654,13
2020/8/22 09:00,1598061607,1598061596,11
2020/8/22 08:59,1598061547,1598061452,95
2020/8/22 08:58,1598061487,1598061452,35
2020/8/22 08:57,1598061427,1598061417,10
2020/8/22 08:56,1598061367,1598061354,13
2020/8/22 08:55,1598061307,1598061294,13
2020/8/22 08:54,1598061247,1598061238,9
2020/8/22 08:53,1598061187,1598061160,27
2020/8/22 08:52,1598061127,1598061127,0
2020/8/22 08:51,1598061067,1598061059,8
2020/8/22 08:50,1598061007,1598060917,90
2020/8/22 08:49,1598060947,1598060917,30
2020/8/22 08:48,1598060887,1598060878,9
2020/8/22 08:47,1598060827,1598060805,22
2020/8/22 08:46,1598060767,1598060766,1
2020/8/22 08:45,1598060707,1598060705,2
2020/8/22 08:44,1598060647,1598060631,16
2020/8/22 08:43,1598060587,1598060544,43
2020/8/22 08:42,1598060527,1598060518,9
2020/8/22 08:41,1598060468,1598060433,35
2020/8/22 08:40,1598060408,1598060407,1
2020/8/22 08:39,1598060347,1598060338,9
2020/8/22 08:38,1598060287,1598060276,11
2020/8/22 08:37,1598060227,1598060220,7
2020/8/22 08:36,1598060167,1598060149,18
2020/8/22 08:35,1598060107,1598060107,0
2020/8/22 08:34,1598060047,1598060044,3
2020/8/22 08:33,1598059987,1598059961,26
2020/8/22 08:32,1598059927,1598059927,0
2020/8/22 08:31,1598059867,1598059867,0
2020/8/22 08:30,1598059807,1598059786,21
2020/8/22 08:29,1598059747,1598059702,45
2020/8/22 08:28,1598059687,1598059669,18
2020/8/22 08:27,1598059627,1598059622,5
2020/8/22 08:26,1598059567,1598059558,9
2020/8/22 08:25,1598059507,1598059482,25
2020/8/22 08:24,1598059447,1598059431,16
2020/8/22 08:23,1598059387,1598059347,40
2020/8/22 08:22,1598059327,1598059320,7
2020/8/22 08:21,1598059267,1598059207,60
2020/8/22 08:20,1598059207,1598059207,0
2020/8/22 08:19,1598059147,1598059138,9
2020/8/22 08:18,1598059087,1598059004,83
2020/8/22 08:17,1598059027,1598059004,23
2020/8/22 08:16,1598058967,1598058944,23
2020/8/22 08:15,1598058907,1598058880,27
2020/8/22 08:14,1598058847,1598058797,50
2020/8/22 08:13,1598058787,1598058776,11
2020/8/22 08:12,1598058727,1598058672,55
2020/8/22 08:11,1598058667,1598058640,27
2020/8/22 08:10,1598058607,1598058601,6
2020/8/22 08:09,1598058547,1598058527,20
2020/8/22 08:08,1598058487,1598058474,13
2020/8/22 08:07,1598058427,1598058390,37
2020/8/22 08:06,1598058367,1598058328,39
2020/8/22 08:05,1598058307,1598058182,125
2020/8/22 08:04,1598058247,1598058182,65
2020/8/22 08:03,1598058187,1598058182,5
2020/8/22 08:02,1598058127,1598058126,1
2020/8/22 08:01,1598058067,1598058064,3
2020/8/22 08:00,1598058007,1598057993,14
2020/8/22 07:59,1598057947,1598057914,33
2020/8/22 07:58,1598057887,1598057881,6
2020/8/22 07:57,1598057827,1598057759,68
2020/8/22 07:56,1598057767,1598057759,8
2020/8/22 07:55,1598057707,1598057617,90
2020/8/22 07:54,1598057647,1598057617,30
2020/8/22 07:53,1598057587,1598057566,21
2020/8/22 07:52,1598057527,1598057526,1
2020/8/22 07:51,1598057467,1598057443,24
2020/8/22 07:50,1598057407,1598057372,35
2020/8/22 07:49,1598057347,1598057332,15
2020/8/22 07:48,1598057287,1598057261,26
2020/8/22 07:47,1598057227,1598057227,0
2020/8/22 07:46,1598057167,1598057158,9
2020/8/22 07:45,1598057107,1598057107,0
2020/8/22 07:44,1598057047,1598056974,73
2020/8/22 07:43,1598056987,1598056974,13
2020/8/22 07:42,1598056927,1598056922,5
2020/8/22 07:41,1598056867,1598056829,38
2020/8/22 07:40,1598056807,1598056805,2
2020/8/22 07:39,1598056747,1598056685,62
2020/8/22 07:38,1598056687,1598056685,2
2020/8/22 07:37,1598056627,1598056625,2
2020/8/22 07:36,1598056567,1598056553,14
2020/8/22 07:35,1598056507,1598056482,25
2020/8/22 07:34,1598056447,1598056431,16
2020/8/22 07:33,1598056387,1598056371,16
2020/8/22 07:32,1598056327,1598056299,28
2020/8/22 07:31,1598056267,1598056217,50
2020/8/22 07:30,1598056207,1598056207,0
2020/8/22 07:29,1598056147,1598056135,12
2020/8/22 07:28,1598056087,1598056085,2
2020/8/22 07:27,1598056027,1598056009,18
2020/8/22 07:26,1598055967,1598055871,96
2020/8/22 07:25,1598055907,1598055871,36
2020/8/22 07:24,1598055847,1598055756,91
2020/8/22 07:23,1598055787,1598055756,31
2020/8/22 07:22,1598055727,1598055656,71
2020/8/22 07:21,1598055667,1598055656,11
2020/8/22 07:20,1598055607,1598055533,74
2020/8/22 07:19,1598055547,1598055533,14
2020/8/22 07:18,1598055487,1598055467,20
2020/8/22 07:17,1598055427,1598055421,6
2020/8/22 07:16,1598055367,1598055350,17
2020/8/22 07:15,1598055307,1598055268,39
2020/8/22 07:14,1598055247,1598055207,40
2020/8/22 07:13,1598055187,1598055187,0
2020/8/22 07:12,1598055127,1598055126,1
2020/8/22 07:11,1598055067,1598055004,63
2020/8/22 07:10,1598055007,1598055004,3
2020/8/22 07:09,1598054947,1598054661,286
2020/8/22 07:08,1598054887,1598054661,226
2020/8/22 07:07,1598054827,1598054661,166
2020/8/22 07:06,1598054767,1598054661,106
2020/8/22 07:05,1598054707,1598054661,46
2020/8/22 07:04,1598054647,1598053843,804
2020/8/22 07:03,1598054587,1598053843,744
2020/8/22 07:02,1598054527,1598053843,684
2020/8/22 07:01,1598054467,1598053843,624
2020/8/22 07:00,1598054407,1598053843,564
2020/8/22 06:59,1598054347,1598053843,504
2020/8/22 06:58,1598054287,1598053843,444
2020/8/22 06:57,1598054227,1598053843,384
2020/8/22 06:56,1598054167,1598053843,324
2020/8/22 06:55,1598054107,1598053843,264
2020/8/22 06:54,1598054047,1598053843,204
2020/8/22 06:53,1598053987,1598053843,144
2020/8/22 06:52,1598053927,1598053843,84
2020/8/22 06:51,1598053867,1598053843,24
2020/8/22 06:50,1598053807,1598053508,299
2020/8/22 06:49,1598053747,1598053508,239
2020/8/22 06:48,1598053687,1598053508,179
2020/8/22 06:47,1598053627,1598053508,119
2020/8/22 06:46,1598053567,1598053508,59
2020/8/22 06:45,1598053507,1598053473,34
2020/8/22 06:44,1598053447,1598053325,122
2020/8/22 06:43,1598053387,1598053325,62
2020/8/22 06:42,1598053327,1598053325,2
2020/8/22 06:41,1598053267,1598053223,44
2020/8/22 06:40,1598053207,1598053189,18
2020/8/22 06:39,1598053147,1598053090,57
2020/8/22 06:38,1598053087,1598053048,39
2020/8/22 06:37,1598053027,1598053020,7
2020/8/22 06:36,1598052967,1598052967,0
2020/8/22 06:35,1598052907,1598052897,10
2020/8/22 06:34,1598052847,1598052804,43
2020/8/22 06:33,1598052787,1598052703,84
2020/8/22 06:32,1598052727,1598052703,24
2020/8/22 06:31,1598052667,1598052663,4
2020/8/22 06:30,1598052607,1598052561,46
2020/8/22 06:29,1598052547,1598052520,27
2020/8/22 06:28,1598052487,1598052480,7
2020/8/22 06:27,1598052427,1598052374,53
2020/8/22 06:26,1598052367,1598052366,1
2020/8/22 06:25,1598052307,1598052296,11
2020/8/22 06:24,1598052247,1598052192,55
2020/8/22 06:23,1598052187,1598052182,5
2020/8/22 06:22,1598052127,1598052127,0
2020/8/22 06:21,1598052067,1598052031,36
2020/8/22 06:20,1598052007,1598051878,129
2020/8/22 06:19,1598051947,1598051878,69
2020/8/22 06:18,1598051887,1598051878,9
2020/8/22 06:17,1598051827,1598051796,31
2020/8/22 06:16,1598051767,1598051755,12
2020/8/22 06:15,1598051708,1598051708,0
2020/8/22 06:14,1598051647,1598051639,8
2020/8/22 06:13,1598051587,1598051557,30
2020/8/22 06:12,1598051527,1598051511,16
2020/8/22 06:11,1598051467,1598051457,10
2020/8/22 06:10,1598051407,1598051389,18
2020/8/22 06:09,1598051347,1598051344,3
2020/8/22 06:08,1598051287,1598051285,2
2020/8/22 06:07,1598051227,1598051185,42
2020/8/22 06:06,1598051167,1598051083,84
2020/8/22 06:05,1598051107,1598051083,24
2020/8/22 06:04,1598051047,1598050951,96
2020/8/22 06:03,1598050987,1598050951,36
2020/8/22 06:02,1598050927,1598050928,-1
2020/8/22 06:01,1598050867,1598050856,11
2020/8/22 06:00,1598050807,1598050757,50
2020/8/22 05:59,1598050747,1598050743,4
2020/8/22 05:58,1598050687,1598050614,73
2020/8/22 05:57,1598050627,1598050614,13
2020/8/22 05:56,1598050567,1598050562,5
2020/8/22 05:55,1598050507,1598050492,15
2020/8/22 05:54,1598050447,1598050443,4
2020/8/22 05:53,1598050387,1598050380,7
2020/8/22 05:52,1598050327,1598050216,111
2020/8/22 05:51,1598050267,1598050216,51
2020/8/22 05:50,1598050207,1598050176,31
2020/8/22 05:49,1598050147,1598050125,22
2020/8/22 05:48,1598050087,1598050075,12
2020/8/22 05:47,1598050027,1598049983,44
2020/8/22 05:46,1598049967,1598049932,35
2020/8/22 05:45,1598049907,1598049907,0
2020/8/22 05:44,1598049847,1598049810,37
2020/8/22 05:43,1598049787,1598049729,58
2020/8/22 05:42,1598049727,1598049657,70
2020/8/22 05:41,1598049667,1598049657,10
2020/8/22 05:40,1598049607,1598049596,11
2020/8/22 05:39,1598049547,1598049517,30
2020/8/22 05:38,1598049487,1598049444,43
2020/8/22 05:37,1598049427,1598049404,23
2020/8/22 05:36,1598049367,1598049363,4
2020/8/22 05:35,1598049307,1598049281,26
2020/8/22 05:34,1598049247,1598049244,3
2020/8/22 05:33,1598049187,1598049179,8
2020/8/22 05:32,1598049127,1598049037,90
2020/8/22 05:31,1598049067,1598049037,30
2020/8/22 05:30,1598049007,1598048905,102
2020/8/22 05:29,1598048947,1598048905,42
2020/8/22 05:28,1598048887,1598048880,7
2020/8/22 05:27,1598048827,1598048732,95
2020/8/22 05:26,1598048767,1598048732,35
2020/8/22 05:25,1598048707,1598048701,6
2020/8/22 05:24,1598048647,1598048569,78
2020/8/22 05:23,1598048587,1598048569,18
2020/8/22 05:22,1598048527,1598048466,61
2020/8/22 05:21,1598048467,1598048466,1
2020/8/22 05:20,1598048407,1598048265,142
2020/8/22 05:19,1598048347,1598048265,82
2020/8/22 05:18,1598048287,1598048265,22
2020/8/22 05:17,1598048227,1598048220,7
2020/8/22 05:16,1598048167,1598048163,4
2020/8/22 05:15,1598048107,1598048092,15
2020/8/22 05:14,1598048047,1598048011,36
2020/8/22 05:13,1598047987,1598047981,6
2020/8/22 05:12,1598047928,1598047909,19
2020/8/22 05:11,1598047867,1598047868,-1
2020/8/22 05:10,1598047807,1598047777,30
2020/8/22 05:09,1598047747,1598047704,43
2020/8/22 05:08,1598047687,1598047644,43
2020/8/22 05:07,1598047627,1598047622,5
2020/8/22 05:06,1598047567,1598047553,14
2020/8/22 05:05,1598047507,1598047502,5
2020/8/22 05:04,1598047447,1598047432,15
2020/8/22 05:03,1598047387,1598047386,1
2020/8/22 05:02,1598047327,1598047268,59
2020/8/22 05:01,1598047267,1598047267,0
2020/8/22 05:00,1598047207,1598047202,5
2020/8/22 04:59,1598047147,1598047064,83
2020/8/22 04:58,1598047087,1598047064,23
2020/8/22 04:57,1598047027,1598047000,27
2020/8/22 04:56,1598046967,1598046952,15
2020/8/22 04:55,1598046907,1598046892,15
2020/8/22 04:54,1598046847,1598046846,1
2020/8/22 04:53,1598046787,1598046787,0
2020/8/22 04:52,1598046727,1598046714,13
2020/8/22 04:51,1598046667,1598046647,20
2020/8/22 04:50,1598046607,1598046585,22
2020/8/22 04:49,1598046547,1598046543,4
2020/8/22 04:48,1598046487,1598046473,14
2020/8/22 04:47,1598046427,1598046423,4
2020/8/22 04:46,1598046367,1598046362,5
2020/8/22 04:45,1598046307,1598046270,37
2020/8/22 04:44,1598046247,1598046241,6
2020/8/22 04:43,1598046187,1598046182,5
2020/8/22 04:42,1598046127,1598046108,19
2020/8/22 04:41,1598046067,1598046054,13
2020/8/22 04:40,1598046007,1598045979,28
2020/8/22 04:39,1598045947,1598045945,2
2020/8/22 04:38,1598045887,1598045876,11
2020/8/22 04:37,1598045827,1598045827,0
2020/8/22 04:36,1598045767,1598045741,26
2020/8/22 04:35,1598045707,1598045700,7
2020/8/22 04:34,1598045648,1598045592,56
2020/8/22 04:33,1598045587,1598045569,18
2020/8/22 04:32,1598045527,1598045517,10
2020/8/22 04:31,1598045467,1598045385,82
2020/8/22 04:30,1598045407,1598045385,22
2020/8/22 04:29,1598045347,1598045341,6
2020/8/22 04:28,1598045287,1598045267,20
2020/8/22 04:27,1598045227,1598045224,3
2020/8/22 04:26,1598045167,1598045069,98
2020/8/22 04:25,1598045107,1598045069,38
2020/8/22 04:24,1598045047,1598044905,142
2020/8/22 04:23,1598044987,1598044905,82
2020/8/22 04:22,1598044927,1598044905,22
2020/8/22 04:21,1598044867,1598044801,66
2020/8/22 04:20,1598044807,1598044801,6
2020/8/22 04:19,1598044747,1598044679,68
2020/8/22 04:18,1598044688,1598044679,9
2020/8/22 04:17,1598044627,1598044615,12
2020/8/22 04:16,1598044567,1598044567,0
2020/8/22 04:15,1598044507,1598044506,1
2020/8/22 04:14,1598044447,1598044434,13
2020/8/22 04:13,1598044387,1598044272,115
2020/8/22 04:12,1598044327,1598044272,55
2020/8/22 04:11,1598044267,1598044170,97
2020/8/22 04:10,1598044207,1598044170,37
2020/8/22 04:09,1598044147,1598044131,16
2020/8/22 04:08,1598044087,1598044078,9
2020/8/22 04:07,1598044027,1598044023,4
2020/8/22 04:06,1598043967,1598043966,1
2020/8/22 04:05,1598043907,1598043833,74
2020/8/22 04:04,1598043847,1598043833,14
2020/8/22 04:03,1598043787,1598043640,147
2020/8/22 04:02,1598043727,1598043640,87
2020/8/22 04:01,1598043667,1598043640,27
2020/8/22 04:00,1598043607,1598043517,90
2020/8/22 03:59,1598043547,1598043517,30
2020/8/22 03:58,1598043487,1598043425,62
2020/8/22 03:57,1598043427,1598043425,2
2020/8/22 03:56,1598043367,1598043323,44
2020/8/22 03:55,1598043307,1598043263,44
2020/8/22 03:54,1598043247,1598043222,25
2020/8/22 03:53,1598043187,1598043170,17
2020/8/22 03:52,1598043127,1598043123,4
2020/8/22 03:51,1598043067,1598043038,29
2020/8/22 03:50,1598043007,1598043004,3
2020/8/22 03:49,1598042947,1598042915,32
2020/8/22 03:48,1598042887,1598042875,12
2020/8/22 03:47,1598042827,1598042793,34
2020/8/22 03:46,1598042767,1598042722,45
2020/8/22 03:45,1598042707,1598042671,36
2020/8/22 03:44,1598042647,1598042630,17
2020/8/22 03:43,1598042587,1598042587,0
2020/8/22 03:42,1598042527,1598042426,101
2020/8/22 03:41,1598042467,1598042426,41
2020/8/22 03:40,1598042407,1598042345,62
2020/8/22 03:39,1598042347,1598042345,2
2020/8/22 03:38,1598042287,1598042284,3
2020/8/22 03:37,1598042227,1598042222,5
2020/8/22 03:36,1598042168,1598042151,17
2020/8/22 03:35,1598042107,1598042056,51
2020/8/22 03:34,1598042047,1598042042,5
2020/8/22 03:33,1598041987,1598041927,60
2020/8/22 03:32,1598041927,1598041927,0
2020/8/22 03:31,1598041867,1598041845,22
2020/8/22 03:30,1598041807,1598041771,36
2020/8/22 03:29,1598041747,1598041707,40
2020/8/22 03:28,1598041687,1598041581,106
2020/8/22 03:27,1598041627,1598041581,46
2020/8/22 03:26,1598041567,1598041431,136
2020/8/22 03:25,1598041507,1598041431,76
2020/8/22 03:24,1598041447,1598041431,16
2020/8/22 03:23,1598041387,1598041347,40
2020/8/22 03:22,1598041327,1598041296,31
2020/8/22 03:21,1598041267,1598041240,27
2020/8/22 03:20,1598041207,1598041183,24
2020/8/22 03:19,1598041147,1598041104,43
2020/8/22 03:18,1598041087,1598041082,5
2020/8/22 03:17,1598041027,1598040999,28
2020/8/22 03:16,1598040967,1598040948,19
2020/8/22 03:15,1598040907,1598040902,5
2020/8/22 03:14,1598040847,1598040817,30
2020/8/22 03:13,1598040787,1598040762,25
2020/8/22 03:12,1598040727,1598040678,49
2020/8/22 03:11,1598040667,1598040667,0
2020/8/22 03:10,1598040607,1598040593,14
2020/8/22 03:09,1598040547,1598040515,32
2020/8/22 03:08,1598040487,1598040473,14
2020/8/22 03:07,1598040427,1598040419,8
2020/8/22 03:06,1598040367,1598040276,91
2020/8/22 03:05,1598040307,1598040276,31
2020/8/22 03:04,1598040247,1598040226,21
2020/8/22 03:03,1598040187,1598040127,60
2020/8/22 03:02,1598040127,1598040127,0
2020/8/22 03:01,1598040067,1598040032,35
2020/8/22 03:00,1598040007,1598039991,16
2020/8/22 02:59,1598039947,1598039944,3
2020/8/22 02:58,1598039887,1598039849,38
2020/8/22 02:57,1598039827,1598039798,29
2020/8/22 02:56,1598039767,1598039617,150
2020/8/22 02:55,1598039707,1598039617,90
2020/8/22 02:54,1598039647,1598039617,30
2020/8/22 02:53,1598039587,1598039573,14
2020/8/22 02:52,1598039527,1598039503,24
2020/8/22 02:51,1598039467,1598039436,31
2020/8/22 02:50,1598039407,1598039381,26
2020/8/22 02:49,1598039347,1598039331,16
2020/8/22 02:48,1598039287,1598039249,38
2020/8/22 02:47,1598039227,1598039228,-1
2020/8/22 02:46,1598039167,1598039167,0
2020/8/22 02:45,1598039107,1598039086,21
2020/8/22 02:44,1598039047,1598039044,3
2020/8/22 02:43,1598038987,1598038902,85
2020/8/22 02:42,1598038927,1598038902,25
2020/8/22 02:41,1598038867,1598038851,16
2020/8/22 02:40,1598038807,1598038790,17
2020/8/22 02:39,1598038747,1598038708,39
2020/8/22 02:38,1598038687,1598038657,30
2020/8/22 02:37,1598038627,1598038586,41
2020/8/22 02:36,1598038567,1598038538,29
2020/8/22 02:35,1598038507,1598038504,3
2020/8/22 02:34,1598038447,1598038444,3
2020/8/22 02:33,1598038387,1598038270,117
2020/8/22 02:32,1598038327,1598038270,57
2020/8/22 02:31,1598038267,1598038220,47
2020/8/22 02:30,1598038207,1598038202,5
2020/8/22 02:29,1598038147,1598038107,40
2020/8/22 02:28,1598038087,1598038077,10
2020/8/22 02:27,1598038027,1598037983,44
2020/8/22 02:26,1598037967,1598037965,2
2020/8/22 02:25,1598037907,1598037853,54
2020/8/22 02:24,1598037847,1598037669,178
2020/8/22 02:23,1598037787,1598037669,118
2020/8/22 02:22,1598037727,1598037669,58
2020/8/22 02:21,1598037667,1598037614,53
2020/8/22 02:20,1598037607,1598037597,10
2020/8/22 02:19,1598037547,1598037444,103
2020/8/22 02:18,1598037487,1598037444,43
2020/8/22 02:17,1598037427,1598037373,54
2020/8/22 02:16,1598037367,1598037288,79
2020/8/22 02:15,1598037307,1598037288,19
2020/8/22 02:14,1598037247,1598037245,2
2020/8/22 02:13,1598037187,1598037159,28
2020/8/22 02:12,1598037127,1598037108,19
2020/8/22 02:11,1598037067,1598037047,20
2020/8/22 02:10,1598037007,1598036970,37
2020/8/22 02:09,1598036947,1598036874,73
2020/8/22 02:08,1598036887,1598036874,13
2020/8/22 02:07,1598036827,1598036827,0
2020/8/22 02:06,1598036767,1598036744,23
2020/8/22 02:05,1598036707,1598036679,28
2020/8/22 02:04,1598036647,1598036648,-1
2020/8/22 02:03,1598036587,1598036579,8
2020/8/22 02:02,1598036527,1598036497,30
2020/8/22 02:01,1598036467,1598036456,11
2020/8/22 02:00,1598036407,1598036405,2
2020/8/22 01:59,1598036347,1598036314,33
2020/8/22 01:58,1598036287,1598036272,15
2020/8/22 01:57,1598036227,1598036190,37
2020/8/22 01:56,1598036167,1598036139,28
2020/8/22 01:55,1598036107,1598035905,202
2020/8/22 01:54,1598036047,1598035905,142
2020/8/22 01:53,1598035987,1598035905,82
2020/8/22 01:52,1598035927,1598035905,22
2020/8/22 01:51,1598035867,1598035813,54
2020/8/22 01:50,1598035807,1598035772,35
2020/8/22 01:49,1598035747,1598035701,46
2020/8/22 01:48,1598035687,1598035680,7
2020/8/22 01:47,1598035627,1598035619,8
2020/8/22 01:46,1598035567,1598035508,59
2020/8/22 01:45,1598035507,1598035508,-1
2020/8/22 01:44,1598035447,1598035442,5
2020/8/22 01:43,1598035387,1598035320,67
2020/8/22 01:42,1598035327,1598035320,7
2020/8/22 01:41,1598035267,1598035245,22
2020/8/22 01:40,1598035207,1598035171,36
2020/8/22 01:39,1598035147,1598035120,27
2020/8/22 01:38,1598035087,1598035079,8
2020/8/22 01:37,1598035027,1598035022,5
2020/8/22 01:36,1598034967,1598034967,0
2020/8/22 01:35,1598034907,1598034905,2
2020/8/22 01:34,1598034847,1598034845,2
2020/8/22 01:33,1598034787,1598034772,15
2020/8/22 01:32,1598034727,1598034588,139
2020/8/22 01:31,1598034667,1598034588,79
2020/8/22 01:30,1598034607,1598034588,19
2020/8/22 01:29,1598034547,1598034508,39
2020/8/22 01:28,1598034487,1598034428,59
2020/8/22 01:27,1598034427,1598034428,-1
2020/8/22 01:26,1598034367,1598034365,2
2020/8/22 01:25,1598034307,1598034294,13
2020/8/22 01:24,1598034247,1598034212,35
2020/8/22 01:23,1598034187,1598034080,107
2020/8/22 01:22,1598034127,1598034080,47
2020/8/22 01:21,1598034067,1598033957,110
2020/8/22 01:20,1598034007,1598033957,50
2020/8/22 01:19,1598033947,1598033947,0
2020/8/22 01:18,1598033887,1598033886,1
2020/8/22 01:17,1598033827,1598033815,12
2020/8/22 01:16,1598033767,1598033734,33
2020/8/22 01:15,1598033707,1598033615,92
2020/8/22 01:14,1598033647,1598033615,32
2020/8/22 01:13,1598033587,1598033561,26
2020/8/22 01:12,1598033527,1598033438,89
2020/8/22 01:11,1598033467,1598033438,29
2020/8/22 01:10,1598033407,1598033403,4
2020/8/22 01:09,1598033347,1598033335,12
2020/8/22 01:08,1598033287,1598033211,76
2020/8/22 01:07,1598033227,1598033211,16
2020/8/22 01:06,1598033167,1598033163,4
2020/8/22 01:05,1598033107,1598033095,12
2020/8/22 01:04,1598033047,1598033021,26
2020/8/22 01:03,1598032987,1598032980,7
2020/8/22 01:02,1598032927,1598032858,69
2020/8/22 01:01,1598032867,1598032858,9
2020/8/22 01:00,1598032807,1598032803,4
2020/8/22 00:59,1598032747,1598032675,72
2020/8/22 00:58,1598032687,1598032675,12
2020/8/22 00:57,1598032627,1598032593,34
2020/8/22 00:56,1598032567,1598032533,34
2020/8/22 00:55,1598032507,1598032491,16
2020/8/22 00:54,1598032447,1598032420,27
2020/8/22 00:53,1598032387,1598032339,48
2020/8/22 00:52,1598032327,1598032317,10
2020/8/22 00:51,1598032267,1598032258,9
2020/8/22 00:50,1598032207,1598032196,11
2020/8/22 00:49,1598032147,1598032144,3
2020/8/22 00:48,1598032087,1598032054,33
2020/8/22 00:47,1598032027,1598032019,8
2020/8/22 00:46,1598031967,1598031942,25
2020/8/22 00:45,1598031907,1598031860,47
2020/8/22 00:44,1598031847,1598031836,11
2020/8/22 00:43,1598031787,1598031718,69
2020/8/22 00:42,1598031727,1598031718,9
2020/8/22 00:41,1598031667,1598031655,12
2020/8/22 00:40,1598031607,1598031544,63
2020/8/22 00:39,1598031547,1598031544,3
2020/8/22 00:38,1598031487,1598031430,57
2020/8/22 00:37,1598031427,1598031421,6
2020/8/22 00:36,1598031367,1598031350,17
2020/8/22 00:35,1598031307,1598031218,89
2020/8/22 00:34,1598031247,1598031218,29
2020/8/22 00:33,1598031187,1598031187,0
2020/8/22 00:32,1598031127,1598031127,0
2020/8/22 00:31,1598031067,1598031035,32
2020/8/22 00:30,1598031007,1598031007,0
2020/8/22 00:29,1598030947,1598030902,45
2020/8/22 00:28,1598030887,1598030709,178
2020/8/22 00:27,1598030827,1598030709,118
2020/8/22 00:26,1598030767,1598030709,58
2020/8/22 00:25,1598030707,1598030652,55
2020/8/22 00:24,1598030647,1598030627,20
2020/8/22 00:23,1598030587,1598030515,72
2020/8/22 00:22,1598030527,1598030515,12
2020/8/22 00:21,1598030467,1598030464,3
2020/8/22 00:20,1598030407,1598030342,65
2020/8/22 00:19,1598030347,1598030342,5
2020/8/22 00:18,1598030287,1598030285,2
2020/8/22 00:17,1598030227,1598030210,17
2020/8/22 00:16,1598030167,1598030149,18
2020/8/22 00:15,1598030107,1598030098,9
2020/8/22 00:14,1598030047,1598030016,31
2020/8/22 00:13,1598029987,1598029904,83
2020/8/22 00:12,1598029927,1598029904,23
2020/8/22 00:11,1598029867,1598029833,34
2020/8/22 00:10,1598029807,1598029762,45
2020/8/22 00:09,1598029747,1598029715,32
2020/8/22 00:08,1598029687,1598029669,18
2020/8/22 00:07,1598029627,1598029557,70
2020/8/22 00:06,1598029567,1598029557,10
2020/8/22 00:05,1598029507,1598029487,20
2020/8/22 00:04,1598029447,1598029444,3
2020/8/22 00:03,1598029387,1598029374,13
2020/8/22 00:02,1598029327,1598029302,25
2020/8/22 00:01,1598029267,1598029211,56
2020/8/22 00:00,1598029207,1598029170,37
2020/8/21 23:59,1598029147,1598029098,49
2020/8/21 23:58,1598029087,1598029027,60
2020/8/21 23:57,1598029027,1598029027,0
2020/8/21 23:56,1598028967,1598028955,12
2020/8/21 23:55,1598028907,1598028832,75
2020/8/21 23:54,1598028847,1598028832,15
2020/8/21 23:53,1598028787,1598028722,65
2020/8/21 23:52,1598028727,1598028722,5
2020/8/21 23:51,1598028667,1598028620,47
2020/8/21 23:50,1598028607,1598028548,59
2020/8/21 23:49,1598028547,1598028548,-1
2020/8/21 23:48,1598028487,1598028456,31
2020/8/21 23:47,1598028427,1598028375,52
2020/8/21 23:46,1598028367,1598028294,73
2020/8/21 23:45,1598028307,1598028294,13
2020/8/21 23:44,1598028247,1598028171,76
2020/8/21 23:43,1598028187,1598028171,16
2020/8/21 23:42,1598028127,1598028120,7
2020/8/21 23:41,1598028067,1598028031,36
2020/8/21 23:40,1598028007,1598027960,47
2020/8/21 23:39,1598027947,1598027948,-1
2020/8/21 23:38,1598027887,1598027886,1
2020/8/21 23:37,1598027827,1598027703,124
2020/8/21 23:36,1598027767,1598027703,64
2020/8/21 23:35,1598027707,1598027703,4
2020/8/21 23:34,1598027647,1598027632,15
2020/8/21 23:33,1598027587,1598027513,74
2020/8/21 23:32,1598027527,1598027513,14
2020/8/21 23:31,1598027467,1598027449,18
2020/8/21 23:30,1598027407,1598027378,29
2020/8/21 23:29,1598027347,1598027230,117
2020/8/21 23:28,1598027287,1598027230,57
2020/8/21 23:27,1598027227,1598027227,0
2020/8/21 23:26,1598027167,1598027163,4
2020/8/21 23:25,1598027107,1598027090,17
2020/8/21 23:24,1598027047,1598027011,36
2020/8/21 23:23,1598026987,1598026925,62
2020/8/21 23:22,1598026927,1598026925,2
2020/8/21 23:21,1598026867,1598026858,9
2020/8/21 23:20,1598026807,1598026776,31
2020/8/21 23:19,1598026747,1598026736,11
2020/8/21 23:18,1598026687,1598026595,92
2020/8/21 23:17,1598026627,1598026595,32
2020/8/21 23:16,1598026567,1598026549,18
2020/8/21 23:15,1598026507,1598026461,46
2020/8/21 23:14,1598026447,1598026426,21
2020/8/21 23:13,1598026387,1598026380,7
2020/8/21 23:12,1598026327,1598026217,110
2020/8/21 23:11,1598026267,1598026217,50
2020/8/21 23:10,1598026207,1598026177,30
2020/8/21 23:09,1598026147,1598026064,83
2020/8/21 23:08,1598026087,1598026064,23
2020/8/21 23:07,1598026027,1598026013,14
2020/8/21 23:06,1598025967,1598025963,4
2020/8/21 23:05,1598025907,1598025902,5
2020/8/21 23:04,1598025847,1598025835,12
2020/8/21 23:03,1598025787,1598025739,48
2020/8/21 23:02,1598025727,1598025714,13
2020/8/21 23:01,1598025667,1598025647,20
2020/8/21 23:00,1598025607,1598025605,2
2020/8/21 22:59,1598025547,1598025544,3
2020/8/21 22:58,1598025487,1598025463,24
2020/8/21 22:57,1598025427,1598025427,0
2020/8/21 22:56,1598025367,1598025367,0
2020/8/21 22:55,1598025307,1598025308,-1
2020/8/21 22:54,1598025247,1598025248,-1
2020/8/21 22:53,1598025187,1598025157,30
2020/8/21 22:52,1598025127,1598025111,16
2020/8/21 22:51,1598025067,1598025059,8
2020/8/21 22:50,1598025007,1598025004,3
2020/8/21 22:49,1598024948,1598024943,5
2020/8/21 22:48,1598024887,1598024839,48
2020/8/21 22:47,1598024827,1598024810,17
2020/8/21 22:46,1598024767,1598024760,7
2020/8/21 22:45,1598024707,1598024628,79
2020/8/21 22:44,1598024647,1598024628,19
2020/8/21 22:43,1598024587,1598024577,10
2020/8/21 22:42,1598024527,1598024475,52
2020/8/21 22:41,1598024467,1598024374,93
2020/8/21 22:40,1598024407,1598024374,33
2020/8/21 22:39,1598024347,1598024240,107
2020/8/21 22:38,1598024287,1598024240,47
2020/8/21 22:37,1598024227,1598024227,0
2020/8/21 22:36,1598024167,1598024129,38
2020/8/21 22:35,1598024107,1598024068,39
2020/8/21 22:34,1598024047,1598023977,70
2020/8/21 22:33,1598023987,1598023977,10
2020/8/21 22:32,1598023927,1598023915,12
2020/8/21 22:31,1598023867,1598023838,29
2020/8/21 22:30,1598023807,1598023742,65
2020/8/21 22:29,1598023747,1598023742,5
2020/8/21 22:28,1598023687,1598023688,-1
2020/8/21 22:27,1598023627,1598023619,8
2020/8/21 22:26,1598023567,1598023568,-1
2020/8/21 22:25,1598023507,1598023466,41
2020/8/21 22:24,1598023447,1598023447,0
2020/8/21 22:23,1598023387,1598023345,42
2020/8/21 22:22,1598023327,1598023275,52
2020/8/21 22:21,1598023267,1598023268,-1
2020/8/21 22:20,1598023207,1598023191,16
2020/8/21 22:19,1598023147,1598023124,23
2020/8/21 22:18,1598023087,1598023080,7
2020/8/21 22:17,1598023027,1598023019,8
2020/8/21 22:16,1598022967,1598022936,31
2020/8/21 22:15,1598022907,1598022886,21
2020/8/21 22:14,1598022847,1598022847,0
2020/8/21 22:13,1598022787,1598022764,23
2020/8/21 22:12,1598022727,1598022638,89
2020/8/21 22:11,1598022668,1598022638,30
2020/8/21 22:10,1598022607,1598022592,15
2020/8/21 22:09,1598022547,1598022529,18
2020/8/21 22:08,1598022487,1598022417,70
2020/8/21 22:07,1598022427,1598022417,10
2020/8/21 22:06,1598022367,1598022346,21
2020/8/21 22:05,1598022307,1598022265,42
2020/8/21 22:04,1598022247,1598022163,84
2020/8/21 22:03,1598022187,1598022163,24
2020/8/21 22:02,1598022127,1598022112,15
2020/8/21 22:01,1598022067,1598022066,1
2020/8/21 22:00,1598022007,1598021922,85
2020/8/21 21:59,1598021948,1598021922,26
2020/8/21 21:58,1598021887,1598021876,11
2020/8/21 21:57,1598021827,1598021816,11
2020/8/21 21:56,1598021767,1598021754,13
2020/8/21 21:55,1598021707,1598021693,14
2020/8/21 21:54,1598021647,1598021601,46
2020/8/21 21:53,1598021587,1598021587,0
2020/8/21 21:52,1598021527,1598021523,4
2020/8/21 21:51,1598021467,1598021467,0
2020/8/21 21:50,1598021407,1598021325,82
2020/8/21 21:49,1598021347,1598021325,22
2020/8/21 21:48,1598021287,1598021266,21
2020/8/21 21:47,1598021227,1598021226,1
2020/8/21 21:46,1598021167,1598021164,3
2020/8/21 21:45,1598021107,1598021063,44
2020/8/21 21:44,1598021047,1598021022,25
2020/8/21 21:43,1598020987,1598020961,26
2020/8/21 21:42,1598020927,1598020828,99
2020/8/21 21:41,1598020868,1598020828,40
2020/8/21 21:40,1598020807,1598020808,-1
2020/8/21 21:39,1598020747,1598020738,9
2020/8/21 21:38,1598020687,1598020685,2
2020/8/21 21:37,1598020627,1598020625,2
2020/8/21 21:36,1598020567,1598020503,64
2020/8/21 21:35,1598020507,1598020503,4
2020/8/21 21:34,1598020447,1598020442,5
2020/8/21 21:33,1598020387,1598020371,16
2020/8/21 21:32,1598020327,1598020282,45
2020/8/21 21:31,1598020267,1598020240,27
2020/8/21 21:30,1598020207,1598020187,20
2020/8/21 21:29,1598020147,1598020100,47
2020/8/21 21:28,1598020087,1598020056,31
2020/8/21 21:27,1598020027,1598020025,2
2020/8/21 21:26,1598019968,1598019913,55
2020/8/21 21:25,1598019907,1598019886,21
2020/8/21 21:24,1598019847,1598019815,32
2020/8/21 21:23,1598019787,1598019749,38
2020/8/21 21:22,1598019727,1598019718,9
2020/8/21 21:21,1598019667,1598019657,10
2020/8/21 21:20,1598019607,1598019600,7
2020/8/21 21:19,1598019547,1598019545,2
2020/8/21 21:18,1598019487,1598019462,25
2020/8/21 21:17,1598019427,1598019401,26
2020/8/21 21:16,1598019367,1598019350,17
2020/8/21 21:15,1598019307,1598019286,21
2020/8/21 21:14,1598019247,1598019247,0
2020/8/21 21:13,1598019187,1598019186,1
2020/8/21 21:12,1598019127,1598019126,1
2020/8/21 21:11,1598019067,1598019034,33
2020/8/21 21:10,1598019007,1598018996,11
2020/8/21 21:09,1598018947,1598018943,4
2020/8/21 21:08,1598018887,1598018831,56
2020/8/21 21:07,1598018827,1598018822,5
2020/8/21 21:06,1598018767,1598018741,26
2020/8/21 21:05,1598018707,1598018680,27
2020/8/21 21:04,1598018647,1598018641,6
2020/8/21 21:03,1598018588,1598018525,63
2020/8/21 21:02,1598018527,1598018525,2
2020/8/21 21:01,1598018467,1598018462,5
2020/8/21 21:00,1598018407,1598018367,40
2020/8/21 20:59,1598018347,1598018346,1
2020/8/21 20:58,1598018287,1598018286,1
2020/8/21 20:57,1598018227,1598018196,31
2020/8/21 20:56,1598018167,1598018167,0
2020/8/21 20:55,1598018107,1598018097,10
2020/8/21 20:54,1598018047,1598018044,3
2020/8/21 20:53,1598017987,1598017961,26
2020/8/21 20:52,1598017927,1598017908,19
2020/8/21 20:51,1598017867,1598017828,39
2020/8/21 20:50,1598017807,1598017767,40
2020/8/21 20:49,1598017747,1598017726,21
2020/8/21 20:48,1598017687,1598017687,0
2020/8/21 20:47,1598017627,1598017595,32
2020/8/21 20:46,1598017567,1598017566,1
2020/8/21 20:45,1598017507,1598017492,15
2020/8/21 20:44,1598017447,1598017328,119
2020/8/21 20:43,1598017387,1598017328,59
2020/8/21 20:42,1598017327,1598017253,74
2020/8/21 20:41,1598017267,1598017253,14
2020/8/21 20:40,1598017207,1598017175,32
2020/8/21 20:39,1598017147,1598017124,23
2020/8/21 20:38,1598017087,1598017022,65
2020/8/21 20:37,1598017027,1598017022,5
2020/8/21 20:36,1598016967,1598016960,7
2020/8/21 20:35,1598016907,1598016890,17
2020/8/21 20:34,1598016847,1598016847,0
2020/8/21 20:33,1598016787,1598016780,7
2020/8/21 20:32,1598016727,1598016696,31
2020/8/21 20:31,1598016667,1598016656,11
2020/8/21 20:30,1598016607,1598016607,0
2020/8/21 20:29,1598016547,1598016543,4
2020/8/21 20:28,1598016487,1598016472,15
2020/8/21 20:27,1598016427,1598016401,26
2020/8/21 20:26,1598016367,1598016364,3
2020/8/21 20:25,1598016307,1598016297,10
2020/8/21 20:24,1598016247,1598016217,30
2020/8/21 20:23,1598016187,1598016146,41
2020/8/21 20:22,1598016127,1598016125,2
2020/8/21 20:21,1598016067,1598016008,59
2020/8/21 20:20,1598016007,1598016007,0
2020/8/21 20:19,1598015947,1598015922,25
2020/8/21 20:18,1598015887,1598015851,36
2020/8/21 20:17,1598015827,1598015800,27
2020/8/21 20:16,1598015767,1598015700,67
2020/8/21 20:15,1598015708,1598015700,8
2020/8/21 20:14,1598015647,1598015647,0
2020/8/21 20:13,1598015587,1598015587,0
2020/8/21 20:12,1598015527,1598015525,2
2020/8/21 20:11,1598015467,1598015464,3
2020/8/21 20:10,1598015407,1598015405,2
2020/8/21 20:09,1598015347,1598015342,5
2020/8/21 20:08,1598015287,1598015231,56
2020/8/21 20:07,1598015227,1598015227,0
2020/8/21 20:06,1598015167,1598015139,28
2020/8/21 20:05,1598015107,1598015096,11
2020/8/21 20:04,1598015047,1598015038,9
2020/8/21 20:03,1598014987,1598014978,9
2020/8/21 20:02,1598014927,1598014921,6
2020/8/21 20:01,1598014867,1598014864,3
2020/8/21 20:00,1598014807,1598014807,0
2020/8/21 19:59,1598014747,1598014740,7
2020/8/21 19:58,1598014687,1598014679,8
2020/8/21 19:57,1598014627,1598014608,19
2020/8/21 19:56,1598014567,1598014566,1
2020/8/21 19:55,1598014507,1598014506,1
2020/8/21 19:54,1598014447,1598014425,22
2020/8/21 19:53,1598014387,1598014374,13
2020/8/21 19:52,1598014327,1598014313,14
2020/8/21 19:51,1598014267,1598014211,56
2020/8/21 19:50,1598014207,1598014196,11
2020/8/21 19:49,1598014147,1598014140,7
2020/8/21 19:48,1598014087,1598014079,8
2020/8/21 19:47,1598014027,1598013988,39
2020/8/21 19:46,1598013967,1598013946,21
2020/8/21 19:45,1598013907,1598013854,53
2020/8/21 19:44,1598013847,1598013823,24
2020/8/21 19:43,1598013787,1598013783,4
2020/8/21 19:42,1598013727,1598013696,31
2020/8/21 19:41,1598013667,1598013618,49
2020/8/21 19:40,1598013607,1598013599,8
2020/8/21 19:39,1598013547,1598013537,10
2020/8/21 19:38,1598013487,1598013476,11
2020/8/21 19:37,1598013427,1598013394,33
2020/8/21 19:36,1598013367,1598013353,14
2020/8/21 19:35,1598013307,1598013262,45
2020/8/21 19:34,1598013247,1598013241,6
2020/8/21 19:33,1598013187,1598013160,27
2020/8/21 19:32,1598013127,1598013109,18
2020/8/21 19:31,1598013067,1598013008,59
2020/8/21 19:30,1598013007,1598013008,-1
2020/8/21 19:29,1598012947,1598012926,21
2020/8/21 19:28,1598012887,1598012874,13
2020/8/21 19:27,1598012827,1598012814,13
2020/8/21 19:26,1598012767,1598012679,88
2020/8/21 19:25,1598012707,1598012679,28
2020/8/21 19:24,1598012647,1598012600,47
2020/8/21 19:23,1598012587,1598012529,58
2020/8/21 19:22,1598012527,1598012468,59
2020/8/21 19:21,1598012467,1598012468,-1
2020/8/21 19:20,1598012407,1598012407,0
2020/8/21 19:19,1598012347,1598012346,1
2020/8/21 19:18,1598012287,1598012276,11
2020/8/21 19:17,1598012227,1598012203,24
2020/8/21 19:16,1598012167,1598012142,25
2020/8/21 19:15,1598012107,1598012081,26
2020/8/21 19:14,1598012047,1598012017,30
2020/8/21 19:13,1598011987,1598011969,18
2020/8/21 19:12,1598011927,1598011613,314
2020/8/21 19:11,1598011867,1598011613,254
2020/8/21 19:10,1598011807,1598011613,194
2020/8/21 19:09,1598011747,1598011613,134
2020/8/21 19:08,1598011687,1598011613,74
2020/8/21 19:07,1598011627,1598011613,14
2020/8/21 19:06,1598011567,1598011024,543
2020/8/21 19:05,1598011507,1598011024,483
2020/8/21 19:04,1598011447,1598011024,423
2020/8/21 19:03,1598011387,1598011024,363
2020/8/21 19:02,1598011327,1598011024,303
2020/8/21 19:01,1598011267,1598011024,243
2020/8/21 19:00,1598011207,1598011024,183
2020/8/21 18:59,1598011147,1598011024,123
2020/8/21 18:58,1598011087,1598011024,63
2020/8/21 18:57,1598011028,1598011024,4
2020/8/21 18:56,1598010967,1598010544,423
2020/8/21 18:55,1598010907,1598010544,363
2020/8/21 18:54,1598010847,1598010544,303
2020/8/21 18:53,1598010787,1598010544,243
2020/8/21 18:52,1598010727,1598010544,183
2020/8/21 18:51,1598010667,1598010544,123
2020/8/21 18:50,1598010607,1598010544,63
2020/8/21 18:49,1598010547,1598010544,3
2020/8/21 18:48,1598010487,1598010476,11
2020/8/21 18:47,1598010427,1598010331,96
2020/8/21 18:46,1598010367,1598010331,36
2020/8/21 18:45,1598010307,1598010259,48
2020/8/21 18:44,1598010247,1598010229,18
2020/8/21 18:43,1598010187,1598010125,62
2020/8/21 18:42,1598010127,1598010125,2
2020/8/21 18:41,1598010067,1598010054,13
2020/8/21 18:40,1598010007,1598009983,24
2020/8/21 18:39,1598009947,1598009941,6
2020/8/21 18:38,1598009887,1598009798,89
2020/8/21 18:37,1598009827,1598009798,29
2020/8/21 18:36,1598009767,1598009735,32
2020/8/21 18:35,1598009707,1598009705,2
2020/8/21 18:34,1598009647,1598009632,15
2020/8/21 18:33,1598009587,1598009585,2
2020/8/21 18:32,1598009527,1598009513,14
2020/8/21 18:31,1598009467,1598009340,127
2020/8/21 18:30,1598009407,1598009340,67
2020/8/21 18:29,1598009347,1598009340,7
2020/8/21 18:28,1598009287,1598009155,132
2020/8/21 18:27,1598009227,1598009155,72
2020/8/21 18:26,1598009167,1598009155,12
2020/8/21 18:25,1598009107,1598009107,0
2020/8/21 18:24,1598009047,1598009043,4
2020/8/21 18:23,1598008987,1598008940,47
2020/8/21 18:22,1598008927,1598008924,3
2020/8/21 18:21,1598008867,1598008846,21
2020/8/21 18:20,1598008807,1598008650,157
2020/8/21 18:19,1598008747,1598008650,97
2020/8/21 18:18,1598008687,1598008650,37
2020/8/21 18:17,1598008627,1598008589,38
2020/8/21 18:16,1598008567,1598008565,2
2020/8/21 18:15,1598008507,1598008506,1
2020/8/21 18:14,1598008447,1598008421,26
2020/8/21 18:13,1598008387,1598008380,7
2020/8/21 18:12,1598008327,1598008243,84
2020/8/21 18:11,1598008267,1598008243,24
2020/8/21 18:10,1598008207,1598008202,5
2020/8/21 18:09,1598008147,1598008145,2
2020/8/21 18:08,1598008087,1598008011,76
2020/8/21 18:07,1598008028,1598008011,17
2020/8/21 18:06,1598007967,1598007928,39
2020/8/21 18:05,1598007907,1598007899,8
2020/8/21 18:04,1598007847,1598007836,11
2020/8/21 18:03,1598007787,1598007673,114
2020/8/21 18:02,1598007727,1598007673,54
2020/8/21 18:01,1598007667,1598007551,116
2020/8/21 18:00,1598007607,1598007551,56
2020/8/21 17:59,1598007547,1598007480,67
2020/8/21 17:58,1598007487,1598007480,7
2020/8/21 17:57,1598007427,1598007338,89
2020/8/21 17:56,1598007367,1598007338,29
2020/8/21 17:55,1598007307,1598007307,0
2020/8/21 17:54,1598007247,1598007164,83
2020/8/21 17:53,1598007187,1598007164,23
2020/8/21 17:52,1598007127,1598007053,74
2020/8/21 17:51,1598007067,1598007053,14
2020/8/21 17:50,1598007007,1598006982,25
2020/8/21 17:49,1598006947,1598006857,90
2020/8/21 17:48,1598006887,1598006857,30
2020/8/21 17:47,1598006827,1598006827,0
2020/8/21 17:46,1598006767,1598006765,2
2020/8/21 17:45,1598006707,1598006673,34
2020/8/21 17:44,1598006647,1598006589,58
2020/8/21 17:43,1598006587,1598006527,60
2020/8/21 17:42,1598006527,1598006527,0
2020/8/21 17:41,1598006467,1598006426,41
2020/8/21 17:40,1598006407,1598006313,94
2020/8/21 17:39,1598006347,1598006313,34
2020/8/21 17:38,1598006287,1598006261,26
2020/8/21 17:37,1598006227,1598006180,47
2020/8/21 17:36,1598006167,1598006145,22
2020/8/21 17:35,1598006107,1598006108,-1
2020/8/21 17:34,1598006048,1598006048,0
2020/8/21 17:33,1598005987,1598005987,0
2020/8/21 17:32,1598005927,1598005894,33
2020/8/21 17:31,1598005867,1598005844,23
2020/8/21 17:30,1598005807,1598005807,0
2020/8/21 17:29,1598005747,1598005747,0
2020/8/21 17:28,1598005687,1598005677,10
2020/8/21 17:27,1598005627,1598005559,68
2020/8/21 17:26,1598005567,1598005559,8
2020/8/21 17:25,1598005507,1598005507,0
2020/8/21 17:24,1598005447,1598005446,1
2020/8/21 17:23,1598005387,1598005388,-1
2020/8/21 17:22,1598005328,1598005328,0
2020/8/21 17:21,1598005267,1598005266,1
2020/8/21 17:20,1598005207,1598005201,6
2020/8/21 17:19,1598005147,1598005088,59
2020/8/21 17:18,1598005087,1598005088,-1
2020/8/21 17:17,1598005027,1598005025,2
2020/8/21 17:16,1598004967,1598004914,53
2020/8/21 17:15,1598004907,1598004842,65
2020/8/21 17:14,1598004847,1598004842,5
2020/8/21 17:13,1598004787,1598004719,68
2020/8/21 17:12,1598004727,1598004719,8
2020/8/21 17:11,1598004667,1598004627,40
2020/8/21 17:10,1598004607,1598004587,20
2020/8/21 17:09,1598004547,1598004506,41
2020/8/21 17:08,1598004487,1598004404,83
2020/8/21 17:07,1598004427,1598004404,23
2020/8/21 17:06,1598004367,1598004272,95
2020/8/21 17:05,1598004307,1598004272,35
2020/8/21 17:04,1598004247,1598004200,47
2020/8/21 17:03,1598004187,1598004183,4
2020/8/21 17:02,1598004127,1598004127,0
2020/8/21 17:01,1598004067,1598004012,55
2020/8/21 17:00,1598004007,1598003960,47
2020/8/21 16:59,1598003947,1598003939,8
2020/8/21 16:58,1598003887,1598003834,53
2020/8/21 16:57,1598003827,1598003828,-1
2020/8/21 16:56,1598003767,1598003767,0
2020/8/21 16:55,1598003707,1598003695,12
2020/8/21 16:54,1598003647,1598003641,6
2020/8/21 16:53,1598003587,1598003573,14
2020/8/21 16:52,1598003527,1598003528,-1
2020/8/21 16:51,1598003467,1598003448,19
2020/8/21 16:50,1598003407,1598003354,53
2020/8/21 16:49,1598003347,1598003344,3
2020/8/21 16:48,1598003287,1598003288,-1
2020/8/21 16:47,1598003227,1598003211,16
2020/8/21 16:46,1598003167,1598003124,43
2020/8/21 16:45,1598003107,1598003102,5
2020/8/21 16:44,1598003047,1598003006,41
2020/8/21 16:43,1598002987,1598002964,23
2020/8/21 16:42,1598002927,1598002928,-1
2020/8/21 16:41,1598002867,1598002855,12
2020/8/21 16:40,1598002807,1598002750,57
2020/8/21 16:39,1598002747,1598002720,27
2020/8/21 16:38,1598002687,1598002687,0
2020/8/21 16:37,1598002627,1598002554,73
2020/8/21 16:36,1598002567,1598002554,13
2020/8/21 16:35,1598002507,1598002478,29
2020/8/21 16:34,1598002447,1598002439,8
2020/8/21 16:33,1598002387,1598002349,38
2020/8/21 16:32,1598002327,1598002287,40
2020/8/21 16:31,1598002267,1598002258,9
2020/8/21 16:30,1598002207,1598002061,146
2020/8/21 16:29,1598002147,1598002061,86
2020/8/21 16:28,1598002087,1598002061,26
2020/8/21 16:27,1598002027,1598002019,8
2020/8/21 16:26,1598001967,1598001927,40
2020/8/21 16:25,1598001907,1598001793,114
2020/8/21 16:24,1598001847,1598001793,54
2020/8/21 16:23,1598001787,1598001761,26
2020/8/21 16:22,1598001727,1598001712,15
2020/8/21 16:21,1598001667,1598001600,67
2020/8/21 16:20,1598001607,1598001600,7
2020/8/21 16:19,1598001547,1598001547,0
2020/8/21 16:18,1598001487,1598001468,19
2020/8/21 16:17,1598001427,1598001407,20
2020/8/21 16:16,1598001367,1598001363,4
2020/8/21 16:15,1598001307,1598001295,12
2020/8/21 16:14,1598001247,1598001246,1
2020/8/21 16:13,1598001187,1598001160,27
2020/8/21 16:12,1598001127,1598001079,48
2020/8/21 16:11,1598001067,1598000986,81
2020/8/21 16:10,1598001007,1598000986,21
2020/8/21 16:09,1598000947,1598000920,27
2020/8/21 16:08,1598000887,1598000872,15
2020/8/21 16:07,1598000827,1598000748,79
2020/8/21 16:06,1598000767,1598000748,19
2020/8/21 16:05,1598000707,1598000708,-1
2020/8/21 16:04,1598000647,1598000615,32
2020/8/21 16:03,1598000587,1598000576,11
2020/8/21 16:02,1598000527,1598000523,4
2020/8/21 16:01,1598000467,1598000468,-1
2020/8/21 16:00,1598000407,1598000406,1
2020/8/21 15:59,1598000347,1598000261,86
2020/8/21 15:58,1598000287,1598000261,26
2020/8/21 15:57,1598000227,1598000188,39
2020/8/21 15:56,1598000167,1598000157,10
2020/8/21 15:55,1598000107,1598000082,25
2020/8/21 15:54,1598000047,1598000044,3
2020/8/21 15:53,1597999987,1597999960,27
2020/8/21 15:52,1597999927,1597999922,5
2020/8/21 15:51,1597999867,1597999849,18
2020/8/21 15:50,1597999807,1597999778,29
2020/8/21 15:49,1597999747,1597999697,50
2020/8/21 15:48,1597999687,1597999677,10
2020/8/21 15:47,1597999627,1597999584,43
2020/8/21 15:46,1597999567,1597999515,52
2020/8/21 15:45,1597999507,1597999504,3
2020/8/21 15:44,1597999447,1597999422,25
2020/8/21 15:43,1597999387,1597999386,1
2020/8/21 15:42,1597999327,1597999208,119
2020/8/21 15:41,1597999267,1597999208,59
2020/8/21 15:40,1597999207,1597999208,-1
2020/8/21 15:39,1597999147,1597999127,20
2020/8/21 15:38,1597999087,1597999066,21
2020/8/21 15:37,1597999027,1597999009,18
2020/8/21 15:36,1597998967,1597998963,4
2020/8/21 15:35,1597998907,1597998895,12
2020/8/21 15:34,1597998847,1597998771,76
2020/8/21 15:33,1597998787,1597998771,16
2020/8/21 15:32,1597998727,1597998710,17
2020/8/21 15:31,1597998667,1597998657,10
2020/8/21 15:30,1597998607,1597998577,30
2020/8/21 15:29,1597998547,1597998517,30
2020/8/21 15:28,1597998487,1597998488,-1
2020/8/21 15:27,1597998427,1597998426,1
2020/8/21 15:26,1597998367,1597998355,12
2020/8/21 15:25,1597998307,1597998294,13
2020/8/21 15:24,1597998247,1597998233,14
2020/8/21 15:23,1597998187,1597998151,36
2020/8/21 15:22,1597998127,1597998056,71
2020/8/21 15:21,1597998067,1597998056,11
2020/8/21 15:20,1597998007,1597997937,70
2020/8/21 15:19,1597997947,1597997937,10
2020/8/21 15:18,1597997887,1597997866,21
2020/8/21 15:17,1597997827,1597997825,2
2020/8/21 15:16,1597997767,1597997739,28
2020/8/21 15:15,1597997707,1597997692,15
2020/8/21 15:14,1597997647,1597997647,0
2020/8/21 15:13,1597997587,1597997530,57
2020/8/21 15:12,1597997527,1597997449,78
2020/8/21 15:11,1597997467,1597997449,18
2020/8/21 15:10,1597997407,1597997393,14
2020/8/21 15:09,1597997347,1597997306,41
2020/8/21 15:08,1597997287,1597997266,21
2020/8/21 15:07,1597997227,1597997185,42
2020/8/21 15:06,1597997167,1597997135,32
2020/8/21 15:05,1597997107,1597997104,3
2020/8/21 15:04,1597997047,1597997032,15
2020/8/21 15:03,1597996987,1597996911,76
2020/8/21 15:02,1597996927,1597996911,16
2020/8/21 15:01,1597996867,1597996810,57
2020/8/21 15:00,1597996807,1597996778,29
2020/8/21 14:59,1597996747,1597996674,73
2020/8/21 14:58,1597996687,1597996674,13
2020/8/21 14:57,1597996627,1597996576,51
2020/8/21 14:56,1597996567,1597996474,93
2020/8/21 14:55,1597996507,1597996474,33
2020/8/21 14:54,1597996447,1597996423,24
2020/8/21 14:53,1597996387,1597996367,20
2020/8/21 14:52,1597996327,1597996282,45
2020/8/21 14:51,1597996267,1597996251,16
2020/8/21 14:50,1597996207,1597996190,17
2020/8/21 14:49,1597996147,1597996112,35
2020/8/21 14:48,1597996087,1597996077,10
2020/8/21 14:47,1597996027,1597996018,9
2020/8/21 14:46,1597995967,1597995946,21
2020/8/21 14:45,1597995907,1597995906,1
2020/8/21 14:44,1597995847,1597995794,53
2020/8/21 14:43,1597995787,1597995744,43
2020/8/21 14:42,1597995727,1597995720,7
2020/8/21 14:41,1597995667,1597995625,42
2020/8/21 14:40,1597995607,1597995588,19
2020/8/21 14:39,1597995547,1597995531,16
2020/8/21 14:38,1597995487,1597995476,11
2020/8/21 14:37,1597995428,1597995396,32
2020/8/21 14:36,1597995367,1597995365,2
2020/8/21 14:35,1597995307,1597995252,55
2020/8/21 14:34,1597995247,1597995233,14
2020/8/21 14:33,1597995187,1597995172,15
2020/8/21 14:32,1597995127,1597995117,10
2020/8/21 14:31,1597995067,1597995040,27
2020/8/21 14:30,1597995007,1597994979,28
2020/8/21 14:29,1597994947,1597994909,38
2020/8/21 14:28,1597994887,1597994837,50
2020/8/21 14:27,1597994827,1597994806,21
2020/8/21 14:26,1597994767,1597994714,53
2020/8/21 14:25,1597994707,1597994653,54
2020/8/21 14:24,1597994647,1597994645,2
2020/8/21 14:23,1597994587,1597994532,55
2020/8/21 14:22,1597994527,1597994421,106
2020/8/21 14:21,1597994467,1597994421,46
2020/8/21 14:20,1597994407,1597994400,7
2020/8/21 14:19,1597994347,1597994338,9
2020/8/21 14:18,1597994287,1597994269,18
2020/8/21 14:17,1597994227,1597994226,1
2020/8/21 14:16,1597994167,1597994156,11
2020/8/21 14:15,1597994107,1597994106,1
2020/8/21 14:14,1597994047,1597993901,146
2020/8/21 14:13,1597993987,1597993901,86
2020/8/21 14:12,1597993927,1597993901,26
2020/8/21 14:11,1597993867,1597993810,57
2020/8/21 14:10,1597993807,1597993678,129
2020/8/21 14:09,1597993747,1597993678,69
2020/8/21 14:08,1597993687,1597993678,9
2020/8/21 14:07,1597993627,1597993596,31
2020/8/21 14:06,1597993567,1597993518,49
2020/8/21 14:05,1597993507,1597993504,3
2020/8/21 14:04,1597993447,1597993433,14
2020/8/21 14:03,1597993387,1597993374,13
2020/8/21 14:02,1597993327,1597993322,5
2020/8/21 14:01,1597993267,1597993260,7
2020/8/21 14:00,1597993207,1597993179,28
2020/8/21 13:59,1597993147,1597993137,10
2020/8/21 13:58,1597993087,1597993077,10
2020/8/21 13:57,1597993027,1597992955,72
2020/8/21 13:56,1597992967,1597992955,12
2020/8/21 13:55,1597992907,1597992904,3
2020/8/21 13:54,1597992847,1597992837,10
2020/8/21 13:53,1597992787,1597992771,16
2020/8/21 13:52,1597992727,1597992701,26
2020/8/21 13:51,1597992667,1597992619,48
2020/8/21 13:50,1597992607,1597992595,12
2020/8/21 13:49,1597992547,1597992436,111
2020/8/21 13:48,1597992487,1597992436,51
2020/8/21 13:47,1597992427,1597992385,42
2020/8/21 13:46,1597992367,1597992355,12
2020/8/21 13:45,1597992307,1597992284,23
2020/8/21 13:44,1597992247,1597992243,4
2020/8/21 13:43,1597992187,1597992151,36
2020/8/21 13:42,1597992127,1597992111,16
2020/8/21 13:41,1597992067,1597992067,0
2020/8/21 13:40,1597992007,1597991978,29
2020/8/21 13:39,1597991947,1597991938,9
2020/8/21 13:38,1597991887,1597991816,71
2020/8/21 13:37,1597991827,1597991816,11
2020/8/21 13:36,1597991767,1597991756,11
2020/8/21 13:35,1597991707,1597991633,74
2020/8/21 13:34,1597991647,1597991633,14
2020/8/21 13:33,1597991587,1597991538,49
2020/8/21 13:32,1597991527,1597991524,3
2020/8/21 13:31,1597991467,1597991458,9
2020/8/21 13:30,1597991407,1597991368,39
2020/8/21 13:29,1597991347,1597991318,29
2020/8/21 13:28,1597991287,1597991235,52
2020/8/21 13:27,1597991227,1597991216,11
2020/8/21 13:26,1597991167,1597991115,52
2020/8/21 13:25,1597991107,1597991075,32
2020/8/21 13:24,1597991047,1597991004,43
2020/8/21 13:23,1597990987,1597990911,76
2020/8/21 13:22,1597990927,1597990911,16
2020/8/21 13:21,1597990867,1597990861,6
2020/8/21 13:20,1597990807,1597990788,19
2020/8/21 13:19,1597990747,1597990691,56
2020/8/21 13:18,1597990687,1597990676,11
2020/8/21 13:17,1597990627,1597990615,12
2020/8/21 13:16,1597990567,1597990564,3
2020/8/21 13:15,1597990507,1597990493,14
2020/8/21 13:14,1597990447,1597990384,63
2020/8/21 13:13,1597990387,1597990384,3
2020/8/21 13:12,1597990327,1597990312,15
2020/8/21 13:11,1597990267,1597990229,38
2020/8/21 13:10,1597990207,1597990137,70
2020/8/21 13:09,1597990147,1597990137,10
2020/8/21 13:08,1597990087,1597990025,62
2020/8/21 13:07,1597990027,1597990025,2
2020/8/21 13:06,1597989967,1597989934,33
2020/8/21 13:05,1597989907,1597989833,74
2020/8/21 13:04,1597989847,1597989833,14
2020/8/21 13:03,1597989787,1597989679,108
2020/8/21 13:02,1597989727,1597989679,48
2020/8/21 13:01,1597989668,1597989614,54
2020/8/21 13:00,1597989607,1597989598,9
2020/8/21 12:59,1597989547,1597989506,41
2020/8/21 12:58,1597989487,1597989344,143
2020/8/21 12:57,1597989427,1597989344,83
2020/8/21 12:56,1597989367,1597989344,23
2020/8/21 12:55,1597989307,1597989252,55
2020/8/21 12:54,1597989247,1597989202,45
2020/8/21 12:53,1597989187,1597989149,38
2020/8/21 12:52,1597989127,1597989090,37
2020/8/21 12:51,1597989067,1597988999,68
2020/8/21 12:50,1597989007,1597988999,8
2020/8/21 12:49,1597988947,1597988897,50
2020/8/21 12:48,1597988887,1597988815,72
2020/8/21 12:47,1597988827,1597988815,12
2020/8/21 12:46,1597988767,1597988730,37
2020/8/21 12:45,1597988707,1597988683,24
2020/8/21 12:44,1597988647,1597988604,43
2020/8/21 12:43,1597988587,1597988573,14
2020/8/21 12:42,1597988527,1597988521,6
2020/8/21 12:41,1597988467,1597988455,12
2020/8/21 12:40,1597988407,1597988402,5
2020/8/21 12:39,1597988347,1597988328,19
2020/8/21 12:38,1597988287,1597988244,43
2020/8/21 12:37,1597988227,1597988227,0
2020/8/21 12:36,1597988167,1597988145,22
2020/8/21 12:35,1597988107,1597988077,30
2020/8/21 12:34,1597988047,1597988023,24
2020/8/21 12:33,1597987987,1597987918,69
2020/8/21 12:32,1597987927,1597987918,9
2020/8/21 12:31,1597987867,1597987866,1
2020/8/21 12:30,1597987807,1597987727,80
2020/8/21 12:29,1597987747,1597987727,20
2020/8/21 12:28,1597987687,1597987656,31
2020/8/21 12:27,1597987627,1597987575,52
2020/8/21 12:26,1597987567,1597987534,33
2020/8/21 12:25,1597987507,1597987493,14
2020/8/21 12:24,1597987447,1597987443,4
2020/8/21 12:23,1597987387,1597987351,36
2020/8/21 12:22,1597987327,1597987325,2
2020/8/21 12:21,1597987267,1597987264,3
2020/8/21 12:20,1597987207,1597987177,30
2020/8/21 12:19,1597987148,1597987144,4
2020/8/21 12:18,1597987087,1597987076,11
2020/8/21 12:17,1597987027,1597986995,32
2020/8/21 12:16,1597986967,1597986967,0
2020/8/21 12:15,1597986907,1597986905,2
2020/8/21 12:14,1597986847,1597986842,5
2020/8/21 12:13,1597986787,1597986741,46
2020/8/21 12:12,1597986727,1597986710,17
2020/8/21 12:11,1597986667,1597986608,59
2020/8/21 12:10,1597986607,1597986526,81
2020/8/21 12:09,1597986547,1597986526,21
2020/8/21 12:08,1597986487,1597986414,73
2020/8/21 12:07,1597986427,1597986414,13
2020/8/21 12:06,1597986367,1597986362,5
2020/8/21 12:05,1597986307,1597986282,25
2020/8/21 12:04,1597986247,1597986211,36
2020/8/21 12:03,1597986187,1597986167,20
2020/8/21 12:02,1597986127,1597986110,17
2020/8/21 12:01,1597986067,1597986040,27
2020/8/21 12:00,1597986007,1597986007,0
2020/8/21 11:59,1597985947,1597985937,10
2020/8/21 11:58,1597985887,1597985824,63
2020/8/21 11:57,1597985827,1597985824,3
2020/8/21 11:56,1597985767,1597985764,3
2020/8/21 11:55,1597985707,1597985707,0
2020/8/21 11:54,1597985647,1597985647,0
2020/8/21 11:53,1597985587,1597985551,36
2020/8/21 11:52,1597985527,1597985520,7
2020/8/21 11:51,1597985467,1597985459,8
2020/8/21 11:50,1597985407,1597985386,21
2020/8/21 11:49,1597985347,1597985344,3
2020/8/21 11:48,1597985287,1597985276,11
2020/8/21 11:47,1597985227,1597985195,32
2020/8/21 11:46,1597985167,1597985138,29
2020/8/21 11:45,1597985107,1597985077,30
2020/8/21 11:44,1597985047,1597985036,11
2020/8/21 11:43,1597984987,1597984941,46
2020/8/21 11:42,1597984927,1597984924,3
2020/8/21 11:41,1597984867,1597984808,59
2020/8/21 11:40,1597984807,1597984736,71
2020/8/21 11:39,1597984747,1597984736,11
2020/8/21 11:38,1597984687,1597984672,15
2020/8/21 11:37,1597984627,1597984563,64
2020/8/21 11:36,1597984567,1597984563,4
2020/8/21 11:35,1597984507,1597984493,14
2020/8/21 11:34,1597984447,1597984422,25
2020/8/21 11:33,1597984387,1597984361,26
2020/8/21 11:32,1597984327,1597984259,68
2020/8/21 11:31,1597984267,1597984259,8
2020/8/21 11:30,1597984207,1597984167,40
2020/8/21 11:29,1597984148,1597984076,72
2020/8/21 11:28,1597984087,1597984076,11
2020/8/21 11:27,1597984027,1597984015,12
2020/8/21 11:26,1597983967,1597983913,54
2020/8/21 11:25,1597983907,1597983812,95
2020/8/21 11:24,1597983847,1597983812,35
2020/8/21 11:23,1597983787,1597983776,11
2020/8/21 11:22,1597983727,1597983636,91
2020/8/21 11:21,1597983667,1597983636,31
2020/8/21 11:20,1597983607,1597983577,30
2020/8/21 11:19,1597983547,1597983494,53
2020/8/21 11:18,1597983487,1597983434,53
2020/8/21 11:17,1597983427,1597983383,44
2020/8/21 11:16,1597983367,1597983333,34
2020/8/21 11:15,1597983307,1597983292,15
2020/8/21 11:14,1597983247,1597983160,87
2020/8/21 11:13,1597983187,1597983160,27
2020/8/21 11:12,1597983127,1597983078,49
2020/8/21 11:11,1597983067,1597983003,64
2020/8/21 11:10,1597983007,1597983003,4
2020/8/21 11:09,1597982947,1597982946,1
2020/8/21 11:08,1597982887,1597982884,3
2020/8/21 11:07,1597982827,1597982816,11
2020/8/21 11:06,1597982767,1597982703,64
2020/8/21 11:05,1597982707,1597982703,4
2020/8/21 11:04,1597982647,1597982520,127
2020/8/21 11:03,1597982587,1597982520,67
2020/8/21 11:02,1597982527,1597982520,7
2020/8/21 11:01,1597982467,1597982385,82
2020/8/21 11:00,1597982407,1597982385,22
2020/8/21 10:59,1597982347,1597982346,1
2020/8/21 10:58,1597982287,1597982247,40
2020/8/21 10:57,1597982227,1597982228,-1
2020/8/21 10:56,1597982167,1597982143,24
2020/8/21 10:55,1597982107,1597982102,5
2020/8/21 10:54,1597982047,1597981953,94
2020/8/21 10:53,1597981987,1597981953,34
2020/8/21 10:52,1597981927,1597981878,49
2020/8/21 10:51,1597981867,1597981867,0
2020/8/21 10:50,1597981807,1597981803,4
2020/8/21 10:49,1597981747,1597981734,13
2020/8/21 10:48,1597981687,1597981656,31
2020/8/21 10:47,1597981627,1597981602,25
2020/8/21 10:46,1597981567,1597981521,46
2020/8/21 10:45,1597981507,1597981409,98
2020/8/21 10:44,1597981447,1597981409,38
2020/8/21 10:43,1597981387,1597981388,-1
2020/8/21 10:42,1597981327,1597981247,80
2020/8/21 10:41,1597981267,1597981247,20
2020/8/21 10:40,1597981207,1597981206,1
2020/8/21 10:39,1597981147,1597981147,0
2020/8/21 10:38,1597981087,1597980931,156
2020/8/21 10:37,1597981027,1597980931,96
2020/8/21 10:36,1597980967,1597980931,36
2020/8/21 10:35,1597980907,1597980788,119
2020/8/21 10:34,1597980847,1597980788,59
2020/8/21 10:33,1597980787,1597980788,-1
2020/8/21 10:32,1597980727,1597980625,102
2020/8/21 10:31,1597980667,1597980625,42
2020/8/21 10:30,1597980607,1597980565,42
2020/8/21 10:29,1597980547,1597980503,44
2020/8/21 10:28,1597980487,1597980472,15
2020/8/21 10:27,1597980427,1597980428,-1
2020/8/21 10:26,1597980367,1597980361,6
2020/8/21 10:25,1597980307,1597980297,10
2020/8/21 10:24,1597980247,1597980239,8
2020/8/21 10:23,1597980187,1597980178,9
2020/8/21 10:22,1597980127,1597980097,30
2020/8/21 10:21,1597980067,1597980003,64
2020/8/21 10:20,1597980007,1597980003,4
2020/8/21 10:19,1597979947,1597979902,45
2020/8/21 10:18,1597979887,1597979840,47
2020/8/21 10:17,1597979827,1597979820,7
2020/8/21 10:16,1597979767,1597979767,0
2020/8/21 10:15,1597979707,1597979637,70
2020/8/21 10:14,1597979647,1597979637,10
2020/8/21 10:13,1597979587,1597979525,62
2020/8/21 10:12,1597979527,1597979525,2
2020/8/21 10:11,1597979467,1597979454,13
2020/8/21 10:10,1597979407,1597979322,85
2020/8/21 10:09,1597979347,1597979322,25
2020/8/21 10:08,1597979287,1597979285,2
2020/8/21 10:07,1597979227,1597979180,47
2020/8/21 10:06,1597979167,1597979099,68
2020/8/21 10:05,1597979107,1597979099,8
2020/8/21 10:04,1597979047,1597979012,35
2020/8/21 10:03,1597978987,1597978987,0
2020/8/21 10:02,1597978927,1597978855,72
2020/8/21 10:01,1597978867,1597978855,12
2020/8/21 10:00,1597978807,1597978777,30
2020/8/21 09:59,1597978747,1597978712,35
2020/8/21 09:58,1597978687,1597978682,5
2020/8/21 09:57,1597978627,1597978580,47
2020/8/21 09:56,1597978567,1597978537,30
2020/8/21 09:55,1597978507,1597978417,90
2020/8/21 09:54,1597978447,1597978417,30
2020/8/21 09:53,1597978387,1597978382,5
2020/8/21 09:52,1597978327,1597978317,10
2020/8/21 09:51,1597978267,1597978245,22
2020/8/21 09:50,1597978207,1597978203,4
2020/8/21 09:49,1597978147,1597978141,6
2020/8/21 09:48,1597978087,1597978031,56
2020/8/21 09:47,1597978027,1597977990,37
2020/8/21 09:46,1597977967,1597977963,4
2020/8/21 09:45,1597977907,1597977867,40
2020/8/21 09:44,1597977848,1597977786,62
2020/8/21 09:43,1597977787,1597977786,1
2020/8/21 09:42,1597977727,1597977491,236
2020/8/21 09:41,1597977667,1597977491,176
2020/8/21 09:40,1597977607,1597977491,116
2020/8/21 09:39,1597977547,1597977491,56
2020/8/21 09:38,1597977487,1597977349,138
2020/8/21 09:37,1597977428,1597977349,79
2020/8/21 09:36,1597977367,1597977349,18
2020/8/21 09:35,1597977307,1597977298,9
2020/8/21 09:34,1597977247,1597977227,20
2020/8/21 09:33,1597977187,1597977132,55
2020/8/21 09:32,1597977127,1597977114,13
2020/8/21 09:31,1597977067,1597977043,24
2020/8/21 09:30,1597977007,1597976946,61
2020/8/21 09:29,1597976947,1597976946,1
2020/8/21 09:28,1597976887,1597976871,16
2020/8/21 09:27,1597976827,1597976828,-1
2020/8/21 09:26,1597976767,1597976767,0
2020/8/21 09:25,1597976707,1597976647,60
2020/8/21 09:24,1597976647,1597976647,0
2020/8/21 09:23,1597976587,1597976586,1
2020/8/21 09:22,1597976527,1597976503,24
2020/8/21 09:21,1597976467,1597976410,57
2020/8/21 09:20,1597976407,1597976390,17
2020/8/21 09:19,1597976347,1597976348,-1
2020/8/21 09:18,1597976287,1597976227,60
2020/8/21 09:17,1597976227,1597976227,0
2020/8/21 09:16,1597976167,1597976116,51
2020/8/21 09:15,1597976107,1597976095,12
2020/8/21 09:14,1597976047,1597975983,64
2020/8/21 09:13,1597975987,1597975983,4
2020/8/21 09:12,1597975927,1597975912,15
2020/8/21 09:11,1597975867,1597975868,-1
2020/8/21 09:10,1597975807,1597975779,28
2020/8/21 09:09,1597975747,1597975676,71
2020/8/21 09:08,1597975687,1597975676,11
2020/8/21 09:07,1597975628,1597975579,49
2020/8/21 09:06,1597975567,1597975562,5
2020/8/21 09:05,1597975507,1597975419,88
2020/8/21 09:04,1597975447,1597975419,28
2020/8/21 09:03,1597975387,1597975294,93
2020/8/21 09:02,1597975327,1597975294,33
2020/8/21 09:01,1597975267,1597975243,24
2020/8/21 09:00,1597975207,1597975185,22
2020/8/21 08:59,1597975147,1597975059,88
2020/8/21 08:58,1597975087,1597975059,28
2020/8/21 08:57,1597975027,1597974967,60
2020/8/21 08:56,1597974967,1597974967,0
2020/8/21 08:55,1597974907,1597974846,61
2020/8/21 08:54,1597974847,1597974846,1
2020/8/21 08:53,1597974787,1597974760,27
2020/8/21 08:52,1597974727,1597974713,14
2020/8/21 08:51,1597974667,1597974621,46
2020/8/21 08:50,1597974607,1597974591,16
2020/8/21 08:49,1597974547,1597974490,57
2020/8/21 08:48,1597974487,1597974445,42
2020/8/21 08:47,1597974427,1597974418,9
2020/8/21 08:46,1597974367,1597974367,0
2020/8/21 08:45,1597974307,1597974305,2
2020/8/21 08:44,1597974247,1597974247,0
2020/8/21 08:43,1597974187,1597974186,1
2020/8/21 08:42,1597974127,1597974089,38
2020/8/21 08:41,1597974067,1597974068,-1
2020/8/21 08:40,1597974007,1597974007,0
2020/8/21 08:39,1597973947,1597973869,78
2020/8/21 08:38,1597973887,1597973869,18
2020/8/21 08:37,1597973827,1597973808,19
2020/8/21 08:36,1597973767,1597973747,20
2020/8/21 08:35,1597973707,1597973676,31
2020/8/21 08:34,1597973647,1597973647,0
2020/8/21 08:33,1597973587,1597973570,17
2020/8/21 08:32,1597973527,1597973523,4
2020/8/21 08:31,1597973467,1597973441,26
2020/8/21 08:30,1597973407,1597973369,38
2020/8/21 08:29,1597973347,1597973347,0
2020/8/21 08:28,1597973287,1597973278,9
2020/8/21 08:27,1597973227,1597973217,10
2020/8/21 08:26,1597973167,1597973166,1
2020/8/21 08:25,1597973107,1597973084,23
2020/8/21 08:24,1597973047,1597973044,3
2020/8/21 08:23,1597972988,1597972985,3
2020/8/21 08:22,1597972927,1597972921,6
2020/8/21 08:21,1597972867,1597972859,8
2020/8/21 08:20,1597972807,1597972808,-1
2020/8/21 08:19,1597972747,1597972726,21
2020/8/21 08:18,1597972687,1597972675,12
2020/8/21 08:17,1597972627,1597972625,2
2020/8/21 08:16,1597972567,1597972546,21
2020/8/21 08:15,1597972507,1597972470,37
2020/8/21 08:14,1597972447,1597972419,28
2020/8/21 08:13,1597972387,1597972297,90
2020/8/21 08:12,1597972327,1597972297,30
2020/8/21 08:11,1597972267,1597972216,51
2020/8/21 08:10,1597972207,1597972196,11
2020/8/21 08:09,1597972147,1597972147,0
2020/8/21 08:08,1597972087,1597972049,38
2020/8/21 08:07,1597972027,1597972023,4
2020/8/21 08:06,1597971967,1597971965,2
2020/8/21 08:05,1597971907,1597971891,16
2020/8/21 08:04,1597971847,1597971810,37
2020/8/21 08:03,1597971787,1597971779,8
2020/8/21 08:02,1597971727,1597971725,2
2020/8/21 08:01,1597971667,1597971656,11
2020/8/21 08:00,1597971607,1597971545,62
2020/8/21 07:59,1597971547,1597971545,2
2020/8/21 07:58,1597971487,1597971485,2
2020/8/21 07:57,1597971427,1597971425,2
2020/8/21 07:56,1597971367,1597971361,6
2020/8/21 07:55,1597971307,1597971304,3
2020/8/21 07:54,1597971247,1597971240,7
2020/8/21 07:53,1597971187,1597971188,-1
2020/8/21 07:52,1597971127,1597971087,40
2020/8/21 07:51,1597971067,1597971026,41
2020/8/21 07:50,1597971007,1597970945,62
2020/8/21 07:49,1597970947,1597970945,2
2020/8/21 07:48,1597970887,1597970874,13
2020/8/21 07:47,1597970827,1597970812,15
2020/8/21 07:46,1597970767,1597970711,56
2020/8/21 07:45,1597970707,1597970630,77
2020/8/21 07:44,1597970647,1597970630,17
2020/8/21 07:43,1597970587,1597970559,28
2020/8/21 07:42,1597970527,1597970524,3
2020/8/21 07:41,1597970467,1597970468,-1
2020/8/21 07:40,1597970407,1597970372,35
2020/8/21 07:39,1597970347,1597970331,16
2020/8/21 07:38,1597970287,1597970270,17
2020/8/21 07:37,1597970227,1597970179,48
2020/8/21 07:36,1597970167,1597970118,49
2020/8/21 07:35,1597970107,1597970088,19
2020/8/21 07:34,1597970047,1597970046,1
2020/8/21 07:33,1597969987,1597969944,43
2020/8/21 07:32,1597969927,1597969891,36
2020/8/21 07:31,1597969867,1597969843,24
2020/8/21 07:30,1597969807,1597969792,15
2020/8/21 07:29,1597969747,1597969731,16
2020/8/21 07:28,1597969687,1597969661,26
2020/8/21 07:27,1597969627,1597969538,89
2020/8/21 07:26,1597969567,1597969538,29
2020/8/21 07:25,1597969507,1597969488,19
2020/8/21 07:24,1597969447,1597969411,36
2020/8/21 07:23,1597969387,1597969212,175
2020/8/21 07:22,1597969327,1597969212,115
2020/8/21 07:21,1597969267,1597969212,55
2020/8/21 07:20,1597969207,1597969080,127
2020/8/21 07:19,1597969147,1597969080,67
2020/8/21 07:18,1597969087,1597969080,7
2020/8/21 07:17,1597969027,1597968948,79
2020/8/21 07:16,1597968967,1597968948,19
2020/8/21 07:15,1597968907,1597968790,117
2020/8/21 07:14,1597968847,1597968790,57
2020/8/21 07:13,1597968787,1597968787,0
2020/8/21 07:12,1597968727,1597968726,1
2020/8/21 07:11,1597968667,1597968502,165
2020/8/21 07:10,1597968607,1597968502,105
2020/8/21 07:09,1597968547,1597968502,45
2020/8/21 07:08,1597968487,1597968092,395
2020/8/21 07:07,1597968427,1597968092,335
2020/8/21 07:06,1597968367,1597968092,275
2020/8/21 07:05,1597968307,1597968092,215
2020/8/21 07:04,1597968247,1597968092,155
2020/8/21 07:03,1597968187,1597968092,95
2020/8/21 07:02,1597968127,1597968092,35
2020/8/21 07:01,1597968067,1597968065,2
2020/8/21 07:00,1597968007,1597967963,44
2020/8/21 06:59,1597967947,1597967907,40
2020/8/21 06:58,1597967888,1597967699,189
2020/8/21 06:57,1597967827,1597967699,128
2020/8/21 06:56,1597967767,1597967699,68
2020/8/21 06:55,1597967707,1597967699,8
2020/8/21 06:54,1597967647,1597967577,70
2020/8/21 06:53,1597967587,1597967577,10
2020/8/21 06:52,1597967527,1597967486,41
2020/8/21 06:51,1597967467,1597967324,143
2020/8/21 06:50,1597967407,1597967324,83
2020/8/21 06:49,1597967347,1597967324,23
2020/8/21 06:48,1597967287,1597967216,71
2020/8/21 06:47,1597967227,1597967216,11
2020/8/21 06:46,1597967167,1597967162,5
2020/8/21 06:45,1597967107,1597967054,53
2020/8/21 06:44,1597967047,1597967043,4
2020/8/21 06:43,1597966987,1597966909,78
2020/8/21 06:42,1597966927,1597966909,18
2020/8/21 06:41,1597966867,1597966832,35
2020/8/21 06:40,1597966807,1597966807,0
2020/8/21 06:39,1597966747,1597966746,1
2020/8/21 06:38,1597966687,1597966614,73
2020/8/21 06:37,1597966627,1597966614,13
2020/8/21 06:36,1597966567,1597966492,75
2020/8/21 06:35,1597966507,1597966492,15
2020/8/21 06:34,1597966447,1597966371,76
2020/8/21 06:33,1597966387,1597966371,16
2020/8/21 06:32,1597966327,1597966178,149
2020/8/21 06:31,1597966267,1597966178,89
2020/8/21 06:30,1597966207,1597966178,29
2020/8/21 06:29,1597966147,1597966141,6
2020/8/21 06:28,1597966087,1597966086,1
2020/8/21 06:27,1597966027,1597966026,1
2020/8/21 06:26,1597965967,1597965934,33
2020/8/21 06:25,1597965907,1597965894,13
2020/8/21 06:24,1597965847,1597965792,55
2020/8/21 06:23,1597965787,1597965654,133
2020/8/21 06:22,1597965727,1597965654,73
2020/8/21 06:21,1597965667,1597965654,13
2020/8/21 06:20,1597965607,1597965589,18
2020/8/21 06:19,1597965547,1597965478,69
2020/8/21 06:18,1597965487,1597965478,9
2020/8/21 06:17,1597965427,1597965426,1
2020/8/21 06:16,1597965367,1597965356,11
2020/8/21 06:15,1597965307,1597965264,43
2020/8/21 06:14,1597965247,1597965233,14
2020/8/21 06:13,1597965187,1597965151,36
2020/8/21 06:12,1597965127,1597965120,7
2020/8/21 06:11,1597965067,1597965058,9
2020/8/21 06:10,1597965007,1597964997,10
2020/8/21 06:09,1597964947,1597964927,20
2020/8/21 06:08,1597964887,1597964815,72
2020/8/21 06:07,1597964827,1597964815,12
2020/8/21 06:06,1597964767,1597964763,4
2020/8/21 06:05,1597964707,1597964622,85
2020/8/21 06:04,1597964647,1597964622,25
2020/8/21 06:03,1597964587,1597964490,97
2020/8/21 06:02,1597964527,1597964490,37
2020/8/21 06:01,1597964467,1597964348,119
2020/8/21 06:00,1597964407,1597964348,59
2020/8/21 05:59,1597964347,1597964348,-1
2020/8/21 05:58,1597964287,1597964195,92
2020/8/21 05:57,1597964227,1597964195,32
2020/8/21 05:56,1597964167,1597964124,43
2020/8/21 05:55,1597964107,1597964107,0
2020/8/21 05:54,1597964047,1597963971,76
2020/8/21 05:53,1597963987,1597963971,16
2020/8/21 05:52,1597963927,1597963900,27
2020/8/21 05:51,1597963867,1597963816,51
2020/8/21 05:50,1597963807,1597963779,28
2020/8/21 05:49,1597963747,1597963651,96
2020/8/21 05:48,1597963687,1597963651,36
2020/8/21 05:47,1597963627,1597963619,8
2020/8/21 05:46,1597963567,1597963514,53
2020/8/21 05:45,1597963507,1597963352,155
2020/8/21 05:44,1597963447,1597963352,95
2020/8/21 05:43,1597963387,1597963352,35
2020/8/21 05:42,1597963327,1597963250,77
2020/8/21 05:41,1597963267,1597963250,17
2020/8/21 05:40,1597963207,1597963088,119
2020/8/21 05:39,1597963147,1597963088,59
2020/8/21 05:38,1597963087,1597963032,55
2020/8/21 05:37,1597963027,1597962994,33
2020/8/21 05:36,1597962967,1597962905,62
2020/8/21 05:35,1597962907,1597962905,2
2020/8/21 05:34,1597962847,1597962798,49
2020/8/21 05:33,1597962787,1597962773,14
2020/8/21 05:32,1597962727,1597962661,66
2020/8/21 05:31,1597962667,1597962661,6
2020/8/21 05:30,1597962607,1597962600,7
2020/8/21 05:29,1597962547,1597962519,28
2020/8/21 05:28,1597962487,1597962483,4
2020/8/21 05:27,1597962427,1597962422,5
2020/8/21 05:26,1597962367,1597962305,62
2020/8/21 05:25,1597962307,1597962305,2
2020/8/21 05:24,1597962247,1597962183,64
2020/8/21 05:23,1597962187,1597962183,4
2020/8/21 05:22,1597962127,1597962082,45
2020/8/21 05:21,1597962067,1597962041,26
2020/8/21 05:20,1597962007,1597961980,27
2020/8/21 05:19,1597961947,1597961939,8
2020/8/21 05:18,1597961887,1597961869,18
2020/8/21 05:17,1597961827,1597961787,40
2020/8/21 05:16,1597961767,1597961748,19
2020/8/21 05:15,1597961707,1597961705,2
2020/8/21 05:14,1597961647,1597961645,2
2020/8/21 05:13,1597961587,1597961564,23
2020/8/21 05:12,1597961527,1597961523,4
2020/8/21 05:11,1597961467,1597961441,26
2020/8/21 05:10,1597961407,1597961398,9
2020/8/21 05:09,1597961347,1597961340,7
2020/8/21 05:08,1597961287,1597961208,79
2020/8/21 05:07,1597961227,1597961208,19
2020/8/21 05:06,1597961167,1597961158,9
2020/8/21 05:05,1597961107,1597961094,13
2020/8/21 05:04,1597961047,1597961015,32
2020/8/21 05:03,1597960987,1597960986,1
2020/8/21 05:02,1597960927,1597960920,7
2020/8/21 05:01,1597960867,1597960802,65
2020/8/21 05:00,1597960807,1597960802,5
2020/8/21 04:59,1597960747,1597960710,37
2020/8/21 04:58,1597960687,1597960684,3
2020/8/21 04:57,1597960627,1597960548,79
2020/8/21 04:56,1597960567,1597960548,19
2020/8/21 04:55,1597960507,1597960507,0
2020/8/21 04:54,1597960447,1597960344,103
2020/8/21 04:53,1597960387,1597960344,43
2020/8/21 04:52,1597960327,1597960324,3
2020/8/21 04:51,1597960267,1597960249,18
2020/8/21 04:50,1597960207,1597960182,25
2020/8/21 04:49,1597960147,1597960132,15
2020/8/21 04:48,1597960087,1597960081,6
2020/8/21 04:47,1597960027,1597959938,89
2020/8/21 04:46,1597959967,1597959938,29
2020/8/21 04:45,1597959907,1597959888,19
2020/8/21 04:44,1597959847,1597959806,41
2020/8/21 04:43,1597959787,1597959746,41
2020/8/21 04:42,1597959727,1597959712,15
2020/8/21 04:41,1597959667,1597959591,76
2020/8/21 04:40,1597959607,1597959591,16
2020/8/21 04:39,1597959547,1597959520,27
2020/8/21 04:38,1597959487,1597959445,42
2020/8/21 04:37,1597959427,1597959424,3
2020/8/21 04:36,1597959367,1597959358,9
2020/8/21 04:35,1597959307,1597959305,2
2020/8/21 04:34,1597959247,1597959230,17
2020/8/21 04:33,1597959187,1597959175,12
2020/8/21 04:32,1597959127,1597959091,36
2020/8/21 04:31,1597959067,1597959057,10
2020/8/21 04:30,1597959007,1597959008,-1
2020/8/21 04:29,1597958947,1597958930,17
2020/8/21 04:28,1597958887,1597958878,9
2020/8/21 04:27,1597958827,1597958799,28
2020/8/21 04:26,1597958767,1597958727,40
2020/8/21 04:25,1597958707,1597958656,51
2020/8/21 04:24,1597958647,1597958596,51
2020/8/21 04:23,1597958587,1597958564,23
2020/8/21 04:22,1597958527,1597958490,37
2020/8/21 04:21,1597958467,1597958462,5
2020/8/21 04:20,1597958407,1597958394,13
2020/8/21 04:19,1597958347,1597958340,7
2020/8/21 04:18,1597958287,1597958269,18
2020/8/21 04:17,1597958227,1597958221,6
2020/8/21 04:16,1597958167,1597958168,-1
2020/8/21 04:15,1597958107,1597958109,-2
2020/8/21 04:14,1597958047,1597958047,0
2020/8/21 04:13,1597957987,1597957913,74
2020/8/21 04:12,1597957927,1597957913,14
2020/8/21 04:11,1597957867,1597957862,5
2020/8/21 04:10,1597957807,1597957791,16
2020/8/21 04:09,1597957747,1597957731,16
2020/8/21 04:08,1597957687,1597957662,25
2020/8/21 04:07,1597957627,1597957619,8
2020/8/21 04:06,1597957567,1597957537,30
2020/8/21 04:05,1597957507,1597957487,20
2020/8/21 04:04,1597957447,1597957396,51
2020/8/21 04:03,1597957387,1597957365,22
2020/8/21 04:02,1597957327,1597957326,1
2020/8/21 04:01,1597957267,1597957213,54
2020/8/21 04:00,1597957207,1597957204,3
2020/8/21 03:59,1597957147,1597957142,5
2020/8/21 03:58,1597957087,1597957050,37
2020/8/21 03:57,1597957027,1597957025,2
2020/8/21 03:56,1597956967,1597956961,6
2020/8/21 03:55,1597956907,1597956888,19
2020/8/21 03:54,1597956847,1597956828,19
2020/8/21 03:53,1597956787,1597956787,0
2020/8/21 03:52,1597956727,1597956725,2
2020/8/21 03:51,1597956667,1597956634,33
2020/8/21 03:50,1597956607,1597956583,24
2020/8/21 03:49,1597956547,1597956491,56
2020/8/21 03:48,1597956487,1597956460,27
2020/8/21 03:47,1597956427,1597956427,0
2020/8/21 03:46,1597956367,1597956288,79
2020/8/21 03:45,1597956307,1597956288,19
2020/8/21 03:44,1597956247,1597956216,31
2020/8/21 03:43,1597956187,1597956185,2
2020/8/21 03:42,1597956127,1597956124,3
2020/8/21 03:41,1597956067,1597956033,34
2020/8/21 03:40,1597956007,1597955992,15
2020/8/21 03:39,1597955947,1597955870,77
2020/8/21 03:38,1597955887,1597955870,17
2020/8/21 03:37,1597955827,1597955820,7
2020/8/21 03:36,1597955767,1597955765,2
2020/8/21 03:35,1597955707,1597955708,-1
2020/8/21 03:34,1597955647,1597955647,0
2020/8/21 03:33,1597955587,1597955576,11
2020/8/21 03:32,1597955527,1597955525,2
2020/8/21 03:31,1597955467,1597955454,13
2020/8/21 03:30,1597955407,1597955383,24
2020/8/21 03:29,1597955347,1597955342,5
2020/8/21 03:28,1597955287,1597955271,16
2020/8/21 03:27,1597955227,1597955214,13
2020/8/21 03:26,1597955167,1597955119,48
2020/8/21 03:25,1597955107,1597955098,9
2020/8/21 03:24,1597955047,1597955018,29
2020/8/21 03:23,1597954987,1597954946,41
2020/8/21 03:22,1597954927,1597954855,72
2020/8/21 03:21,1597954867,1597954855,12
2020/8/21 03:20,1597954807,1597954782,25
2020/8/21 03:19,1597954747,1597954711,36
2020/8/21 03:18,1597954687,1597954650,37
2020/8/21 03:17,1597954627,1597954610,17
2020/8/21 03:16,1597954567,1597954507,60
2020/8/21 03:15,1597954507,1597954507,0
2020/8/21 03:14,1597954447,1597954448,-1
2020/8/21 03:13,1597954387,1597954285,102
2020/8/21 03:12,1597954327,1597954285,42
2020/8/21 03:11,1597954267,1597954251,16
2020/8/21 03:10,1597954207,1597954183,24
2020/8/21 03:09,1597954147,1597954112,35
2020/8/21 03:08,1597954087,1597954023,64
2020/8/21 03:07,1597954027,1597954023,4
2020/8/21 03:06,1597953967,1597953939,28
2020/8/21 03:05,1597953907,1597953871,36
2020/8/21 03:04,1597953847,1597953817,30
2020/8/21 03:03,1597953787,1597953665,122
2020/8/21 03:02,1597953727,1597953665,62
2020/8/21 03:01,1597953667,1597953665,2
2020/8/21 03:00,1597953607,1597953604,3
2020/8/21 02:59,1597953547,1597953497,50
2020/8/21 02:58,1597953487,1597953472,15
2020/8/21 02:57,1597953427,1597953319,108
2020/8/21 02:56,1597953367,1597953319,48
2020/8/21 02:55,1597953307,1597953299,8
2020/8/21 02:54,1597953247,1597953248,-1
2020/8/21 02:53,1597953187,1597953136,51
2020/8/21 02:52,1597953127,1597953065,62
2020/8/21 02:51,1597953067,1597953065,2
2020/8/21 02:50,1597953007,1597953003,4
2020/8/21 02:49,1597952947,1597952946,1
2020/8/21 02:48,1597952887,1597952882,5
2020/8/21 02:47,1597952827,1597952809,18
2020/8/21 02:46,1597952767,1597952768,-1
2020/8/21 02:45,1597952707,1597952648,59
2020/8/21 02:44,1597952647,1597952648,-1
2020/8/21 02:43,1597952587,1597952527,60
2020/8/21 02:42,1597952527,1597952527,0
2020/8/21 02:41,1597952467,1597952454,13
2020/8/21 02:40,1597952407,1597952406,1
2020/8/21 02:39,1597952348,1597952280,68
2020/8/21 02:38,1597952287,1597952280,7
2020/8/21 02:37,1597952227,1597952199,28
2020/8/21 02:36,1597952167,1597952148,19
2020/8/21 02:35,1597952107,1597952067,40
2020/8/21 02:34,1597952047,1597952047,0
2020/8/21 02:33,1597951987,1597951986,1
2020/8/21 02:32,1597951927,1597951909,18
2020/8/21 02:31,1597951867,1597951813,54
2020/8/21 02:30,1597951807,1597951790,17
2020/8/21 02:29,1597951747,1597951748,-1
2020/8/21 02:28,1597951687,1597951638,49
2020/8/21 02:27,1597951627,1597951624,3
2020/8/21 02:26,1597951567,1597951508,59
2020/8/21 02:25,1597951507,1597951508,-1
2020/8/21 02:24,1597951447,1597951426,21
2020/8/21 02:23,1597951387,1597951382,5
2020/8/21 02:22,1597951327,1597951316,11
2020/8/21 02:21,1597951267,1597951265,2
2020/8/21 02:20,1597951207,1597951167,40
2020/8/21 02:19,1597951147,1597951031,116
2020/8/21 02:18,1597951087,1597951031,56
2020/8/21 02:17,1597951027,1597950940,87
2020/8/21 02:16,1597950967,1597950940,27
2020/8/21 02:15,1597950907,1597950818,89
2020/8/21 02:14,1597950847,1597950818,29
2020/8/21 02:13,1597950787,1597950635,152
2020/8/21 02:12,1597950727,1597950635,92
2020/8/21 02:11,1597950667,1597950635,32
2020/8/21 02:10,1597950607,1597950593,14
2020/8/21 02:09,1597950547,1597950483,64
2020/8/21 02:08,1597950487,1597950483,4
2020/8/21 02:07,1597950427,1597950392,35
2020/8/21 02:06,1597950367,1597950212,155
2020/8/21 02:05,1597950307,1597950212,95
2020/8/21 02:04,1597950247,1597950212,35
2020/8/21 02:03,1597950187,1597950142,45
2020/8/21 02:02,1597950127,1597950015,112
2020/8/21 02:01,1597950067,1597950015,52
2020/8/21 02:00,1597950007,1597949872,135
2020/8/21 01:59,1597949947,1597949872,75
2020/8/21 01:58,1597949887,1597949872,15
2020/8/21 01:57,1597949827,1597949812,15
2020/8/21 01:56,1597949767,1597949720,47
2020/8/21 01:55,1597949707,1597949690,17
2020/8/21 01:54,1597949647,1597949639,8
2020/8/21 01:53,1597949588,1597949527,61
2020/8/21 01:52,1597949527,1597949527,0
2020/8/21 01:51,1597949467,1597949462,5
2020/8/21 01:50,1597949407,1597949354,53
2020/8/21 01:49,1597949347,1597949303,44
2020/8/21 01:48,1597949287,1597949211,76
2020/8/21 01:47,1597949227,1597949211,16
2020/8/21 01:46,1597949167,1597949164,3
2020/8/21 01:45,1597949107,1597949100,7
2020/8/21 01:44,1597949047,1597949040,7
2020/8/21 01:43,1597948987,1597948958,29
2020/8/21 01:42,1597948927,1597948896,31
2020/8/21 01:41,1597948867,1597948824,43
2020/8/21 01:40,1597948807,1597948796,11
2020/8/21 01:39,1597948747,1597948737,10
2020/8/21 01:38,1597948687,1597948671,16
2020/8/21 01:37,1597948627,1597948594,33
2020/8/21 01:36,1597948567,1597948509,58
2020/8/21 01:35,1597948507,1597948489,18
2020/8/21 01:34,1597948447,1597948397,50
2020/8/21 01:33,1597948387,1597948367,20
2020/8/21 01:32,1597948327,1597948319,8
2020/8/21 01:31,1597948267,1597948253,14
2020/8/21 01:30,1597948207,1597948184,23
2020/8/21 01:29,1597948147,1597948096,51
2020/8/21 01:28,1597948087,1597948054,33
2020/8/21 01:27,1597948027,1597948001,26
2020/8/21 01:26,1597947967,1597947950,17
2020/8/21 01:25,1597947907,1597947849,58
2020/8/21 01:24,1597947847,1597947706,141
2020/8/21 01:23,1597947787,1597947706,81
2020/8/21 01:22,1597947727,1597947706,21
2020/8/21 01:21,1597947667,1597947588,79
2020/8/21 01:20,1597947607,1597947588,19
2020/8/21 01:19,1597947547,1597947533,14
2020/8/21 01:18,1597947487,1597947462,25
2020/8/21 01:17,1597947427,1597947401,26
2020/8/21 01:16,1597947367,1597947363,4
2020/8/21 01:15,1597947307,1597947259,48
2020/8/21 01:14,1597947247,1597947188,59
2020/8/21 01:13,1597947188,1597947188,0
2020/8/21 01:12,1597947127,1597947065,62
2020/8/21 01:11,1597947067,1597947065,2
2020/8/21 01:10,1597947007,1597946964,43
2020/8/21 01:09,1597946947,1597946933,14
2020/8/21 01:08,1597946887,1597946842,45
2020/8/21 01:07,1597946827,1597946674,153
2020/8/21 01:06,1597946767,1597946674,93
2020/8/21 01:05,1597946707,1597946674,33
2020/8/21 01:04,1597946647,1597946611,36
2020/8/21 01:03,1597946587,1597946454,133
2020/8/21 01:02,1597946527,1597946454,73
2020/8/21 01:01,1597946467,1597946454,13
2020/8/21 01:00,1597946407,1597946390,17
2020/8/21 00:59,1597946347,1597946348,-1
2020/8/21 00:58,1597946287,1597946278,9
2020/8/21 00:57,1597946227,1597946209,18
2020/8/21 00:56,1597946167,1597946146,21
2020/8/21 00:55,1597946107,1597946095,12
2020/8/21 00:54,1597946047,1597946021,26
2020/8/21 00:53,1597945987,1597945953,34
2020/8/21 00:52,1597945927,1597945866,61
2020/8/21 00:51,1597945867,1597945866,1
2020/8/21 00:50,1597945807,1597945800,7
2020/8/21 00:49,1597945747,1597945576,171
2020/8/21 00:48,1597945687,1597945576,111
2020/8/21 00:47,1597945627,1597945576,51
2020/8/21 00:46,1597945567,1597945546,21
2020/8/21 00:45,1597945507,1597945424,83
2020/8/21 00:44,1597945447,1597945424,23
2020/8/21 00:43,1597945387,1597945353,34
2020/8/21 00:42,1597945327,1597945262,65
2020/8/21 00:41,1597945267,1597945262,5
2020/8/21 00:40,1597945207,1597945186,21
2020/8/21 00:39,1597945147,1597945146,1
2020/8/21 00:38,1597945087,1597945088,-1
2020/8/21 00:37,1597945027,1597945028,-1
2020/8/21 00:36,1597944967,1597944950,17
2020/8/21 00:35,1597944907,1597944884,23
2020/8/21 00:34,1597944847,1597944814,33
2020/8/21 00:33,1597944787,1597944783,4
2020/8/21 00:32,1597944727,1597944728,-1
2020/8/21 00:31,1597944667,1597944620,47
2020/8/21 00:30,1597944607,1597944580,27
2020/8/21 00:29,1597944547,1597944518,29
2020/8/21 00:28,1597944487,1597944478,9
2020/8/21 00:27,1597944427,1597944426,1
2020/8/21 00:26,1597944367,1597944321,46
2020/8/21 00:25,1597944307,1597944308,-1
2020/8/21 00:24,1597944247,1597944183,64
2020/8/21 00:23,1597944187,1597944183,4
2020/8/21 00:22,1597944127,1597944122,5
2020/8/21 00:21,1597944067,1597944040,27
2020/8/21 00:20,1597944007,1597944004,3
2020/8/21 00:19,1597943947,1597943917,30
2020/8/21 00:18,1597943887,1597943826,61
2020/8/21 00:17,1597943827,1597943826,1
2020/8/21 00:16,1597943767,1597943755,12
2020/8/21 00:15,1597943707,1597943696,11
2020/8/21 00:14,1597943647,1597943643,4
2020/8/21 00:13,1597943587,1597943551,36
2020/8/21 00:12,1597943527,1597943481,46
2020/8/21 00:11,1597943467,1597943460,7
2020/8/21 00:10,1597943407,1597943350,57
2020/8/21 00:09,1597943347,1597943349,-2
2020/8/21 00:08,1597943287,1597943287,0
2020/8/21 00:07,1597943227,1597943226,1
2020/8/21 00:06,1597943167,1597943135,32
2020/8/21 00:05,1597943107,1597943054,53
2020/8/21 00:04,1597943047,1597943033,14
2020/8/21 00:03,1597942987,1597942987,0
2020/8/21 00:02,1597942927,1597942921,6
2020/8/21 00:01,1597942867,1597942840,27
2020/8/21 00:00,1597942807,1597942758,49
2020/8/20 23:59,1597942747,1597942736,11
2020/8/20 23:58,1597942687,1597942686,1
2020/8/20 23:57,1597942627,1597942544,83
2020/8/20 23:56,1597942567,1597942544,23
2020/8/20 23:55,1597942507,1597942463,44
2020/8/20 23:54,1597942447,1597942443,4
2020/8/20 23:53,1597942387,1597942298,89
2020/8/20 23:52,1597942327,1597942298,29
2020/8/20 23:51,1597942267,1597942265,2
2020/8/20 23:50,1597942207,1597942137,70
2020/8/20 23:49,1597942147,1597942137,10
2020/8/20 23:48,1597942087,1597942076,11
2020/8/20 23:47,1597942027,1597942004,23
2020/8/20 23:46,1597941967,1597941965,2
2020/8/20 23:45,1597941907,1597941894,13
2020/8/20 23:44,1597941847,1597941833,14
2020/8/20 23:43,1597941787,1597941741,46
2020/8/20 23:42,1597941727,1597941711,16
2020/8/20 23:41,1597941667,1597941663,4
2020/8/20 23:40,1597941607,1597941599,8
2020/8/20 23:39,1597941547,1597941467,80
2020/8/20 23:38,1597941487,1597941467,20
2020/8/20 23:37,1597941427,1597941355,72
2020/8/20 23:36,1597941367,1597941355,12
2020/8/20 23:35,1597941307,1597941277,30
2020/8/20 23:34,1597941247,1597941162,85
2020/8/20 23:33,1597941187,1597941162,25
2020/8/20 23:32,1597941127,1597941112,15
2020/8/20 23:31,1597941067,1597941050,17
2020/8/20 23:30,1597941007,1597940898,109
2020/8/20 23:29,1597940947,1597940898,49
2020/8/20 23:28,1597940887,1597940817,70
2020/8/20 23:27,1597940827,1597940817,10
2020/8/20 23:26,1597940767,1597940705,62
2020/8/20 23:25,1597940707,1597940705,2
2020/8/20 23:24,1597940647,1597940610,37
2020/8/20 23:23,1597940587,1597940580,7
2020/8/20 23:22,1597940527,1597940512,15
2020/8/20 23:21,1597940467,1597940468,-1
2020/8/20 23:20,1597940407,1597940390,17
2020/8/20 23:19,1597940347,1597940329,18
2020/8/20 23:18,1597940287,1597940274,13
2020/8/20 23:17,1597940227,1597940115,112
2020/8/20 23:16,1597940167,1597940115,52
2020/8/20 23:15,1597940107,1597940096,11
2020/8/20 23:14,1597940047,1597940044,3
2020/8/20 23:13,1597939987,1597939948,39
2020/8/20 23:12,1597939927,1597939888,39
2020/8/20 23:11,1597939867,1597939791,76
2020/8/20 23:10,1597939807,1597939791,16
2020/8/20 23:09,1597939747,1597939740,7
2020/8/20 23:08,1597939687,1597939680,7
2020/8/20 23:07,1597939627,1597939618,9
2020/8/20 23:06,1597939567,1597939486,81
2020/8/20 23:05,1597939508,1597939486,22
2020/8/20 23:04,1597939447,1597939425,22
2020/8/20 23:03,1597939387,1597939385,2
2020/8/20 23:02,1597939327,1597939272,55
2020/8/20 23:01,1597939267,1597939232,35
2020/8/20 23:00,1597939207,1597939204,3
2020/8/20 22:59,1597939147,1597939131,16
2020/8/20 22:58,1597939087,1597939029,58
2020/8/20 22:57,1597939027,1597939029,-2
2020/8/20 22:56,1597938967,1597938965,2
2020/8/20 22:55,1597938907,1597938907,0
2020/8/20 22:54,1597938847,1597938815,32
2020/8/20 22:53,1597938787,1597938781,6
2020/8/20 22:52,1597938727,1597938693,34
2020/8/20 22:51,1597938667,1597938602,65
2020/8/20 22:50,1597938607,1597938602,5
2020/8/20 22:49,1597938547,1597938540,7
2020/8/20 22:48,1597938487,1597938467,20
2020/8/20 22:47,1597938427,1597938368,59
2020/8/20 22:46,1597938367,1597938368,-1
2020/8/20 22:45,1597938307,1597938283,24
2020/8/20 22:44,1597938247,1597938235,12
2020/8/20 22:43,1597938187,1597938143,44
2020/8/20 22:42,1597938127,1597938100,27
2020/8/20 22:41,1597938067,1597938050,17
2020/8/20 22:40,1597938007,1597937970,37
2020/8/20 22:39,1597937947,1597937929,18
2020/8/20 22:38,1597937887,1597937868,19
2020/8/20 22:37,1597937827,1597937817,10
2020/8/20 22:36,1597937767,1597937750,17
2020/8/20 22:35,1597937707,1597937703,4
2020/8/20 22:34,1597937647,1597937624,23
2020/8/20 22:33,1597937587,1597937539,48
2020/8/20 22:32,1597937527,1597937528,-1
2020/8/20 22:31,1597937467,1597937431,36
2020/8/20 22:30,1597937407,1597937408,-1
2020/8/20 22:29,1597937347,1597937258,89
2020/8/20 22:28,1597937287,1597937258,29
2020/8/20 22:27,1597937227,1597937228,-1
2020/8/20 22:26,1597937167,1597937075,92
2020/8/20 22:25,1597937107,1597937075,32
2020/8/20 22:24,1597937047,1597937035,12
2020/8/20 22:23,1597936987,1597936974,13
2020/8/20 22:22,1597936927,1597936881,46
2020/8/20 22:21,1597936867,1597936810,57
2020/8/20 22:20,1597936807,1597936667,140
2020/8/20 22:19,1597936747,1597936667,80
2020/8/20 22:18,1597936687,1597936667,20
2020/8/20 22:17,1597936627,1597936607,20
2020/8/20 22:16,1597936567,1597936521,46
2020/8/20 22:15,1597936507,1597936505,2
2020/8/20 22:14,1597936447,1597936312,135
2020/8/20 22:13,1597936387,1597936312,75
2020/8/20 22:12,1597936327,1597936312,15
2020/8/20 22:11,1597936267,1597936230,37
2020/8/20 22:10,1597936207,1597936149,58
2020/8/20 22:09,1597936147,1597936067,80
2020/8/20 22:08,1597936087,1597936067,20
2020/8/20 22:07,1597936027,1597935956,71
2020/8/20 22:06,1597935967,1597935956,11
2020/8/20 22:05,1597935907,1597935908,-1
2020/8/20 22:04,1597935847,1597935804,43
2020/8/20 22:03,1597935787,1597935745,42
2020/8/20 22:02,1597935727,1597935641,86
2020/8/20 22:01,1597935667,1597935641,26
2020/8/20 22:00,1597935607,1597935602,5
2020/8/20 21:59,1597935547,1597935518,29
2020/8/20 21:58,1597935487,1597935468,19
2020/8/20 21:57,1597935427,1597935396,31
2020/8/20 21:56,1597935367,1597935357,10
2020/8/20 21:55,1597935307,1597935294,13
2020/8/20 21:54,1597935247,1597935248,-1
2020/8/20 21:53,1597935187,1597935177,10
2020/8/20 21:52,1597935127,1597935111,16
2020/8/20 21:51,1597935067,1597935067,0
2020/8/20 21:50,1597935007,1597934990,17
2020/8/20 21:49,1597934947,1597934929,18
2020/8/20 21:48,1597934887,1597934837,50
2020/8/20 21:47,1597934827,1597934777,50
2020/8/20 21:46,1597934767,1597934634,133
2020/8/20 21:45,1597934707,1597934634,73
2020/8/20 21:44,1597934647,1597934634,13
2020/8/20 21:43,1597934587,1597934481,106
2020/8/20 21:42,1597934527,1597934481,46
2020/8/20 21:41,1597934467,1597934410,57
2020/8/20 21:40,1597934407,1597934339,68
2020/8/20 21:39,1597934347,1597934339,8
2020/8/20 21:38,1597934287,1597934249,38
2020/8/20 21:37,1597934227,1597934223,4
2020/8/20 21:36,1597934167,1597934167,0
2020/8/20 21:35,1597934107,1597934093,14
2020/8/20 21:34,1597934047,1597934003,44
2020/8/20 21:33,1597933987,1597933932,55
2020/8/20 21:32,1597933927,1597933926,1
2020/8/20 21:31,1597933867,1597933835,32
2020/8/20 21:30,1597933807,1597933808,-1
2020/8/20 21:29,1597933747,1597933740,7
2020/8/20 21:28,1597933687,1597933642,45
2020/8/20 21:27,1597933627,1597933629,-2
2020/8/20 21:26,1597933567,1597933536,31
2020/8/20 21:25,1597933507,1597933505,2
2020/8/20 21:24,1597933447,1597933434,13
2020/8/20 21:23,1597933387,1597933388,-1
2020/8/20 21:22,1597933327,1597933325,2
2020/8/20 21:21,1597933268,1597933259,9
2020/8/20 21:20,1597933207,1597933204,3
2020/8/20 21:19,1597933147,1597933085,62
2020/8/20 21:18,1597933087,1597933085,2
2020/8/20 21:17,1597933027,1597933008,19
2020/8/20 21:16,1597932967,1597932968,-1
2020/8/20 21:15,1597932907,1597932898,9
2020/8/20 21:14,1597932847,1597932844,3
2020/8/20 21:13,1597932787,1597932780,7
2020/8/20 21:12,1597932727,1597932719,8
2020/8/20 21:11,1597932667,1597932659,8
2020/8/20 21:10,1597932607,1597932605,2
2020/8/20 21:09,1597932547,1597932546,1
2020/8/20 21:08,1597932487,1597932475,12
2020/8/20 21:07,1597932427,1597932383,44
2020/8/20 21:06,1597932367,1597932353,14
2020/8/20 21:05,1597932307,1597932262,45
2020/8/20 21:04,1597932247,1597932234,13
2020/8/20 21:03,1597932187,1597932089,98
2020/8/20 21:02,1597932127,1597932089,38
2020/8/20 21:01,1597932067,1597932039,28
2020/8/20 21:00,1597932007,1597932004,3
2020/8/20 20:59,1597931947,1597931866,81
2020/8/20 20:58,1597931887,1597931866,21
2020/8/20 20:57,1597931827,1597931804,23
2020/8/20 20:56,1597931767,1597931713,54
2020/8/20 20:55,1597931707,1597931683,24
2020/8/20 20:54,1597931647,1597931550,97
2020/8/20 20:53,1597931587,1597931550,37
2020/8/20 20:52,1597931527,1597931500,27
2020/8/20 20:51,1597931467,1597931460,7
2020/8/20 20:50,1597931407,1597931337,70
2020/8/20 20:49,1597931347,1597931337,10
2020/8/20 20:48,1597931287,1597931287,0
2020/8/20 20:47,1597931227,1597931225,2
2020/8/20 20:46,1597931167,1597931165,2
2020/8/20 20:45,1597931107,1597931106,1
2020/8/20 20:44,1597931047,1597931043,4
2020/8/20 20:43,1597930987,1597930940,47
2020/8/20 20:42,1597930927,1597930928,-1
2020/8/20 20:41,1597930867,1597930829,38
2020/8/20 20:40,1597930807,1597930788,19
2020/8/20 20:39,1597930747,1597930740,7
2020/8/20 20:38,1597930687,1597930658,29
2020/8/20 20:37,1597930627,1597930625,2
2020/8/20 20:36,1597930567,1597930534,33
2020/8/20 20:35,1597930507,1597930443,64
2020/8/20 20:34,1597930447,1597930443,4
2020/8/20 20:33,1597930387,1597930352,35
2020/8/20 20:32,1597930327,1597930321,6
2020/8/20 20:31,1597930267,1597930163,104
2020/8/20 20:30,1597930207,1597930163,44
2020/8/20 20:29,1597930147,1597930148,-1
2020/8/20 20:28,1597930087,1597930088,-1
2020/8/20 20:27,1597930027,1597929998,29
2020/8/20 20:26,1597929967,1597929967,0
2020/8/20 20:25,1597929907,1597929896,11
2020/8/20 20:24,1597929847,1597929834,13
2020/8/20 20:23,1597929787,1597929742,45
2020/8/20 20:22,1597929727,1597929677,50
2020/8/20 20:21,1597929667,1597929669,-2
2020/8/20 20:20,1597929607,1597929588,19
2020/8/20 20:19,1597929547,1597929548,-1
2020/8/20 20:18,1597929487,1597929486,1
2020/8/20 20:17,1597929427,1597929420,7
2020/8/20 20:16,1597929367,1597929364,3
2020/8/20 20:15,1597929307,1597929304,3
2020/8/20 20:14,1597929247,1597929211,36
2020/8/20 20:13,1597929187,1597929188,-1
2020/8/20 20:12,1597929127,1597929110,17
2020/8/20 20:11,1597929067,1597929066,1
2020/8/20 20:10,1597929007,1597928968,39
2020/8/20 20:09,1597928947,1597928906,41
2020/8/20 20:08,1597928887,1597928774,113
2020/8/20 20:07,1597928827,1597928774,53
2020/8/20 20:06,1597928767,1597928747,20
2020/8/20 20:05,1597928707,1597928708,-1
2020/8/20 20:04,1597928647,1597928582,65
2020/8/20 20:03,1597928587,1597928582,5
2020/8/20 20:02,1597928527,1597928487,40
2020/8/20 20:01,1597928467,1597928428,39
2020/8/20 20:00,1597928407,1597928377,30
2020/8/20 19:59,1597928347,1597928336,11
2020/8/20 19:58,1597928287,1597928255,32
2020/8/20 19:57,1597928227,1597928187,40
2020/8/20 19:56,1597928167,1597928022,145
2020/8/20 19:55,1597928107,1597928022,85
2020/8/20 19:54,1597928047,1597928022,25
2020/8/20 19:53,1597927987,1597927921,66
2020/8/20 19:52,1597927927,1597927921,6
2020/8/20 19:51,1597927867,1597927854,13
2020/8/20 19:50,1597927807,1597927728,79
2020/8/20 19:49,1597927747,1597927728,19
2020/8/20 19:48,1597927687,1597927576,111
2020/8/20 19:47,1597927627,1597927576,51
2020/8/20 19:46,1597927567,1597927521,46
2020/8/20 19:45,1597927507,1597927431,76
2020/8/20 19:44,1597927447,1597927431,16
2020/8/20 19:43,1597927387,1597927357,30
2020/8/20 19:42,1597927327,1597927318,9
2020/8/20 19:41,1597927267,1597927230,37
2020/8/20 19:40,1597927207,1597927168,39
2020/8/20 19:39,1597927147,1597927128,19
2020/8/20 19:38,1597927087,1597927077,10
2020/8/20 19:37,1597927027,1597927007,20
2020/8/20 19:36,1597926967,1597926966,1
2020/8/20 19:35,1597926907,1597926905,2
2020/8/20 19:34,1597926847,1597926807,40
2020/8/20 19:33,1597926787,1597926742,45
2020/8/20 19:32,1597926727,1597926726,1
2020/8/20 19:31,1597926667,1597926665,2
2020/8/20 19:30,1597926607,1597926609,-2
2020/8/20 19:29,1597926547,1597926548,-1
2020/8/20 19:28,1597926487,1597926476,11
2020/8/20 19:27,1597926427,1597926421,6
2020/8/20 19:26,1597926367,1597926336,31
2020/8/20 19:25,1597926307,1597926301,6
2020/8/20 19:24,1597926247,1597926224,23
2020/8/20 19:23,1597926187,1597926183,4
2020/8/20 19:22,1597926127,1597926062,65
2020/8/20 19:21,1597926067,1597926062,5
2020/8/20 19:20,1597926007,1597926007,0
2020/8/20 19:19,1597925947,1597925948,-1
2020/8/20 19:18,1597925887,1597925813,74
2020/8/20 19:17,1597925827,1597925813,14
2020/8/20 19:16,1597925767,1597925727,40
2020/8/20 19:15,1597925707,1597925574,133
2020/8/20 19:14,1597925647,1597925574,73
2020/8/20 19:13,1597925587,1597925574,13
2020/8/20 19:12,1597925527,1597925388,139
2020/8/20 19:11,1597925467,1597925388,79
2020/8/20 19:10,1597925407,1597925388,19
2020/8/20 19:09,1597925347,1597925332,15
2020/8/20 19:08,1597925287,1597924620,667
2020/8/20 19:07,1597925227,1597924620,607
2020/8/20 19:06,1597925167,1597924620,547
2020/8/20 19:05,1597925107,1597924620,487
2020/8/20 19:04,1597925047,1597924620,427
2020/8/20 19:03,1597924987,1597924620,367
2020/8/20 19:02,1597924927,1597924620,307
2020/8/20 19:01,1597924867,1597924620,247
2020/8/20 19:00,1597924807,1597924620,187
2020/8/20 18:59,1597924747,1597924620,127
2020/8/20 18:58,1597924687,1597924620,67
2020/8/20 18:57,1597924627,1597924620,7
2020/8/20 18:56,1597924567,1597924083,484
2020/8/20 18:55,1597924507,1597924083,424
2020/8/20 18:54,1597924447,1597924083,364
2020/8/20 18:53,1597924387,1597924083,304
2020/8/20 18:52,1597924327,1597924083,244
2020/8/20 18:51,1597924267,1597924083,184
2020/8/20 18:50,1597924207,1597924083,124
2020/8/20 18:49,1597924147,1597924083,64
2020/8/20 18:48,1597924087,1597924083,4
2020/8/20 18:47,1597924027,1597923911,116
2020/8/20 18:46,1597923967,1597923911,56
2020/8/20 18:45,1597923907,1597923780,127
2020/8/20 18:44,1597923847,1597923780,67
2020/8/20 18:43,1597923787,1597923780,7
2020/8/20 18:42,1597923727,1597923677,50
2020/8/20 18:41,1597923667,1597923535,132
2020/8/20 18:40,1597923607,1597923535,72
2020/8/20 18:39,1597923547,1597923535,12
2020/8/20 18:38,1597923487,1597923424,63
2020/8/20 18:37,1597923427,1597923424,3
2020/8/20 18:36,1597923367,1597923354,13
2020/8/20 18:35,1597923307,1597923307,0
2020/8/20 18:34,1597923247,1597923170,77
2020/8/20 18:33,1597923187,1597923170,17
2020/8/20 18:32,1597923127,1597923126,1
2020/8/20 18:31,1597923067,1597922937,130
2020/8/20 18:30,1597923007,1597922937,70
2020/8/20 18:29,1597922947,1597922937,10
2020/8/20 18:28,1597922887,1597922856,31
2020/8/20 18:27,1597922827,1597922795,32
2020/8/20 18:26,1597922767,1597922733,34
2020/8/20 18:25,1597922707,1597922705,2
2020/8/20 18:24,1597922647,1597922561,86
2020/8/20 18:23,1597922587,1597922561,26
2020/8/20 18:22,1597922527,1597922449,78
2020/8/20 18:21,1597922467,1597922449,18
2020/8/20 18:20,1597922407,1597922358,49
2020/8/20 18:19,1597922347,1597922339,8
2020/8/20 18:18,1597922287,1597922206,81
2020/8/20 18:17,1597922227,1597922206,21
2020/8/20 18:16,1597922167,1597922104,63
2020/8/20 18:15,1597922107,1597922104,3
2020/8/20 18:14,1597922047,1597921992,55
2020/8/20 18:13,1597921987,1597921952,35
2020/8/20 18:12,1597921927,1597921926,1
2020/8/20 18:11,1597921867,1597921820,47
2020/8/20 18:10,1597921807,1597921790,17
2020/8/20 18:09,1597921747,1597921747,0
2020/8/20 18:08,1597921687,1597921670,17
2020/8/20 18:07,1597921627,1597921627,0
2020/8/20 18:06,1597921567,1597921536,31
2020/8/20 18:05,1597921507,1597921485,22
2020/8/20 18:04,1597921447,1597921436,11
2020/8/20 18:03,1597921387,1597921342,45
2020/8/20 18:02,1597921327,1597921311,16
2020/8/20 18:01,1597921267,1597921260,7
2020/8/20 18:00,1597921207,1597921202,5
2020/8/20 17:59,1597921147,1597921075,72
2020/8/20 17:58,1597921087,1597921075,12
2020/8/20 17:57,1597921027,1597920943,84
2020/8/20 17:56,1597920967,1597920943,24
2020/8/20 17:55,1597920907,1597920902,5
2020/8/20 17:54,1597920847,1597920821,26
2020/8/20 17:53,1597920787,1597920786,1
2020/8/20 17:52,1597920727,1597920689,38
2020/8/20 17:51,1597920667,1597920637,30
2020/8/20 17:50,1597920607,1597920566,41
2020/8/20 17:49,1597920547,1597920546,1
2020/8/20 17:48,1597920487,1597920464,23
2020/8/20 17:47,1597920427,1597920394,33
2020/8/20 17:46,1597920367,1597920323,44
2020/8/20 17:45,1597920307,1597920272,35
2020/8/20 17:44,1597920247,1597920180,67
2020/8/20 17:43,1597920187,1597920180,7
2020/8/20 17:42,1597920127,1597920099,28
2020/8/20 17:41,1597920067,1597919998,69
2020/8/20 17:40,1597920007,1597919998,9
2020/8/20 17:39,1597919947,1597919917,30
2020/8/20 17:38,1597919887,1597919886,1
2020/8/20 17:37,1597919828,1597919662,166
2020/8/20 17:36,1597919767,1597919662,105
2020/8/20 17:35,1597919707,1597919662,45
2020/8/20 17:34,1597919647,1597919635,12
2020/8/20 17:33,1597919587,1597919581,6
2020/8/20 17:32,1597919527,1597919520,7
2020/8/20 17:31,1597919467,1597919459,8
2020/8/20 17:30,1597919407,1597919408,-1
2020/8/20 17:29,1597919347,1597919347,0
2020/8/20 17:28,1597919287,1597919237,50
2020/8/20 17:27,1597919227,1597919228,-1
2020/8/20 17:26,1597919167,1597919167,0
2020/8/20 17:25,1597919107,1597919068,39
2020/8/20 17:24,1597919047,1597919003,44
2020/8/20 17:23,1597918987,1597918987,0
2020/8/20 17:22,1597918927,1597918860,67
2020/8/20 17:21,1597918867,1597918860,7
2020/8/20 17:20,1597918807,1597918770,37
2020/8/20 17:19,1597918747,1597918728,19
2020/8/20 17:18,1597918687,1597918677,10
2020/8/20 17:17,1597918627,1597918585,42
2020/8/20 17:16,1597918567,1597918555,12
2020/8/20 17:15,1597918507,1597918485,22
2020/8/20 17:14,1597918447,1597918442,5
2020/8/20 17:13,1597918387,1597918356,31
2020/8/20 17:12,1597918327,1597918295,32
2020/8/20 17:11,1597918267,1597918264,3
2020/8/20 17:10,1597918207,1597918194,13
2020/8/20 17:09,1597918147,1597918086,61
2020/8/20 17:08,1597918087,1597918086,1
2020/8/20 17:07,1597918027,1597917985,42
2020/8/20 17:06,1597917967,1597917914,53
2020/8/20 17:05,1597917907,1597917895,12
2020/8/20 17:04,1597917847,1597917843,4
2020/8/20 17:03,1597917787,1597917660,127
2020/8/20 17:02,1597917727,1597917660,67
2020/8/20 17:01,1597917667,1597917660,7
2020/8/20 17:00,1597917607,1597917607,0
2020/8/20 16:59,1597917548,1597917474,74
2020/8/20 16:58,1597917487,1597917474,13
2020/8/20 16:57,1597917427,1597917415,12
2020/8/20 16:56,1597917367,1597917352,15
2020/8/20 16:55,1597917307,1597917252,55
2020/8/20 16:54,1597917247,1597917245,2
2020/8/20 16:53,1597917187,1597917149,38
2020/8/20 16:52,1597917127,1597917068,59
2020/8/20 16:51,1597917067,1597917068,-1
2020/8/20 16:50,1597917007,1597916987,20
2020/8/20 16:49,1597916947,1597916946,1
2020/8/20 16:48,1597916887,1597916882,5
2020/8/20 16:47,1597916827,1597916794,33
2020/8/20 16:46,1597916767,1597916733,34
2020/8/20 16:45,1597916707,1597916661,46
2020/8/20 16:44,1597916647,1597916620,27
2020/8/20 16:43,1597916587,1597916519,68
2020/8/20 16:42,1597916527,1597916519,8
2020/8/20 16:41,1597916467,1597916458,9
2020/8/20 16:40,1597916407,1597916371,36
2020/8/20 16:39,1597916347,1597916344,3
2020/8/20 16:38,1597916287,1597916183,104
2020/8/20 16:37,1597916227,1597916183,44
2020/8/20 16:36,1597916167,1597916163,4
2020/8/20 16:35,1597916107,1597916092,15
2020/8/20 16:34,1597916047,1597915989,58
2020/8/20 16:33,1597915987,1597915939,48
2020/8/20 16:32,1597915927,1597915918,9
2020/8/20 16:31,1597915867,1597915858,9
2020/8/20 16:30,1597915807,1597915766,41
2020/8/20 16:29,1597915747,1597915705,42
2020/8/20 16:28,1597915687,1597915633,54
2020/8/20 16:27,1597915627,1597915612,15
2020/8/20 16:26,1597915567,1597915568,-1
2020/8/20 16:25,1597915507,1597915426,81
2020/8/20 16:24,1597915447,1597915426,21
2020/8/20 16:23,1597915387,1597915374,13
2020/8/20 16:22,1597915327,1597915282,45
2020/8/20 16:21,1597915267,1597915242,25
2020/8/20 16:20,1597915207,1597915190,17
2020/8/20 16:19,1597915147,1597915119,28
2020/8/20 16:18,1597915087,1597915047,40
2020/8/20 16:17,1597915027,1597915017,10
2020/8/20 16:16,1597914967,1597914968,-1
2020/8/20 16:15,1597914907,1597914895,12
2020/8/20 16:14,1597914847,1597914822,25
2020/8/20 16:13,1597914787,1597914754,33
2020/8/20 16:12,1597914727,1597914671,56
2020/8/20 16:11,1597914667,1597914626,41
2020/8/20 16:10,1597914607,1597914607,0
2020/8/20 16:09,1597914547,1597914459,88
2020/8/20 16:08,1597914487,1597914459,28
2020/8/20 16:07,1597914427,1597914391,36
2020/8/20 16:06,1597914367,1597914301,66
2020/8/20 16:05,1597914307,1597914301,6
2020/8/20 16:04,1597914247,1597914234,13
2020/8/20 16:03,1597914187,1597914135,52
2020/8/20 16:02,1597914127,1597914122,5
2020/8/20 16:01,1597914067,1597914049,18
2020/8/20 16:00,1597914007,1597913947,60
2020/8/20 15:59,1597913947,1597913929,18
2020/8/20 15:58,1597913887,1597913885,2
2020/8/20 15:57,1597913827,1597913815,12
2020/8/20 15:56,1597913767,1597913688,79
2020/8/20 15:55,1597913707,1597913688,19
2020/8/20 15:54,1597913647,1597913622,25
2020/8/20 15:53,1597913587,1597913571,16
2020/8/20 15:52,1597913527,1597913513,14
2020/8/20 15:51,1597913467,1597913450,17
2020/8/20 15:50,1597913407,1597913404,3
2020/8/20 15:49,1597913347,1597913337,10
2020/8/20 15:48,1597913287,1597913246,41
2020/8/20 15:47,1597913227,1597913223,4
2020/8/20 15:46,1597913167,1597913154,13
2020/8/20 15:45,1597913107,1597913093,14
2020/8/20 15:44,1597913047,1597913002,45
2020/8/20 15:43,1597912987,1597912902,85
2020/8/20 15:42,1597912927,1597912902,25
2020/8/20 15:41,1597912867,1597912859,8
2020/8/20 15:40,1597912807,1597912778,29
2020/8/20 15:39,1597912747,1597912696,51
2020/8/20 15:38,1597912687,1597912686,1
2020/8/20 15:37,1597912627,1597912615,12
2020/8/20 15:36,1597912567,1597912507,60
2020/8/20 15:35,1597912507,1597912507,0
2020/8/20 15:34,1597912447,1597912422,25
2020/8/20 15:33,1597912387,1597912386,1
2020/8/20 15:32,1597912327,1597912318,9
2020/8/20 15:31,1597912267,1597912208,59
2020/8/20 15:30,1597912207,1597912195,12
2020/8/20 15:29,1597912147,1597912109,38
2020/8/20 15:28,1597912087,1597912045,42
2020/8/20 15:27,1597912027,1597912026,1
2020/8/20 15:26,1597911967,1597911954,13
2020/8/20 15:25,1597911907,1597911864,43
2020/8/20 15:24,1597911847,1597911843,4
2020/8/20 15:23,1597911787,1597911751,36
2020/8/20 15:22,1597911727,1597911726,1
2020/8/20 15:21,1597911667,1597911639,28
2020/8/20 15:20,1597911607,1597911557,50
2020/8/20 15:19,1597911547,1597911497,50
2020/8/20 15:18,1597911487,1597911475,12
2020/8/20 15:17,1597911427,1597911397,30
2020/8/20 15:16,1597911367,1597911367,0
2020/8/20 15:15,1597911307,1597911293,14
2020/8/20 15:14,1597911247,1597911212,35
2020/8/20 15:13,1597911187,1597911175,12
2020/8/20 15:12,1597911127,1597911100,27
2020/8/20 15:11,1597911067,1597911058,9
2020/8/20 15:10,1597911007,1597911007,0
2020/8/20 15:09,1597910947,1597910944,3
2020/8/20 15:08,1597910887,1597910874,13
2020/8/20 15:07,1597910827,1597910821,6
2020/8/20 15:06,1597910767,1597910702,65
2020/8/20 15:05,1597910707,1597910702,5
2020/8/20 15:04,1597910647,1597910609,38
2020/8/20 15:03,1597910587,1597910578,9
2020/8/20 15:02,1597910527,1597910517,10
2020/8/20 15:01,1597910467,1597910419,48
2020/8/20 15:00,1597910407,1597910392,15
2020/8/20 14:59,1597910347,1597910334,13
2020/8/20 14:58,1597910287,1597910221,66
2020/8/20 14:57,1597910227,1597910221,6
2020/8/20 14:56,1597910167,1597910160,7
2020/8/20 14:55,1597910107,1597910102,5
2020/8/20 14:54,1597910047,1597910020,27
2020/8/20 14:53,1597909987,1597909986,1
2020/8/20 14:52,1597909927,1597909875,52
2020/8/20 14:51,1597909867,1597909790,77
2020/8/20 14:50,1597909807,1597909790,17
2020/8/20 14:49,1597909747,1597909734,13
2020/8/20 14:48,1597909687,1597909589,98
2020/8/20 14:47,1597909627,1597909589,38
2020/8/20 14:46,1597909567,1597909444,123
2020/8/20 14:45,1597909507,1597909444,63
2020/8/20 14:44,1597909447,1597909444,3
2020/8/20 14:43,1597909387,1597909362,25
2020/8/20 14:42,1597909327,1597909322,5
2020/8/20 14:41,1597909267,1597909239,28
2020/8/20 14:40,1597909207,1597909190,17
2020/8/20 14:39,1597909148,1597909105,43
2020/8/20 14:38,1597909087,1597909083,4
2020/8/20 14:37,1597909027,1597909013,14
2020/8/20 14:36,1597908967,1597908960,7
2020/8/20 14:35,1597908907,1597908873,34
2020/8/20 14:34,1597908847,1597908838,9
2020/8/20 14:33,1597908787,1597908760,27
2020/8/20 14:32,1597908727,1597908713,14
2020/8/20 14:31,1597908667,1597908647,20
2020/8/20 14:30,1597908607,1597908562,45
2020/8/20 14:29,1597908547,1597908543,4
2020/8/20 14:28,1597908487,1597908455,32
2020/8/20 14:27,1597908427,1597908324,103
2020/8/20 14:26,1597908367,1597908324,43
2020/8/20 14:25,1597908307,1597908307,0
2020/8/20 14:24,1597908247,1597908201,46
2020/8/20 14:23,1597908187,1597908170,17
2020/8/20 14:22,1597908127,1597908069,58
2020/8/20 14:21,1597908067,1597908058,9
2020/8/20 14:20,1597908007,1597907977,30
2020/8/20 14:19,1597907947,1597907896,51
2020/8/20 14:18,1597907887,1597907885,2
2020/8/20 14:17,1597907827,1597907827,0
2020/8/20 14:16,1597907767,1597907759,8
2020/8/20 14:15,1597907707,1597907702,5
2020/8/20 14:14,1597907647,1597907641,6
2020/8/20 14:13,1597907587,1597907585,2
2020/8/20 14:12,1597907527,1597907500,27
2020/8/20 14:11,1597907467,1597907467,0
2020/8/20 14:10,1597907407,1597907408,-1
2020/8/20 14:09,1597907348,1597907331,17
2020/8/20 14:08,1597907287,1597907265,22
2020/8/20 14:07,1597907227,1597907203,24
2020/8/20 14:06,1597907167,1597907084,83
2020/8/20 14:05,1597907107,1597907084,23
2020/8/20 14:04,1597907047,1597906980,67
2020/8/20 14:03,1597906987,1597906980,7
2020/8/20 14:02,1597906927,1597906914,13
2020/8/20 14:01,1597906867,1597906848,19
2020/8/20 14:00,1597906807,1597906787,20
2020/8/19 23:59,1597856347,1597856289,58
2020/8/19 23:58,1597856287,1597856287,0
2020/8/19 23:57,1597856227,1597856191,36
2020/8/19 23:56,1597856168,1597856151,17
2020/8/19 23:55,1597856107,1597856080,27
2020/8/19 23:54,1597856047,1597856030,17
2020/8/19 23:53,1597855987,1597855977,10
2020/8/19 23:52,1597855927,1597855916,11
2020/8/19 23:51,1597855867,1597855855,12
2020/8/19 23:50,1597855807,1597855784,23
2020/8/19 23:49,1597855747,1597855747,0
2020/8/19 23:48,1597855687,1597855668,19
2020/8/19 23:47,1597855627,1597855611,16
2020/8/19 23:46,1597855567,1597855567,0
2020/8/19 23:45,1597855507,1597855459,48
2020/8/19 23:44,1597855447,1597855444,3
2020/8/19 23:43,1597855387,1597855378,9
2020/8/19 23:42,1597855327,1597855320,7
2020/8/19 23:41,1597855267,1597855264,3
2020/8/19 23:40,1597855207,1597855174,33
2020/8/19 23:39,1597855147,1597855113,34
2020/8/19 23:38,1597855087,1597855042,45
2020/8/19 23:37,1597855027,1597855001,26
2020/8/19 23:36,1597854967,1597854951,16
2020/8/19 23:35,1597854907,1597854900,7
2020/8/19 23:34,1597854847,1597854842,5
2020/8/19 23:33,1597854787,1597854784,3
2020/8/19 23:32,1597854727,1597854711,16
2020/8/19 23:31,1597854667,1597854634,33
2020/8/19 23:30,1597854607,1597854595,12
2020/8/19 23:29,1597854547,1597854544,3
2020/8/19 23:28,1597854487,1597854432,55
2020/8/19 23:27,1597854427,1597854412,15
2020/8/19 23:26,1597854367,1597854339,28
2020/8/19 23:25,1597854307,1597854299,8
2020/8/19 23:24,1597854247,1597854228,19
2020/8/19 23:23,1597854187,1597854157,30
2020/8/19 23:22,1597854127,1597854107,20
2020/8/19 23:21,1597854067,1597854067,0
2020/8/19 23:20,1597854007,1597853999,8
2020/8/19 23:19,1597853947,1597853883,64
2020/8/19 23:18,1597853887,1597853883,4
2020/8/19 23:17,1597853827,1597853813,14
2020/8/19 23:16,1597853767,1597853761,6
2020/8/19 23:15,1597853707,1597853681,26
2020/8/19 23:14,1597853647,1597853631,16
2020/8/19 23:13,1597853587,1597853558,29
2020/8/19 23:12,1597853527,1597853519,8
2020/8/19 23:11,1597853467,1597853461,6
2020/8/19 23:10,1597853407,1597853399,8
2020/8/19 23:09,1597853347,1597853345,2
2020/8/19 23:08,1597853287,1597853283,4
2020/8/19 23:07,1597853227,1597853222,5
2020/8/19 23:06,1597853167,1597853157,10
2020/8/19 23:05,1597853107,1597853106,1
2020/8/19 23:04,1597853047,1597853029,18
2020/8/19 23:03,1597852987,1597852948,39
2020/8/19 23:02,1597852927,1597852926,1
2020/8/19 23:01,1597852867,1597852816,51
2020/8/19 23:00,1597852807,1597852807,0
2020/8/19 22:59,1597852747,1597852743,4
2020/8/19 22:58,1597852687,1597852679,8
2020/8/19 22:57,1597852627,1597852618,9
2020/8/19 22:56,1597852567,1597852542,25
2020/8/19 22:55,1597852507,1597852460,47
2020/8/19 22:54,1597852447,1597852430,17
2020/8/19 22:53,1597852387,1597852313,74
2020/8/19 22:52,1597852327,1597852313,14
2020/8/19 22:51,1597852267,1597852267,0
2020/8/19 22:50,1597852207,1597852145,62
2020/8/19 22:49,1597852147,1597852145,2
2020/8/19 22:48,1597852087,1597851962,125
2020/8/19 22:47,1597852027,1597851962,65
2020/8/19 22:46,1597851967,1597851962,5
2020/8/19 22:45,1597851907,1597851780,127
2020/8/19 22:44,1597851847,1597851780,67
2020/8/19 22:43,1597851787,1597851780,7
2020/8/19 22:42,1597851727,1597851657,70
2020/8/19 22:41,1597851667,1597851657,10
2020/8/19 22:40,1597851607,1597851515,92
2020/8/19 22:39,1597851547,1597851515,32
2020/8/19 22:38,1597851487,1597851457,30
2020/8/19 22:37,1597851427,1597851372,55
2020/8/19 22:36,1597851367,1597851362,5
2020/8/19 22:35,1597851307,1597851291,16
2020/8/19 22:34,1597851247,1597851220,27
2020/8/19 22:33,1597851187,1597851109,78
2020/8/19 22:32,1597851127,1597851109,18
2020/8/19 22:31,1597851067,1597851016,51
2020/8/19 22:30,1597851007,1597850986,21
2020/8/19 22:29,1597850947,1597850945,2
2020/8/19 22:28,1597850887,1597850855,32
2020/8/19 22:27,1597850827,1597850784,43
2020/8/19 22:26,1597850767,1597850741,26
2020/8/19 22:25,1597850707,1597850678,29
2020/8/19 22:24,1597850647,1597850644,3
2020/8/19 22:23,1597850587,1597850518,69
2020/8/19 22:22,1597850527,1597850518,9
2020/8/19 22:21,1597850467,1597850457,10
2020/8/19 22:20,1597850407,1597850375,32
2020/8/19 22:19,1597850347,1597850324,23
2020/8/19 22:18,1597850287,1597850253,34
2020/8/19 22:17,1597850227,1597850182,45
2020/8/19 22:16,1597850167,1597850081,86
2020/8/19 22:15,1597850107,1597850081,26
2020/8/19 22:14,1597850047,1597850019,28
2020/8/19 22:13,1597849987,1597849975,12
2020/8/19 22:12,1597849927,1597849908,19
2020/8/19 22:11,1597849867,1597849864,3
2020/8/19 22:10,1597849807,1597849766,41
2020/8/19 22:09,1597849747,1597849684,63
2020/8/19 22:08,1597849687,1597849684,3
2020/8/19 22:07,1597849627,1597849623,4
2020/8/19 22:06,1597849567,1597849562,5
2020/8/19 22:05,1597849507,1597849410,97
2020/8/19 22:04,1597849447,1597849410,37
2020/8/19 22:03,1597849387,1597849349,38
2020/8/19 22:02,1597849327,1597849284,43
2020/8/19 22:01,1597849267,1597849247,20
2020/8/19 22:00,1597849207,1597849186,21
2020/8/19 21:59,1597849147,1597849114,33
2020/8/19 21:58,1597849087,1597849086,1
2020/8/19 21:57,1597849027,1597849003,24
2020/8/19 21:56,1597848967,1597848951,16
2020/8/19 21:55,1597848907,1597848830,77
2020/8/19 21:54,1597848847,1597848830,17
2020/8/19 21:53,1597848787,1597848769,18
2020/8/19 21:52,1597848727,1597848708,19
2020/8/19 21:51,1597848667,1597848647,20
2020/8/19 21:50,1597848607,1597848607,0
2020/8/19 21:49,1597848547,1597848546,1
2020/8/19 21:48,1597848487,1597848484,3
2020/8/19 21:47,1597848427,1597848398,29
2020/8/19 21:46,1597848367,1597848362,5
2020/8/19 21:45,1597848307,1597848230,77
2020/8/19 21:44,1597848247,1597848230,17
2020/8/19 21:43,1597848187,1597848181,6
2020/8/19 21:42,1597848127,1597848082,45
2020/8/19 21:41,1597848067,1597848067,0
2020/8/19 21:40,1597848007,1597847996,11
2020/8/19 21:39,1597847947,1597847935,12
2020/8/19 21:38,1597847887,1597847884,3
2020/8/19 21:37,1597847827,1597847825,2
2020/8/19 21:36,1597847767,1597847727,40
2020/8/19 21:35,1597847707,1597847697,10
2020/8/19 21:34,1597847647,1597847630,17
2020/8/19 21:33,1597847587,1597847567,20
2020/8/19 21:32,1597847527,1597847498,29
2020/8/19 21:31,1597847467,1597847457,10
2020/8/19 21:30,1597847407,1597847386,21
2020/8/19 21:29,1597847347,1597847335,12
2020/8/19 21:28,1597847287,1597847284,3
2020/8/19 21:27,1597847227,1597847218,9
2020/8/19 21:26,1597847167,1597847159,8
2020/8/19 21:25,1597847107,1597847080,27
2020/8/19 21:24,1597847047,1597847040,7
2020/8/19 21:23,1597846987,1597846918,69
2020/8/19 21:22,1597846927,1597846918,9
2020/8/19 21:21,1597846867,1597846866,1
2020/8/19 21:20,1597846807,1597846744,63
2020/8/19 21:19,1597846747,1597846744,3
2020/8/19 21:18,1597846687,1597846642,45
2020/8/19 21:17,1597846627,1597846571,56
2020/8/19 21:16,1597846567,1597846555,12
2020/8/19 21:15,1597846507,1597846500,7
2020/8/19 21:14,1597846447,1597846419,28
2020/8/19 21:13,1597846387,1597846381,6
2020/8/19 21:12,1597846327,1597846276,51
2020/8/19 21:11,1597846267,1597846211,56
2020/8/19 21:10,1597846207,1597846185,22
2020/8/19 21:09,1597846147,1597846093,54
2020/8/19 21:08,1597846087,1597846084,3
2020/8/19 21:07,1597846027,1597846012,15
2020/8/19 21:06,1597845967,1597845963,4
2020/8/19 21:05,1597845907,1597845870,37
2020/8/19 21:04,1597845847,1597845839,8
2020/8/19 21:03,1597845787,1597845697,90
2020/8/19 21:02,1597845727,1597845697,30
2020/8/19 21:01,1597845667,1597845646,21
2020/8/19 21:00,1597845607,1597845605,2
2020/8/19 20:59,1597845547,1597845537,10
2020/8/19 20:58,1597845487,1597845482,5
2020/8/19 20:57,1597845427,1597845412,15
2020/8/19 20:56,1597845367,1597845362,5
2020/8/19 20:55,1597845307,1597845300,7
2020/8/19 20:54,1597845247,1597845239,8
2020/8/19 20:53,1597845187,1597845153,34
2020/8/19 20:52,1597845127,1597845107,20
2020/8/19 20:51,1597845067,1597845015,52
2020/8/19 20:50,1597845007,1597845001,6
2020/8/19 20:49,1597844947,1597844914,33
2020/8/19 20:48,1597844887,1597844853,34
2020/8/19 20:47,1597844827,1597844803,24
2020/8/19 20:46,1597844767,1597844762,5
2020/8/19 20:45,1597844707,1597844694,13
2020/8/19 20:44,1597844647,1597844619,28
2020/8/19 20:43,1597844587,1597844578,9
2020/8/19 20:42,1597844527,1597844516,11
2020/8/19 20:41,1597844467,1597844457,10
2020/8/19 20:40,1597844407,1597844406,1
2020/8/19 20:39,1597844347,1597844327,20
2020/8/19 20:38,1597844287,1597844282,5
2020/8/19 20:37,1597844227,1597844175,52
2020/8/19 20:36,1597844167,1597844153,14
2020/8/19 20:35,1597844108,1597844107,1
2020/8/19 20:34,1597844047,1597844029,18
2020/8/19 20:33,1597843987,1597843952,35
2020/8/19 20:32,1597843927,1597843905,22
2020/8/19 20:31,1597843867,1597843828,39
2020/8/19 20:30,1597843807,1597843776,31
2020/8/19 20:29,1597843747,1597843744,3
2020/8/19 20:28,1597843687,1597843623,64
2020/8/19 20:27,1597843627,1597843623,4
2020/8/19 20:26,1597843567,1597843561,6
2020/8/19 20:25,1597843507,1597843461,46
2020/8/19 20:24,1597843447,1597843391,56
2020/8/19 20:23,1597843387,1597843379,8
2020/8/19 20:22,1597843327,1597843308,19
2020/8/19 20:21,1597843267,1597843247,20
2020/8/19 20:20,1597843207,1597843135,72
2020/8/19 20:19,1597843147,1597843135,12
2020/8/19 20:18,1597843087,1597843054,33
2020/8/19 20:17,1597843027,1597842993,34
2020/8/19 20:16,1597842967,1597842952,15
2020/8/19 20:15,1597842907,1597842902,5
2020/8/19 20:14,1597842847,1597842820,27
2020/8/19 20:13,1597842787,1597842774,13
2020/8/19 20:12,1597842727,1597842708,19
2020/8/19 20:11,1597842667,1597842637,30
2020/8/19 20:10,1597842607,1597842566,41
2020/8/19 20:09,1597842547,1597842474,73
2020/8/19 20:08,1597842487,1597842474,13
2020/8/19 20:07,1597842427,1597842413,14
2020/8/19 20:06,1597842367,1597842329,38
2020/8/19 20:05,1597842307,1597842284,23
2020/8/19 20:04,1597842247,1597842239,8
2020/8/19 20:03,1597842187,1597842145,42
2020/8/19 20:02,1597842127,1597842107,20
2020/8/19 20:01,1597842067,1597842066,1
2020/8/19 20:00,1597842007,1597841982,25
2020/8/19 19:59,1597841947,1597841935,12
2020/8/19 19:58,1597841887,1597841863,24
2020/8/19 19:57,1597841827,1597841807,20
2020/8/19 19:56,1597841767,1597841716,51
2020/8/19 19:55,1597841707,1597841691,16
2020/8/19 19:54,1597841647,1597841609,38
2020/8/19 19:53,1597841587,1597841531,56
2020/8/19 19:52,1597841527,1597841518,9
2020/8/19 19:51,1597841467,1597841446,21
2020/8/19 19:50,1597841407,1597841404,3
2020/8/19 19:49,1597841347,1597841345,2
2020/8/19 19:48,1597841287,1597841274,13
2020/8/19 19:47,1597841227,1597841222,5
2020/8/19 19:46,1597841167,1597841148,19
2020/8/19 19:45,1597841107,1597841106,1
2020/8/19 19:44,1597841047,1597841031,16
2020/8/19 19:43,1597840987,1597840955,32
2020/8/19 19:42,1597840927,1597840924,3
2020/8/19 19:41,1597840867,1597840802,65
2020/8/19 19:40,1597840807,1597840802,5
2020/8/19 19:39,1597840747,1597840731,16
2020/8/19 19:38,1597840687,1597840670,17
2020/8/19 19:37,1597840627,1597840615,12
2020/8/19 19:36,1597840567,1597840518,49
2020/8/19 19:35,1597840507,1597840483,24
2020/8/19 19:34,1597840447,1597840446,1
2020/8/19 19:33,1597840387,1597840386,1
2020/8/19 19:32,1597840327,1597840247,80
2020/8/19 19:31,1597840267,1597840247,20
2020/8/19 19:30,1597840207,1597840173,34
2020/8/19 19:29,1597840147,1597840101,46
2020/8/19 19:28,1597840087,1597840081,6
2020/8/19 19:27,1597840028,1597840010,18
2020/8/19 19:26,1597839967,1597839938,29
2020/8/19 19:25,1597839907,1597839878,29
2020/8/19 19:24,1597839847,1597839847,0
2020/8/19 19:23,1597839787,1597839746,41
2020/8/19 19:22,1597839727,1597839644,83
2020/8/19 19:21,1597839667,1597839644,23
2020/8/19 19:20,1597839607,1597839603,4
2020/8/19 19:19,1597839547,1597839530,17
2020/8/19 19:18,1597839487,1597839471,16
2020/8/19 19:17,1597839427,1597839400,27
2020/8/19 19:16,1597839367,1597839367,0
2020/8/19 19:15,1597839307,1597839176,131
2020/8/19 19:14,1597839248,1597839176,72
2020/8/19 19:13,1597839187,1597839176,11
2020/8/19 19:12,1597839127,1597839054,73
2020/8/19 19:11,1597839067,1597839054,13
2020/8/19 19:10,1597839007,1597838954,53
2020/8/19 19:09,1597838947,1597838262,685
2020/8/19 19:08,1597838887,1597838262,625
2020/8/19 19:07,1597838827,1597838262,565
2020/8/19 19:06,1597838767,1597838262,505
2020/8/19 19:05,1597838707,1597838262,445
2020/8/19 19:04,1597838647,1597838262,385
2020/8/19 19:03,1597838587,1597838262,325
2020/8/19 19:02,1597838527,1597838262,265
2020/8/19 19:01,1597838467,1597838262,205
2020/8/19 19:00,1597838407,1597838262,145
2020/8/19 18:59,1597838347,1597838262,85
2020/8/19 18:58,1597838287,1597838262,25
2020/8/19 18:57,1597838227,1597838223,4
2020/8/19 18:56,1597838167,1597838144,23
2020/8/19 18:55,1597838107,1597837896,211
2020/8/19 18:54,1597838047,1597837896,151
2020/8/19 18:53,1597837987,1597837896,91
2020/8/19 18:52,1597837927,1597837896,31
2020/8/19 18:51,1597837867,1597837719,148
2020/8/19 18:50,1597837807,1597837719,88
2020/8/19 18:49,1597837747,1597837719,28
2020/8/19 18:48,1597837687,1597837687,0
2020/8/19 18:47,1597837627,1597837601,26
2020/8/19 18:46,1597837567,1597837398,169
2020/8/19 18:45,1597837507,1597837398,109
2020/8/19 18:44,1597837447,1597837398,49
2020/8/19 18:43,1597837387,1597837337,50
2020/8/19 18:42,1597837327,1597837255,72
2020/8/19 18:41,1597837267,1597837255,12
2020/8/19 18:40,1597837207,1597837184,23
2020/8/19 18:39,1597837147,1597837021,126
2020/8/19 18:38,1597837087,1597837021,66
2020/8/19 18:37,1597837027,1597837021,6
2020/8/19 18:36,1597836967,1597836903,64
2020/8/19 18:35,1597836907,1597836903,4
2020/8/19 18:34,1597836847,1597836746,101
2020/8/19 18:33,1597836787,1597836746,41
2020/8/19 18:32,1597836727,1597836723,4
2020/8/19 18:31,1597836667,1597836611,56
2020/8/19 18:30,1597836607,1597836569,38
2020/8/19 18:29,1597836547,1597836516,31
2020/8/19 18:28,1597836487,1597836479,8
2020/8/19 18:27,1597836427,1597836401,26
2020/8/19 18:26,1597836367,1597836330,37
2020/8/19 18:25,1597836307,1597836185,122
2020/8/19 18:24,1597836247,1597836185,62
2020/8/19 18:23,1597836187,1597836185,2
2020/8/19 18:22,1597836127,1597836104,23
2020/8/19 18:21,1597836067,1597836022,45
2020/8/19 18:20,1597836007,1597835920,87
2020/8/19 18:19,1597835947,1597835920,27
2020/8/19 18:18,1597835887,1597835860,27
2020/8/19 18:17,1597835827,1597835826,1
2020/8/19 18:16,1597835767,1597835763,4
2020/8/19 18:15,1597835707,1597835707,0
2020/8/19 18:14,1597835647,1597835629,18
2020/8/19 18:13,1597835587,1597835535,52
2020/8/19 18:12,1597835527,1597835511,16
2020/8/19 18:11,1597835467,1597835460,7
2020/8/19 18:10,1597835407,1597835400,7
2020/8/19 18:09,1597835347,1597835336,11
2020/8/19 18:08,1597835287,1597835279,8
2020/8/19 18:07,1597835227,1597835208,19
2020/8/19 18:06,1597835167,1597835154,13
2020/8/19 18:05,1597835107,1597835066,41
2020/8/19 18:04,1597835047,1597835047,0
2020/8/19 18:03,1597834987,1597834964,23
2020/8/19 18:02,1597834927,1597834893,34
2020/8/19 18:01,1597834867,1597834857,10
2020/8/19 18:00,1597834807,1597834791,16
2020/8/19 17:59,1597834747,1597834669,78
2020/8/19 17:58,1597834687,1597834669,18
2020/8/19 17:57,1597834627,1597834618,9
2020/8/19 17:56,1597834567,1597834560,7
2020/8/19 17:55,1597834507,1597834496,11
2020/8/19 17:54,1597834447,1597834435,12
2020/8/19 17:53,1597834387,1597834376,11
2020/8/19 17:52,1597834327,1597834295,32
2020/8/19 17:51,1597834267,1597834256,11
2020/8/19 17:50,1597834207,1597834200,7
2020/8/19 17:49,1597834147,1597834146,1
2020/8/19 17:48,1597834087,1597834055,32
2020/8/19 17:47,1597834027,1597834023,4
2020/8/19 17:46,1597833967,1597833948,19
2020/8/19 17:45,1597833907,1597833838,69
2020/8/19 17:44,1597833847,1597833838,9
2020/8/19 17:43,1597833787,1597833780,7
2020/8/19 17:42,1597833727,1597833681,46
2020/8/19 17:41,1597833667,1597833617,50
2020/8/19 17:40,1597833607,1597833575,32
2020/8/19 17:39,1597833547,1597833474,73
2020/8/19 17:38,1597833487,1597833474,13
2020/8/19 17:37,1597833427,1597833413,14
2020/8/19 17:36,1597833367,1597833343,24
2020/8/19 17:35,1597833307,1597833220,87
2020/8/19 17:34,1597833247,1597833220,27
2020/8/19 17:33,1597833187,1597833119,68
2020/8/19 17:32,1597833127,1597833119,8
2020/8/19 17:31,1597833067,1597833046,21
2020/8/19 17:30,1597833007,1597833004,3
2020/8/19 17:29,1597832947,1597832881,66
2020/8/19 17:28,1597832887,1597832881,6
2020/8/19 17:27,1597832827,1597832823,4
2020/8/19 17:26,1597832767,1597832765,2
2020/8/19 17:25,1597832707,1597832651,56
2020/8/19 17:24,1597832647,1597832600,47
2020/8/19 17:23,1597832587,1597832586,1
2020/8/19 17:22,1597832527,1597832494,33
2020/8/19 17:21,1597832467,1597832376,91
2020/8/19 17:20,1597832407,1597832376,31
2020/8/19 17:19,1597832347,1597832345,2
2020/8/19 17:18,1597832287,1597832214,73
2020/8/19 17:17,1597832227,1597832214,13
2020/8/19 17:16,1597832167,1597832123,44
2020/8/19 17:15,1597832107,1597832041,66
2020/8/19 17:14,1597832047,1597832041,6
2020/8/19 17:13,1597831987,1597831984,3
2020/8/19 17:12,1597831927,1597831766,161
2020/8/19 17:11,1597831867,1597831766,101
2020/8/19 17:10,1597831807,1597831766,41
2020/8/19 17:09,1597831747,1597831695,52
2020/8/19 17:08,1597831687,1597831661,26
2020/8/19 17:07,1597831627,1597831613,14
2020/8/19 17:06,1597831567,1597831562,5
2020/8/19 17:05,1597831507,1597831482,25
2020/8/19 17:04,1597831447,1597831370,77
2020/8/19 17:03,1597831387,1597831370,17
2020/8/19 17:02,1597831327,1597831278,49
2020/8/19 17:01,1597831267,1597831236,31
2020/8/19 17:00,1597831207,1597831166,41
2020/8/19 16:59,1597831147,1597831146,1
2020/8/19 16:58,1597831087,1597831082,5
2020/8/19 16:57,1597831027,1597831020,7
2020/8/19 16:56,1597830967,1597830966,1
2020/8/19 16:55,1597830907,1597830902,5
2020/8/19 16:54,1597830847,1597830830,17
2020/8/19 16:53,1597830787,1597830749,38
2020/8/19 16:52,1597830727,1597830626,101
2020/8/19 16:51,1597830667,1597830626,41
2020/8/19 16:50,1597830607,1597830565,42
2020/8/19 16:49,1597830547,1597830464,83
2020/8/19 16:48,1597830487,1597830464,23
2020/8/19 16:47,1597830427,1597830410,17
2020/8/19 16:46,1597830367,1597830331,36
2020/8/19 16:45,1597830307,1597830259,48
2020/8/19 16:44,1597830247,1597830209,38
2020/8/19 16:43,1597830187,1597830163,24
2020/8/19 16:42,1597830127,1597830127,0
2020/8/19 16:41,1597830067,1597830045,22
2020/8/19 16:40,1597830007,1597829985,22
2020/8/19 16:39,1597829947,1597829924,23
2020/8/19 16:38,1597829887,1597829880,7
2020/8/19 16:37,1597829827,1597829820,7
2020/8/19 16:36,1597829767,1597829739,28
2020/8/19 16:35,1597829707,1597829688,19
2020/8/19 16:34,1597829647,1597829642,5
2020/8/19 16:33,1597829587,1597829586,1
2020/8/19 16:32,1597829527,1597829495,32
2020/8/19 16:31,1597829467,1597829455,12
2020/8/19 16:30,1597829407,1597829403,4
2020/8/19 16:29,1597829347,1597829292,55
2020/8/19 16:28,1597829287,1597829231,56
2020/8/19 16:27,1597829227,1597829170,57
2020/8/19 16:26,1597829167,1597829151,16
2020/8/19 16:25,1597829107,1597829027,80
2020/8/19 16:24,1597829047,1597829027,20
2020/8/19 16:23,1597828987,1597828895,92
2020/8/19 16:22,1597828927,1597828895,32
2020/8/19 16:21,1597828867,1597828844,23
2020/8/19 16:20,1597828807,1597828807,0
2020/8/19 16:19,1597828747,1597828742,5
2020/8/19 16:18,1597828687,1597828684,3
2020/8/19 16:17,1597828627,1597828559,68
2020/8/19 16:16,1597828567,1597828559,8
2020/8/19 16:15,1597828507,1597828498,9
2020/8/19 16:14,1597828447,1597828314,133
2020/8/19 16:13,1597828387,1597828314,73
2020/8/19 16:12,1597828328,1597828314,14
2020/8/19 16:11,1597828267,1597828213,54
2020/8/19 16:10,1597828207,1597828182,25
2020/8/19 16:09,1597828147,1597828131,16
2020/8/19 16:08,1597828087,1597828023,64
2020/8/19 16:07,1597828027,1597828023,4
2020/8/19 16:06,1597827967,1597827944,23
2020/8/19 16:05,1597827907,1597827906,1
2020/8/19 16:04,1597827847,1597827845,2
2020/8/19 16:03,1597827787,1597827764,23
2020/8/19 16:02,1597827727,1597827724,3
2020/8/19 16:01,1597827667,1597827659,8
2020/8/19 16:00,1597827607,1597827591,16
2020/8/19 15:59,1597827547,1597827489,58
2020/8/19 15:58,1597827487,1597827473,14
2020/8/19 15:57,1597827427,1597827418,9
2020/8/19 15:56,1597827367,1597827357,10
2020/8/19 15:55,1597827307,1597827276,31
2020/8/19 15:54,1597827247,1597827175,72
2020/8/19 15:53,1597827187,1597827175,12
2020/8/19 15:52,1597827127,1597827052,75
2020/8/19 15:51,1597827067,1597827052,15
2020/8/19 15:50,1597827007,1597826992,15
2020/8/19 15:49,1597826947,1597826924,23
2020/8/19 15:48,1597826887,1597826861,26
2020/8/19 15:47,1597826827,1597826708,119
2020/8/19 15:46,1597826767,1597826708,59
2020/8/19 15:45,1597826707,1597826658,49
2020/8/19 15:44,1597826647,1597826637,10
2020/8/19 15:43,1597826588,1597826485,103
2020/8/19 15:42,1597826527,1597826485,42
2020/8/19 15:41,1597826467,1597826414,53
2020/8/19 15:40,1597826407,1597826355,52
2020/8/19 15:39,1597826347,1597826333,14
2020/8/19 15:38,1597826287,1597826282,5
2020/8/19 15:37,1597826227,1597826222,5
2020/8/19 15:36,1597826167,1597826098,69
2020/8/19 15:35,1597826107,1597826098,9
2020/8/19 15:34,1597826047,1597826012,35
2020/8/19 15:33,1597825987,1597825955,32
2020/8/19 15:32,1597825927,1597825926,1
2020/8/19 15:31,1597825867,1597825845,22
2020/8/19 15:30,1597825807,1597825794,13
2020/8/19 15:29,1597825747,1597825746,1
2020/8/19 15:28,1597825687,1597825631,56
2020/8/19 15:27,1597825627,1597825559,68
2020/8/19 15:26,1597825567,1597825559,8
2020/8/19 15:25,1597825507,1597825499,8
2020/8/19 15:24,1597825447,1597825425,22
2020/8/19 15:23,1597825387,1597825387,0
2020/8/19 15:22,1597825327,1597825303,24
2020/8/19 15:21,1597825267,1597825251,16
2020/8/19 15:20,1597825207,1597825184,23
2020/8/19 15:19,1597825147,1597825131,16
2020/8/19 15:18,1597825087,1597825052,35
2020/8/19 15:17,1597825027,1597824992,35
2020/8/19 15:16,1597824967,1597824967,0
2020/8/19 15:15,1597824907,1597824889,18
2020/8/19 15:14,1597824847,1597824839,8
2020/8/19 15:13,1597824787,1597824779,8
2020/8/19 15:12,1597824727,1597824718,9
2020/8/19 15:11,1597824667,1597824655,12
2020/8/19 15:10,1597824607,1597824606,1
2020/8/19 15:09,1597824547,1597824543,4
2020/8/19 15:08,1597824487,1597824473,14
2020/8/19 15:07,1597824427,1597824400,27
2020/8/19 15:06,1597824367,1597824347,20
2020/8/19 15:05,1597824307,1597824196,111
2020/8/19 15:04,1597824247,1597824196,51
2020/8/19 15:03,1597824187,1597824169,18
2020/8/19 15:02,1597824127,1597824108,19
2020/8/19 15:01,1597824067,1597824067,0
2020/8/19 15:00,1597824007,1597823976,31
2020/8/19 14:59,1597823947,1597823915,32
2020/8/19 14:58,1597823887,1597823884,3
2020/8/19 14:57,1597823827,1597823814,13
2020/8/19 14:56,1597823767,1597823767,0
2020/8/19 14:55,1597823707,1597823699,8
2020/8/19 14:54,1597823647,1597823620,27
2020/8/19 14:53,1597823587,1597823564,23
2020/8/19 14:52,1597823527,1597823526,1
2020/8/19 14:51,1597823467,1597823376,91
2020/8/19 14:50,1597823407,1597823376,31
2020/8/19 14:49,1597823347,1597823346,1
2020/8/19 14:48,1597823287,1597823275,12
2020/8/19 14:47,1597823227,1597823184,43
2020/8/19 14:46,1597823167,1597823143,24
2020/8/19 14:45,1597823107,1597823106,1
2020/8/19 14:44,1597823047,1597823031,16
2020/8/19 14:43,1597822987,1597822929,58
2020/8/19 14:42,1597822927,1597822858,69
2020/8/19 14:41,1597822867,1597822858,9
2020/8/19 14:40,1597822807,1597822803,4
2020/8/19 14:39,1597822747,1597822737,10
2020/8/19 14:38,1597822687,1597822676,11
2020/8/19 14:37,1597822627,1597822594,33
2020/8/19 14:36,1597822567,1597822540,27
2020/8/19 14:35,1597822507,1597822503,4
2020/8/19 14:34,1597822447,1597822432,15
2020/8/19 14:33,1597822387,1597822381,6
2020/8/19 14:32,1597822327,1597822308,19
2020/8/19 14:31,1597822267,1597822259,8
2020/8/19 14:30,1597822207,1597821975,232
2020/8/19 14:29,1597822147,1597821975,172
2020/8/19 14:28,1597822087,1597821975,112
2020/8/19 14:27,1597822027,1597821975,52
2020/8/19 14:26,1597821967,1597821924,43
2020/8/19 14:25,1597821907,1597821833,74
2020/8/19 14:24,1597821847,1597821833,14
2020/8/19 14:23,1597821787,1597821781,6
2020/8/19 14:22,1597821727,1597821670,57
2020/8/19 14:21,1597821667,1597821642,25
2020/8/19 14:20,1597821607,1597821568,39
2020/8/19 14:19,1597821547,1597821527,20
2020/8/19 14:18,1597821487,1597821466,21
2020/8/19 14:17,1597821427,1597821415,12
2020/8/19 14:16,1597821367,1597821324,43
2020/8/19 14:15,1597821307,1597821295,12
2020/8/19 14:14,1597821247,1597821160,87
2020/8/19 14:13,1597821187,1597821160,27
2020/8/19 14:12,1597821127,1597821111,16
2020/8/19 14:11,1597821067,1597821058,9
2020/8/19 14:10,1597821007,1597820999,8
2020/8/19 14:09,1597820947,1597820877,70
2020/8/19 14:08,1597820887,1597820877,10
2020/8/19 14:07,1597820827,1597820816,11
2020/8/19 14:06,1597820767,1597820694,73
2020/8/19 14:05,1597820707,1597820694,13
2020/8/19 14:04,1597820647,1597820626,21
2020/8/19 14:03,1597820587,1597820559,28
2020/8/19 14:02,1597820527,1597820480,47
2020/8/19 14:01,1597820467,1597820461,6
2020/8/19 14:00,1597820407,1597820390,17
2020/8/19 13:59,1597820347,1597820298,49
2020/8/19 13:58,1597820287,1597820277,10
2020/8/19 13:57,1597820227,1597820176,51
2020/8/19 13:56,1597820167,1597820135,32
2020/8/19 13:55,1597820107,1597820096,11
2020/8/19 13:54,1597820047,1597820013,34
2020/8/19 13:53,1597819987,1597819912,75
2020/8/19 13:52,1597819927,1597819912,15
2020/8/19 13:51,1597819867,1597819867,0
2020/8/19 13:50,1597819807,1597819790,17
2020/8/19 13:49,1597819747,1597819723,24
2020/8/19 13:48,1597819687,1597819606,81
2020/8/19 13:47,1597819627,1597819606,21
2020/8/19 13:46,1597819567,1597819535,32
2020/8/19 13:45,1597819507,1597819424,83
2020/8/19 13:44,1597819447,1597819424,23
2020/8/19 13:43,1597819387,1597819353,34
2020/8/19 13:42,1597819327,1597819292,35
2020/8/19 13:41,1597819267,1597819255,12
2020/8/19 13:40,1597819207,1597819140,67
2020/8/19 13:39,1597819147,1597819140,7
2020/8/19 13:38,1597819087,1597819058,29
2020/8/19 13:37,1597819027,1597818936,91
2020/8/19 13:36,1597818967,1597818936,31
2020/8/19 13:35,1597818907,1597818899,8
2020/8/19 13:34,1597818847,1597818845,2
2020/8/19 13:33,1597818787,1597818784,3
2020/8/19 13:32,1597818727,1597818723,4
2020/8/19 13:31,1597818667,1597818662,5
2020/8/19 13:30,1597818607,1597818550,57
2020/8/19 13:29,1597818547,1597818524,23
2020/8/19 13:28,1597818487,1597818453,34
2020/8/19 13:27,1597818427,1597818420,7
2020/8/19 13:26,1597818367,1597818346,21
2020/8/19 13:25,1597818307,1597818297,10
2020/8/19 13:24,1597818247,1597818134,113
2020/8/19 13:23,1597818187,1597818134,53
2020/8/19 13:22,1597818127,1597818032,95
2020/8/19 13:21,1597818067,1597818032,35
2020/8/19 13:20,1597818007,1597817952,55
2020/8/19 13:19,1597817947,1597817937,10
2020/8/19 13:18,1597817887,1597817886,1
2020/8/19 13:17,1597817827,1597817758,69
2020/8/19 13:16,1597817767,1597817758,9
2020/8/19 13:15,1597817707,1597817646,61
2020/8/19 13:14,1597817648,1597817646,2
2020/8/19 13:13,1597817587,1597817555,32
2020/8/19 13:12,1597817527,1597817392,135
2020/8/19 13:11,1597817467,1597817392,75
2020/8/19 13:10,1597817407,1597817392,15
2020/8/19 13:09,1597817347,1597817290,57
2020/8/19 13:08,1597817287,1597817278,9
2020/8/19 13:07,1597817227,1597817210,17
2020/8/19 13:06,1597817167,1597817077,90
2020/8/19 13:05,1597817107,1597817077,30
2020/8/19 13:04,1597817047,1597817027,20
2020/8/19 13:03,1597816987,1597816956,31
2020/8/19 13:02,1597816927,1597816864,63
2020/8/19 13:01,1597816867,1597816864,3
2020/8/19 13:00,1597816807,1597816732,75
2020/8/19 12:59,1597816747,1597816732,15
2020/8/19 12:58,1597816687,1597816641,46
2020/8/19 12:57,1597816627,1597816539,88
2020/8/19 12:56,1597816567,1597816539,28
2020/8/19 12:55,1597816507,1597816468,39
2020/8/19 12:54,1597816447,1597816407,40
2020/8/19 12:53,1597816387,1597816352,35
2020/8/19 12:52,1597816327,1597816325,2
2020/8/19 12:51,1597816267,1597816254,13
2020/8/19 12:50,1597816207,1597816202,5
2020/8/19 12:49,1597816147,1597816147,0
2020/8/19 12:48,1597816087,1597816031,56
2020/8/19 12:47,1597816027,1597815955,72
2020/8/19 12:46,1597815967,1597815955,12
2020/8/19 12:45,1597815907,1597815879,28
2020/8/19 12:44,1597815847,1597815787,60
2020/8/19 12:43,1597815787,1597815787,0
2020/8/19 12:42,1597815727,1597815722,5
2020/8/19 12:41,1597815667,1597815665,2
2020/8/19 12:40,1597815607,1597815607,0
2020/8/19 12:39,1597815547,1597815513,34
2020/8/19 12:38,1597815487,1597815448,39
2020/8/19 12:37,1597815427,1597815422,5
2020/8/19 12:36,1597815367,1597815290,77
2020/8/19 12:35,1597815307,1597815290,17
2020/8/19 12:34,1597815247,1597815208,39
2020/8/19 12:33,1597815187,1597815179,8
2020/8/19 12:32,1597815127,1597815117,10
2020/8/19 12:31,1597815067,1597815004,63
2020/8/19 12:30,1597815007,1597815004,3
2020/8/19 12:29,1597814947,1597814947,0
2020/8/19 12:28,1597814887,1597814843,44
2020/8/19 12:27,1597814827,1597814793,34
2020/8/19 12:26,1597814767,1597814766,1
2020/8/19 12:25,1597814707,1597814702,5
2020/8/19 12:24,1597814647,1597814631,16
2020/8/19 12:23,1597814587,1597814579,8
2020/8/19 12:22,1597814527,1597814513,14
2020/8/19 12:21,1597814467,1597814436,31
2020/8/19 12:20,1597814407,1597814335,72
2020/8/19 12:19,1597814347,1597814335,12
2020/8/19 12:18,1597814287,1597814254,33
2020/8/19 12:17,1597814227,1597814220,7
2020/8/19 12:16,1597814167,1597814163,4
2020/8/19 12:15,1597814107,1597814100,7
2020/8/19 12:14,1597814047,1597814033,14
2020/8/19 12:13,1597813987,1597813970,17
2020/8/19 12:12,1597813927,1597813879,48
2020/8/19 12:11,1597813867,1597813828,39
2020/8/19 12:10,1597813807,1597813747,60
2020/8/19 12:09,1597813747,1597813747,0
2020/8/19 12:08,1597813687,1597813686,1
2020/8/19 12:07,1597813627,1597813624,3
2020/8/19 12:06,1597813567,1597813534,33
2020/8/19 12:05,1597813507,1597813464,43
2020/8/19 12:04,1597813447,1597813446,1
2020/8/19 12:03,1597813387,1597813309,78
2020/8/19 12:02,1597813327,1597813309,18
2020/8/19 12:01,1597813267,1597813248,19
2020/8/19 12:00,1597813207,1597813177,30
2020/8/19 11:59,1597813147,1597813096,51
2020/8/19 11:58,1597813087,1597813025,62
2020/8/19 11:57,1597813027,1597813025,2
2020/8/19 11:56,1597812967,1597812895,72
2020/8/19 11:55,1597812907,1597812895,12
2020/8/19 11:54,1597812847,1597812842,5
2020/8/19 11:53,1597812787,1597812720,67
2020/8/19 11:52,1597812727,1597812720,7
2020/8/19 11:51,1597812667,1597812667,0
2020/8/19 11:50,1597812607,1597812604,3
2020/8/19 11:49,1597812547,1597812263,284
2020/8/19 11:48,1597812487,1597812263,224
2020/8/19 11:47,1597812427,1597812263,164
2020/8/19 11:46,1597812367,1597812263,104
2020/8/19 11:45,1597812307,1597812263,44
2020/8/19 11:44,1597812247,1597812180,67
2020/8/19 11:43,1597812187,1597812180,7
2020/8/19 11:42,1597812127,1597812089,38
2020/8/19 11:41,1597812067,1597812038,29
2020/8/19 11:40,1597812007,1597811987,20
2020/8/19 11:39,1597811947,1597811932,15
2020/8/19 11:38,1597811887,1597811885,2
2020/8/19 11:37,1597811827,1597811754,73
2020/8/19 11:36,1597811767,1597811754,13
2020/8/19 11:35,1597811707,1597811632,75
2020/8/19 11:34,1597811647,1597811632,15
2020/8/19 11:33,1597811587,1597811575,12
2020/8/19 11:32,1597811527,1597811506,21
2020/8/19 11:31,1597811467,1597811408,59
2020/8/19 11:30,1597811407,1597811307,100
2020/8/19 11:29,1597811347,1597811307,40
2020/8/19 11:28,1597811287,1597811242,45
2020/8/19 11:27,1597811227,1597811227,0
2020/8/19 11:26,1597811167,1597811166,1
2020/8/19 11:25,1597811108,1597811092,16
2020/8/19 11:24,1597811047,1597811028,19
2020/8/19 11:23,1597810987,1597810970,17
2020/8/19 11:22,1597810927,1597810910,17
2020/8/19 11:21,1597810867,1597810839,28
2020/8/19 11:20,1597810807,1597810768,39
2020/8/19 11:19,1597810747,1597810727,20
2020/8/19 11:18,1597810687,1597810667,20
2020/8/19 11:17,1597810627,1597810584,43
2020/8/19 11:16,1597810567,1597810544,23
2020/8/19 11:15,1597810507,1597810503,4
2020/8/19 11:14,1597810447,1597810361,86
2020/8/19 11:13,1597810387,1597810361,26
2020/8/19 11:12,1597810327,1597810324,3
2020/8/19 11:11,1597810267,1597810267,0
2020/8/19 11:10,1597810207,1597810123,84
2020/8/19 11:09,1597810147,1597810123,24
2020/8/19 11:08,1597810087,1597810055,32
2020/8/19 11:07,1597810027,1597810026,1
2020/8/19 11:06,1597809967,1597809955,12
2020/8/19 11:05,1597809907,1597809897,10
2020/8/19 11:04,1597809847,1597809844,3
2020/8/19 11:03,1597809787,1597809781,6
2020/8/19 11:02,1597809727,1597809691,36
2020/8/19 11:01,1597809667,1597809660,7
2020/8/19 11:00,1597809607,1597809559,48
2020/8/19 10:59,1597809547,1597809534,13
2020/8/19 10:58,1597809487,1597809467,20
2020/8/19 10:57,1597809427,1597809386,41
2020/8/19 10:56,1597809368,1597809349,19
2020/8/19 10:55,1597809307,1597809243,64
2020/8/19 10:54,1597809247,1597809243,4
2020/8/19 10:53,1597809187,1597809186,1
2020/8/19 10:52,1597809127,1597809030,97
2020/8/19 10:51,1597809067,1597809030,37
2020/8/19 10:50,1597809007,1597808989,18
2020/8/19 10:49,1597808947,1597808931,16
2020/8/19 10:48,1597808887,1597808715,172
2020/8/19 10:47,1597808827,1597808715,112
2020/8/19 10:46,1597808767,1597808715,52
2020/8/19 10:45,1597808707,1597808612,95
2020/8/19 10:44,1597808647,1597808612,35
2020/8/19 10:43,1597808587,1597808562,25
2020/8/19 10:42,1597808527,1597808454,73
2020/8/19 10:41,1597808467,1597808454,13
2020/8/19 10:40,1597808407,1597808407,0
2020/8/19 10:39,1597808347,1597808318,29
2020/8/19 10:38,1597808287,1597808260,27
2020/8/19 10:37,1597808227,1597808207,20
2020/8/19 10:36,1597808167,1597808162,5
2020/8/19 10:35,1597808107,1597808084,23
2020/8/19 10:34,1597808047,1597808046,1
2020/8/19 10:33,1597807987,1597807942,45
2020/8/19 10:32,1597807927,1597807896,31
2020/8/19 10:31,1597807867,1597807800,67
2020/8/19 10:30,1597807807,1597807800,7
2020/8/19 10:29,1597807747,1597807709,38
2020/8/19 10:28,1597807687,1597807647,40
2020/8/19 10:27,1597807627,1597807606,21
2020/8/19 10:26,1597807567,1597807529,38
2020/8/19 10:25,1597807507,1597807475,32
2020/8/19 10:24,1597807447,1597807394,53
2020/8/19 10:23,1597807387,1597807352,35
2020/8/19 10:22,1597807327,1597807272,55
2020/8/19 10:21,1597807267,1597807200,67
2020/8/19 10:20,1597807207,1597807200,7
2020/8/19 10:19,1597807147,1597807101,46
2020/8/19 10:18,1597807087,1597807048,39
2020/8/19 10:17,1597807027,1597806997,30
2020/8/19 10:16,1597806967,1597806966,1
2020/8/19 10:15,1597806907,1597806905,2
2020/8/19 10:14,1597806847,1597806772,75
2020/8/19 10:13,1597806787,1597806772,15
2020/8/19 10:12,1597806727,1597806712,15
2020/8/19 10:11,1597806667,1597806661,6
2020/8/19 10:10,1597806607,1597806519,88
2020/8/19 10:09,1597806547,1597806519,28
2020/8/19 10:08,1597806487,1597806481,6
2020/8/19 10:07,1597806428,1597806427,1
2020/8/19 10:06,1597806367,1597806367,0
2020/8/19 10:05,1597806307,1597806305,2
2020/8/19 10:04,1597806247,1597806234,13
2020/8/19 10:03,1597806187,1597806169,18
2020/8/19 10:02,1597806127,1597806111,16
2020/8/19 10:01,1597806067,1597806051,16
2020/8/19 10:00,1597806007,1597806004,3
2020/8/19 09:59,1597805947,1597805944,3
2020/8/19 09:58,1597805887,1597805838,49
2020/8/19 09:57,1597805827,1597805787,40
2020/8/19 09:56,1597805767,1597805747,20
2020/8/19 09:55,1597805707,1597805695,12
2020/8/19 09:54,1597805647,1597805574,73
2020/8/19 09:53,1597805587,1597805574,13
2020/8/19 09:52,1597805527,1597805513,14
2020/8/19 09:51,1597805467,1597805464,3
2020/8/19 09:50,1597805407,1597805401,6
2020/8/19 09:49,1597805347,1597805319,28
2020/8/19 09:48,1597805287,1597805279,8
2020/8/19 09:47,1597805227,1597805188,39
2020/8/19 09:46,1597805167,1597805147,20
2020/8/19 09:45,1597805107,1597805106,1
2020/8/19 09:44,1597805047,1597804995,52
2020/8/19 09:43,1597804987,1597804903,84
2020/8/19 09:42,1597804927,1597804903,24
2020/8/19 09:41,1597804867,1597804852,15
2020/8/19 09:40,1597804807,1597804781,26
2020/8/19 09:39,1597804747,1597804663,84
2020/8/19 09:38,1597804687,1597804663,24
2020/8/19 09:37,1597804627,1597804609,18
2020/8/19 09:36,1597804567,1597804527,40
2020/8/19 09:35,1597804507,1597804446,61
2020/8/19 09:34,1597804447,1597804446,1
2020/8/19 09:33,1597804387,1597804385,2
2020/8/19 09:32,1597804327,1597804324,3
2020/8/19 09:31,1597804267,1597804243,24
2020/8/19 09:30,1597804207,1597804193,14
2020/8/19 09:29,1597804147,1597804111,36
2020/8/19 09:28,1597804087,1597804064,23
2020/8/19 09:27,1597804027,1597804022,5
2020/8/19 09:26,1597803967,1597803949,18
2020/8/19 09:25,1597803908,1597803872,36
2020/8/19 09:24,1597803847,1597803796,51
2020/8/19 09:23,1597803787,1597803765,22
2020/8/19 09:22,1597803727,1597803725,2
2020/8/19 09:21,1597803667,1597803643,24
2020/8/19 09:20,1597803607,1597803583,24
2020/8/19 09:19,1597803547,1597803542,5
2020/8/19 09:18,1597803487,1597803420,67
2020/8/19 09:17,1597803427,1597803420,7
2020/8/19 09:16,1597803367,1597803367,0
2020/8/19 09:15,1597803307,1597803278,29
2020/8/19 09:14,1597803247,1597803246,1
2020/8/19 09:13,1597803187,1597803112,75
2020/8/19 09:12,1597803127,1597803112,15
2020/8/19 09:11,1597803067,1597803040,27
2020/8/19 09:10,1597803007,1597802969,38
2020/8/19 09:09,1597802947,1597802918,29
2020/8/19 09:08,1597802887,1597802884,3
2020/8/19 09:07,1597802827,1597802823,4
2020/8/19 09:06,1597802767,1597802755,12
2020/8/19 09:05,1597802707,1597802693,14
2020/8/19 09:04,1597802647,1597802608,39
2020/8/19 09:03,1597802587,1597802578,9
2020/8/19 09:02,1597802527,1597802515,12
2020/8/19 09:01,1597802467,1597802422,45
2020/8/19 09:00,1597802407,1597802402,5
2020/8/19 08:59,1597802347,1597802229,118
2020/8/19 08:58,1597802287,1597802229,58
2020/8/19 08:57,1597802227,1597802169,58
2020/8/19 08:56,1597802167,1597802167,0
2020/8/19 08:55,1597802107,1597802057,50
2020/8/19 08:54,1597802047,1597802026,21
2020/8/19 08:53,1597801987,1597801966,21
2020/8/19 08:52,1597801927,1597801885,42
2020/8/19 08:51,1597801867,1597801864,3
2020/8/19 08:50,1597801807,1597801780,27
2020/8/19 08:49,1597801747,1597801701,46
2020/8/19 08:48,1597801687,1597801661,26
2020/8/19 08:47,1597801627,1597801620,7
2020/8/19 08:46,1597801567,1597801549,18
2020/8/19 08:45,1597801507,1597801499,8
2020/8/19 08:44,1597801447,1597801447,0
2020/8/19 08:43,1597801387,1597801355,32
2020/8/19 08:42,1597801327,1597801308,19
2020/8/19 08:41,1597801267,1597801183,84
2020/8/19 08:40,1597801207,1597801183,24
2020/8/19 08:39,1597801147,1597801142,5
2020/8/19 08:38,1597801087,1597801080,7
2020/8/19 08:37,1597801027,1597801026,1
2020/8/19 08:36,1597800967,1597800962,5
2020/8/19 08:35,1597800907,1597800887,20
2020/8/19 08:34,1597800847,1597800838,9
2020/8/19 08:33,1597800787,1597800755,32
2020/8/19 08:32,1597800727,1597800722,5
2020/8/19 08:31,1597800667,1597800653,14
2020/8/19 08:30,1597800607,1597800597,10
2020/8/19 08:29,1597800547,1597800541,6
2020/8/19 08:28,1597800487,1597800441,46
2020/8/19 08:27,1597800427,1597800427,0
2020/8/19 08:26,1597800367,1597800356,11
2020/8/19 08:25,1597800307,1597800305,2
2020/8/19 08:24,1597800247,1597800246,1
2020/8/19 08:23,1597800187,1597800186,1
2020/8/19 08:22,1597800127,1597800094,33
2020/8/19 08:21,1597800067,1597800033,34
2020/8/19 08:20,1597800007,1597799992,15
2020/8/19 08:19,1597799947,1597799944,3
2020/8/19 08:18,1597799887,1597799850,37
2020/8/19 08:17,1597799827,1597799822,5
2020/8/19 08:16,1597799767,1597799687,80
2020/8/19 08:15,1597799707,1597799687,20
2020/8/19 08:14,1597799647,1597799637,10
2020/8/19 08:13,1597799587,1597799566,21
2020/8/19 08:12,1597799527,1597799505,22
2020/8/19 08:11,1597799467,1597799373,94
2020/8/19 08:10,1597799407,1597799373,34
2020/8/19 08:09,1597799347,1597799343,4
2020/8/19 08:08,1597799287,1597799251,36
2020/8/19 08:07,1597799227,1597799202,25
2020/8/19 08:06,1597799167,1597799166,1
2020/8/19 08:05,1597799107,1597799057,50
2020/8/19 08:04,1597799047,1597799006,41
2020/8/19 08:03,1597798987,1597798985,2
2020/8/19 08:02,1597798927,1597798924,3
2020/8/19 08:01,1597798867,1597798850,17
2020/8/19 08:00,1597798807,1597798767,40
2020/8/19 07:59,1597798747,1597798745,2
2020/8/19 07:58,1597798687,1597798649,38
2020/8/19 07:57,1597798627,1597798627,0
2020/8/19 07:56,1597798567,1597798564,3
2020/8/19 07:55,1597798507,1597798503,4
2020/8/19 07:54,1597798447,1597798446,1
2020/8/19 07:53,1597798387,1597798353,34
2020/8/19 07:52,1597798327,1597798311,16
2020/8/19 07:51,1597798267,1597798158,109
2020/8/19 07:50,1597798207,1597798158,49
2020/8/19 07:49,1597798147,1597798127,20
2020/8/19 07:48,1597798087,1597797985,102
2020/8/19 07:47,1597798027,1597797985,42
2020/8/19 07:46,1597797967,1597797894,73
2020/8/19 07:45,1597797907,1597797894,13
2020/8/19 07:44,1597797847,1597797783,64
2020/8/19 07:43,1597797787,1597797783,4
2020/8/19 07:42,1597797727,1597797683,44
2020/8/19 07:41,1597797668,1597797664,4
2020/8/19 07:40,1597797607,1597797599,8
2020/8/19 07:39,1597797547,1597797547,0
2020/8/19 07:38,1597797487,1597797448,39
2020/8/19 07:37,1597797427,1597797397,30
2020/8/19 07:36,1597797367,1597797336,31
2020/8/19 07:35,1597797307,1597797305,2
2020/8/19 07:34,1597797247,1597797244,3
2020/8/19 07:33,1597797187,1597797181,6
2020/8/19 07:32,1597797127,1597797061,66
2020/8/19 07:31,1597797067,1597797061,6
2020/8/19 07:30,1597797007,1597796998,9
2020/8/19 07:29,1597796947,1597796929,18
2020/8/19 07:28,1597796887,1597796757,130
2020/8/19 07:27,1597796827,1597796757,70
2020/8/19 07:26,1597796767,1597796757,10
2020/8/19 07:25,1597796707,1597796699,8
2020/8/19 07:24,1597796647,1597796615,32
2020/8/19 07:23,1597796587,1597796564,23
2020/8/19 07:22,1597796527,1597796460,67
2020/8/19 07:21,1597796467,1597796460,7
2020/8/19 07:20,1597796407,1597796371,36
2020/8/19 07:19,1597796347,1597796249,98
2020/8/19 07:18,1597796287,1597796249,38
2020/8/19 07:17,1597796227,1597796188,39
2020/8/19 07:16,1597796167,1597796087,80
2020/8/19 07:15,1597796107,1597796087,20
2020/8/19 07:14,1597796047,1597795966,81
2020/8/19 07:13,1597795987,1597795966,21
2020/8/19 07:12,1597795927,1597795864,63
2020/8/19 07:11,1597795867,1597795864,3
2020/8/19 07:10,1597795807,1597795789,18
2020/8/19 07:09,1597795747,1597795218,529
2020/8/19 07:08,1597795687,1597795218,469
2020/8/19 07:07,1597795627,1597795218,409
2020/8/19 07:06,1597795567,1597795218,349
2020/8/19 07:05,1597795507,1597795218,289
2020/8/19 07:04,1597795447,1597795218,229
2020/8/19 07:03,1597795387,1597795218,169
2020/8/19 07:02,1597795327,1597795218,109
2020/8/19 07:01,1597795267,1597795218,49
2020/8/19 07:00,1597795207,1597795152,55
2020/8/19 06:59,1597795147,1597794983,164
2020/8/19 06:58,1597795087,1597794983,104
2020/8/19 06:57,1597795027,1597794983,44
2020/8/19 06:56,1597794967,1597794860,107
2020/8/19 06:55,1597794907,1597794860,47
2020/8/19 06:54,1597794847,1597794818,29
2020/8/19 06:53,1597794787,1597794670,117
2020/8/19 06:52,1597794727,1597794670,57
2020/8/19 06:51,1597794667,1597794615,52
2020/8/19 06:50,1597794607,1597794514,93
2020/8/19 06:49,1597794547,1597794514,33
2020/8/19 06:48,1597794487,1597794261,226
2020/8/19 06:47,1597794427,1597794261,166
2020/8/19 06:46,1597794367,1597794261,106
2020/8/19 06:45,1597794307,1597794261,46
2020/8/19 06:44,1597794247,1597794216,31
2020/8/19 06:43,1597794187,1597794159,28
2020/8/19 06:42,1597794127,1597794119,8
2020/8/19 06:41,1597794067,1597794062,5
2020/8/19 06:40,1597794007,1597793971,36
2020/8/19 06:39,1597793947,1597793938,9
2020/8/19 06:38,1597793887,1597793865,22
2020/8/19 06:37,1597793827,1597793808,19
2020/8/19 06:36,1597793767,1597793741,26
2020/8/19 06:35,1597793707,1597793702,5
2020/8/19 06:34,1597793647,1597793550,97
2020/8/19 06:33,1597793587,1597793550,37
2020/8/19 06:32,1597793527,1597793490,37
2020/8/19 06:31,1597793467,1597793388,79
2020/8/19 06:30,1597793407,1597793388,19
2020/8/19 06:29,1597793347,1597793185,162
2020/8/19 06:28,1597793287,1597793185,102
2020/8/19 06:27,1597793227,1597793185,42
2020/8/19 06:26,1597793167,1597793102,65
2020/8/19 06:25,1597793107,1597793102,5
2020/8/19 06:24,1597793047,1597792992,55
2020/8/19 06:23,1597792987,1597792915,72
2020/8/19 06:22,1597792927,1597792915,12
2020/8/19 06:21,1597792867,1597792819,48
2020/8/19 06:20,1597792807,1597792806,1
2020/8/19 06:19,1597792747,1597792738,9
2020/8/19 06:18,1597792687,1597792667,20
2020/8/19 06:17,1597792627,1597792616,11
2020/8/19 06:16,1597792567,1597792465,102
2020/8/19 06:15,1597792507,1597792465,42
2020/8/19 06:14,1597792447,1597792413,34
2020/8/19 06:13,1597792387,1597792383,4
2020/8/19 06:12,1597792327,1597792270,57
2020/8/19 06:11,1597792267,1597792261,6
2020/8/19 06:10,1597792207,1597792199,8
2020/8/19 06:09,1597792147,1597792067,80
2020/8/19 06:08,1597792087,1597792067,20
2020/8/19 06:07,1597792027,1597791978,49
2020/8/19 06:06,1597791967,1597791967,0
2020/8/19 06:05,1597791907,1597791885,22
2020/8/19 06:04,1597791847,1597791784,63
2020/8/19 06:03,1597791787,1597791784,3
2020/8/19 06:02,1597791727,1597791611,116
2020/8/19 06:01,1597791667,1597791611,56
2020/8/19 06:00,1597791607,1597791575,32
2020/8/19 05:59,1597791547,1597791528,19
2020/8/19 05:58,1597791487,1597791484,3
2020/8/19 05:57,1597791427,1597791428,-1
2020/8/19 05:56,1597791367,1597791347,20
2020/8/19 05:55,1597791307,1597791245,62
2020/8/19 05:54,1597791247,1597791245,2
2020/8/19 05:53,1597791187,1597791133,54
2020/8/19 05:52,1597791127,1597791093,34
2020/8/19 05:51,1597791067,1597790990,77
2020/8/19 05:50,1597791007,1597790990,17
2020/8/19 05:49,1597790947,1597790915,32
2020/8/19 05:48,1597790887,1597790887,0
2020/8/19 05:47,1597790827,1597790813,14
2020/8/19 05:46,1597790767,1597790767,0
2020/8/19 05:45,1597790707,1597790655,52
2020/8/19 05:44,1597790647,1597790553,94
2020/8/19 05:43,1597790587,1597790553,34
2020/8/19 05:42,1597790527,1597790462,65
2020/8/19 05:41,1597790467,1597790462,5
2020/8/19 05:40,1597790407,1597790350,57
2020/8/19 05:39,1597790347,1597790334,13
2020/8/19 05:38,1597790287,1597790269,18
2020/8/19 05:37,1597790227,1597790218,9
2020/8/19 05:36,1597790167,1597790161,6
2020/8/19 05:35,1597790107,1597790106,1
2020/8/19 05:34,1597790047,1597790025,22
2020/8/19 05:33,1597789987,1597789923,64
2020/8/19 05:32,1597789927,1597789923,4
2020/8/19 05:31,1597789867,1597789862,5
2020/8/19 05:30,1597789807,1597789791,16
2020/8/19 05:29,1597789747,1597789734,13
2020/8/19 05:28,1597789687,1597789618,69
2020/8/19 05:27,1597789627,1597789618,9
2020/8/19 05:26,1597789567,1597789536,31
2020/8/19 05:25,1597789507,1597789489,18
2020/8/19 05:24,1597789447,1597789406,41
2020/8/19 05:23,1597789387,1597789385,2
2020/8/19 05:22,1597789327,1597789323,4
2020/8/19 05:21,1597789267,1597789241,26
2020/8/19 05:20,1597789207,1597789196,11
2020/8/19 05:19,1597789147,1597789139,8
2020/8/19 05:18,1597789087,1597789047,40
2020/8/19 05:17,1597789027,1597789027,0
2020/8/19 05:16,1597788967,1597788969,-2
2020/8/19 05:15,1597788907,1597788885,22
2020/8/19 05:14,1597788847,1597788849,-2
2020/8/19 05:13,1597788787,1597788750,37
2020/8/19 05:12,1597788727,1597788728,-1
2020/8/19 05:11,1597788667,1597788662,5
2020/8/19 05:10,1597788607,1597788596,11
2020/8/19 05:09,1597788547,1597788541,6
2020/8/19 05:08,1597788487,1597788437,50
2020/8/19 05:07,1597788427,1597788418,9
2020/8/19 05:06,1597788367,1597788362,5
2020/8/19 05:05,1597788307,1597788298,9
2020/8/19 05:04,1597788247,1597788200,47
2020/8/19 05:03,1597788187,1597788188,-1
2020/8/19 05:02,1597788127,1597788128,-1
2020/8/19 05:01,1597788067,1597787980,87
2020/8/19 05:00,1597788007,1597787980,27
2020/8/19 04:59,1597787947,1597787947,0
2020/8/19 04:58,1597787887,1597787887,0
2020/8/19 04:57,1597787827,1597787794,33
2020/8/19 04:56,1597787767,1597787728,39
2020/8/19 04:55,1597787707,1597787637,70
2020/8/19 04:54,1597787647,1597787637,10
2020/8/19 04:53,1597787587,1597787583,4
2020/8/19 04:52,1597787527,1597787502,25
2020/8/19 04:51,1597787467,1597787440,27
2020/8/19 04:50,1597787407,1597787369,38
2020/8/19 04:49,1597787347,1597787338,9
2020/8/19 04:48,1597787287,1597787284,3
2020/8/19 04:47,1597787227,1597787228,-1
2020/8/19 04:46,1597787167,1597787034,133
2020/8/19 04:45,1597787107,1597787034,73
2020/8/19 04:44,1597787047,1597787034,13
2020/8/19 04:43,1597786987,1597786921,66
2020/8/19 04:42,1597786927,1597786921,6
2020/8/19 04:41,1597786867,1597786827,40
2020/8/19 04:40,1597786807,1597786799,8
2020/8/19 04:39,1597786747,1597786728,19
2020/8/19 04:38,1597786687,1597786616,71
2020/8/19 04:37,1597786627,1597786616,11
2020/8/19 04:36,1597786567,1597786464,103
2020/8/19 04:35,1597786507,1597786464,43
2020/8/19 04:34,1597786447,1597786405,42
2020/8/19 04:33,1597786387,1597786352,35
2020/8/19 04:32,1597786327,1597786328,-1
2020/8/19 04:31,1597786267,1597786243,24
2020/8/19 04:30,1597786207,1597786203,4
2020/8/19 04:29,1597786147,1597786144,3
2020/8/19 04:28,1597786087,1597786015,72
2020/8/19 04:27,1597786027,1597786015,12
2020/8/19 04:26,1597785967,1597785948,19
2020/8/19 04:25,1597785907,1597785877,30
2020/8/19 04:24,1597785847,1597785820,27
2020/8/19 04:23,1597785787,1597785788,-1
2020/8/19 04:22,1597785727,1597785713,14
2020/8/19 04:21,1597785667,1597785632,35
2020/8/19 04:20,1597785607,1597785581,26
2020/8/19 04:19,1597785547,1597785548,-1
2020/8/19 04:18,1597785487,1597785483,4
2020/8/19 04:17,1597785427,1597785418,9
2020/8/19 04:16,1597785367,1597785367,0
2020/8/19 04:15,1597785308,1597785285,23
2020/8/19 04:14,1597785247,1597785194,53
2020/8/19 04:13,1597785187,1597785115,72
2020/8/19 04:12,1597785127,1597785115,12
2020/8/19 04:11,1597785067,1597785052,15
2020/8/19 04:10,1597785007,1597785001,6
2020/8/19 04:09,1597784947,1597784930,17
2020/8/19 04:08,1597784887,1597784859,28
2020/8/19 04:07,1597784827,1597784809,18
2020/8/19 04:06,1597784767,1597784743,24
2020/8/19 04:05,1597784707,1597784684,23
2020/8/19 04:04,1597784647,1597784604,43
2020/8/19 04:03,1597784587,1597784551,36
2020/8/19 04:02,1597784527,1597784512,15
2020/8/19 04:01,1597784467,1597784400,67
2020/8/19 04:00,1597784407,1597784400,7
2020/8/19 03:59,1597784347,1597784318,29
2020/8/19 03:58,1597784287,1597784288,-1
2020/8/19 03:57,1597784227,1597784201,26
2020/8/19 03:56,1597784167,1597784168,-1
2020/8/19 03:55,1597784107,1597784097,10
2020/8/19 03:54,1597784047,1597783962,85
2020/8/19 03:53,1597783987,1597783962,25
2020/8/19 03:52,1597783927,1597783921,6
2020/8/19 03:51,1597783867,1597783728,139
2020/8/19 03:50,1597783807,1597783728,79
2020/8/19 03:49,1597783747,1597783728,19
2020/8/19 03:48,1597783687,1597783607,80
2020/8/19 03:47,1597783627,1597783607,20
2020/8/19 03:46,1597783567,1597783552,15
2020/8/19 03:45,1597783507,1597783501,6
2020/8/19 03:44,1597783447,1597783433,14
2020/8/19 03:43,1597783387,1597783321,66
2020/8/19 03:42,1597783327,1597783321,6
2020/8/19 03:41,1597783267,1597783230,37
2020/8/19 03:40,1597783207,1597783206,1
2020/8/19 03:39,1597783147,1597783148,-1
2020/8/19 03:38,1597783087,1597783082,5
2020/8/19 03:37,1597783027,1597783015,12
2020/8/19 03:36,1597782967,1597782956,11
2020/8/19 03:35,1597782907,1597782908,-1
2020/8/19 03:34,1597782847,1597782811,36
2020/8/19 03:33,1597782787,1597782671,116
2020/8/19 03:32,1597782727,1597782671,56
2020/8/19 03:31,1597782667,1597782660,7
2020/8/19 03:30,1597782607,1597782605,2
2020/8/19 03:29,1597782547,1597782535,12
2020/8/19 03:28,1597782487,1597782471,16
2020/8/19 03:27,1597782427,1597782395,32
2020/8/19 03:26,1597782367,1597782342,25
2020/8/19 03:25,1597782307,1597782291,16
2020/8/19 03:24,1597782247,1597782230,17
2020/8/19 03:23,1597782187,1597782179,8
2020/8/19 03:22,1597782127,1597782080,47
2020/8/19 03:21,1597782067,1597782023,44
2020/8/19 03:20,1597782007,1597782004,3
2020/8/19 03:19,1597781947,1597781944,3
2020/8/19 03:18,1597781887,1597781814,73
2020/8/19 03:17,1597781827,1597781814,13
2020/8/19 03:16,1597781767,1597781766,1
2020/8/19 03:15,1597781707,1597781638,69
2020/8/19 03:14,1597781647,1597781638,9
2020/8/19 03:13,1597781587,1597781571,16
2020/8/19 03:12,1597781527,1597781459,68
2020/8/19 03:11,1597781467,1597781459,8
2020/8/19 03:10,1597781407,1597781404,3
2020/8/19 03:09,1597781347,1597781333,14
2020/8/19 03:08,1597781287,1597781264,23
2020/8/19 03:07,1597781227,1597781108,119
2020/8/19 03:06,1597781167,1597781108,59
2020/8/19 03:05,1597781107,1597781108,-1
2020/8/19 03:04,1597781047,1597781027,20
2020/8/19 03:03,1597780987,1597780965,22
2020/8/19 03:02,1597780927,1597780924,3
2020/8/19 03:01,1597780867,1597780750,117
2020/8/19 03:00,1597780807,1597780750,57
2020/8/19 02:59,1597780747,1597780719,28
2020/8/19 02:58,1597780687,1597780686,1
2020/8/19 02:57,1597780627,1597780607,20
2020/8/19 02:56,1597780567,1597780555,12
2020/8/19 02:55,1597780507,1597780499,8
2020/8/19 02:54,1597780447,1597780447,0
2020/8/19 02:53,1597780387,1597780386,1
2020/8/19 02:52,1597780327,1597780300,27
2020/8/19 02:51,1597780267,1597780239,28
2020/8/19 02:50,1597780207,1597780148,59
2020/8/19 02:49,1597780147,1597780148,-1
2020/8/19 02:48,1597780087,1597780084,3
2020/8/19 02:47,1597780027,1597779983,44
2020/8/19 02:46,1597779967,1597779911,56
2020/8/19 02:45,1597779907,1597779861,46
2020/8/19 02:44,1597779847,1597779845,2
2020/8/19 02:43,1597779787,1597779778,9
2020/8/19 02:42,1597779727,1597779706,21
2020/8/19 02:41,1597779667,1597779604,63
2020/8/19 02:40,1597779607,1597779604,3
2020/8/19 02:39,1597779547,1597779532,15
2020/8/19 02:38,1597779487,1597779481,6
2020/8/19 02:37,1597779427,1597779383,44
2020/8/19 02:36,1597779367,1597779363,4
2020/8/19 02:35,1597779307,1597779278,29
2020/8/19 02:34,1597779247,1597779185,62
2020/8/19 02:33,1597779187,1597779185,2
2020/8/19 02:32,1597779127,1597779114,13
2020/8/19 02:31,1597779067,1597779067,0
2020/8/19 02:30,1597779007,1597778951,56
2020/8/19 02:29,1597778947,1597778922,25
2020/8/19 02:28,1597778887,1597778858,29
2020/8/19 02:27,1597778827,1597778767,60
2020/8/19 02:26,1597778767,1597778767,0
2020/8/19 02:25,1597778707,1597778700,7
2020/8/19 02:24,1597778647,1597778571,76
2020/8/19 02:23,1597778587,1597778571,16
2020/8/19 02:22,1597778527,1597778479,48
2020/8/19 02:21,1597778467,1597778448,19
2020/8/19 02:20,1597778407,1597778407,0
2020/8/19 02:19,1597778347,1597778336,11
2020/8/19 02:18,1597778287,1597778259,28
2020/8/19 02:17,1597778227,1597778203,24
2020/8/19 02:16,1597778167,1597778163,4
2020/8/19 02:15,1597778107,1597778102,5
2020/8/19 02:14,1597778047,1597777985,62
2020/8/19 02:13,1597777987,1597777985,2
2020/8/19 02:12,1597777927,1597777919,8
2020/8/19 02:11,1597777867,1597777797,70
2020/8/19 02:10,1597777807,1597777797,10
2020/8/19 02:09,1597777747,1597777674,73
2020/8/19 02:08,1597777687,1597777674,13
2020/8/19 02:07,1597777627,1597777596,31
2020/8/19 02:06,1597777567,1597777552,15
2020/8/19 02:05,1597777507,1597777501,6
2020/8/19 02:04,1597777447,1597777399,48
2020/8/19 02:03,1597777387,1597777346,41
2020/8/19 02:02,1597777327,1597777284,43
2020/8/19 02:01,1597777267,1597777218,49
2020/8/19 02:00,1597777207,1597777153,54
2020/8/19 01:59,1597777147,1597777000,147
2020/8/19 01:58,1597777087,1597777000,87
2020/8/19 01:57,1597777027,1597777000,27
2020/8/19 01:56,1597776967,1597776918,49
2020/8/19 01:55,1597776907,1597776837,70
2020/8/19 01:54,1597776847,1597776837,10
2020/8/19 01:53,1597776787,1597776776,11
2020/8/19 01:52,1597776727,1597776727,0
2020/8/19 01:51,1597776667,1597776662,5
2020/8/19 01:50,1597776607,1597776581,26
2020/8/19 01:49,1597776547,1597776530,17
2020/8/19 01:48,1597776487,1597776479,8
2020/8/19 01:47,1597776427,1597776398,29
2020/8/19 01:46,1597776367,1597776346,21
2020/8/19 01:45,1597776307,1597776287,20
2020/8/19 01:44,1597776247,1597776194,53
2020/8/19 01:43,1597776187,1597776178,9
2020/8/19 01:42,1597776127,1597776081,46
2020/8/19 01:41,1597776067,1597776067,0
2020/8/19 01:40,1597776007,1597776001,6
2020/8/19 01:39,1597775947,1597775930,17
2020/8/19 01:38,1597775887,1597775848,39
2020/8/19 01:37,1597775827,1597775828,-1
2020/8/19 01:36,1597775767,1597775719,48
2020/8/19 01:35,1597775707,1597775654,53
2020/8/19 01:34,1597775647,1597775634,13
2020/8/19 01:33,1597775587,1597775581,6
2020/8/19 01:32,1597775527,1597775491,36
2020/8/19 01:31,1597775467,1597775439,28
2020/8/19 01:30,1597775407,1597775353,54
2020/8/19 01:29,1597775347,1597775337,10
2020/8/19 01:28,1597775287,1597775266,21
2020/8/19 01:27,1597775227,1597775214,13
2020/8/19 01:26,1597775167,1597775164,3
2020/8/19 01:25,1597775107,1597775103,4
2020/8/19 01:24,1597775047,1597775011,36
2020/8/19 01:23,1597774987,1597774908,79
2020/8/19 01:22,1597774927,1597774908,19
2020/8/19 01:21,1597774867,1597774837,30
2020/8/19 01:20,1597774807,1597774755,52
2020/8/19 01:19,1597774747,1597774704,43
2020/8/19 01:18,1597774687,1597774592,95
2020/8/19 01:17,1597774627,1597774592,35
2020/8/19 01:16,1597774567,1597774531,36
2020/8/19 01:15,1597774507,1597774470,37
2020/8/19 01:14,1597774447,1597774355,92
2020/8/19 01:13,1597774387,1597774355,32
2020/8/19 01:12,1597774327,1597774317,10
2020/8/19 01:11,1597774267,1597774236,31
2020/8/19 01:10,1597774207,1597774069,138
2020/8/19 01:09,1597774147,1597774069,78
2020/8/19 01:08,1597774087,1597774069,18
2020/8/19 01:07,1597774027,1597774012,15
2020/8/19 01:06,1597773967,1597773910,57
2020/8/19 01:05,1597773907,1597773869,38
2020/8/19 01:04,1597773847,1597773762,85
2020/8/19 01:03,1597773787,1597773762,25
2020/8/19 01:02,1597773727,1597773665,62
2020/8/19 01:01,1597773667,1597773665,2
2020/8/19 01:00,1597773607,1597773594,13
2020/8/19 00:59,1597773547,1597773547,0
2020/8/19 00:58,1597773487,1597773431,56
2020/8/19 00:57,1597773427,1597773267,160
2020/8/19 00:56,1597773367,1597773267,100
2020/8/19 00:55,1597773307,1597773267,40
2020/8/19 00:54,1597773247,1597773175,72
2020/8/19 00:53,1597773187,1597773175,12
2020/8/19 00:52,1597773127,1597773057,70
2020/8/19 00:51,1597773067,1597773057,10
2020/8/19 00:50,1597773007,1597772960,47
2020/8/19 00:49,1597772947,1597772940,7
2020/8/19 00:48,1597772887,1597772859,28
2020/8/19 00:47,1597772827,1597772818,9
2020/8/19 00:46,1597772767,1597772767,0
2020/8/19 00:45,1597772707,1597772670,37
2020/8/19 00:44,1597772647,1597772532,115
2020/8/19 00:43,1597772587,1597772532,55
2020/8/19 00:42,1597772527,1597772446,81
2020/8/19 00:41,1597772467,1597772446,21
2020/8/19 00:40,1597772407,1597772402,5
2020/8/19 00:39,1597772347,1597772318,29
2020/8/19 00:38,1597772287,1597772276,11
2020/8/19 00:37,1597772227,1597772200,27
2020/8/19 00:36,1597772167,1597772168,-1
2020/8/19 00:35,1597772107,1597772083,24
2020/8/19 00:34,1597772047,1597772032,15
2020/8/19 00:33,1597771987,1597771915,72
2020/8/19 00:32,1597771927,1597771915,12
2020/8/19 00:31,1597771867,1597771848,19
2020/8/19 00:30,1597771807,1597771808,-1
2020/8/19 00:29,1597771747,1597771736,11
2020/8/19 00:28,1597771687,1597771683,4
2020/8/19 00:27,1597771627,1597771624,3
2020/8/19 00:26,1597771567,1597771567,0
2020/8/19 00:25,1597771507,1597771501,6
2020/8/19 00:24,1597771447,1597771400,47
2020/8/19 00:23,1597771387,1597771367,20
2020/8/19 00:22,1597771327,1597771246,81
2020/8/19 00:21,1597771267,1597771246,21
2020/8/19 00:20,1597771207,1597771207,0
2020/8/19 00:19,1597771147,1597771104,43
2020/8/19 00:18,1597771087,1597771020,67
2020/8/19 00:17,1597771027,1597771020,7
2020/8/19 00:16,1597770967,1597770931,36
2020/8/19 00:15,1597770907,1597770883,24
2020/8/19 00:14,1597770847,1597770809,38
2020/8/19 00:13,1597770787,1597770748,39
2020/8/19 00:12,1597770727,1597770686,41
2020/8/19 00:11,1597770667,1597770656,11
2020/8/19 00:10,1597770607,1597770585,22
2020/8/19 00:09,1597770547,1597770504,43
2020/8/19 00:08,1597770487,1597770483,4
2020/8/19 00:07,1597770427,1597770397,30
2020/8/19 00:06,1597770367,1597770361,6
2020/8/19 00:05,1597770307,1597770239,68
2020/8/19 00:04,1597770247,1597770239,8
2020/8/19 00:03,1597770187,1597770105,82
2020/8/19 00:02,1597770127,1597770105,22
2020/8/19 00:01,1597770067,1597770027,40
2020/8/19 00:00,1597770007,1597769961,46
2020/8/18 23:59,1597769947,1597769930,17
2020/8/18 23:58,1597769887,1597769849,38
2020/8/18 23:57,1597769827,1597769777,50
2020/8/18 23:56,1597769767,1597769716,51
2020/8/18 23:55,1597769707,1597769651,56
2020/8/18 23:54,1597769647,1597769645,2
2020/8/18 23:53,1597769587,1597769564,23
2020/8/18 23:52,1597769527,1597769493,34
2020/8/18 23:51,1597769467,1597769465,2
2020/8/18 23:50,1597769407,1597769400,7
2020/8/18 23:49,1597769347,1597769279,68
2020/8/18 23:48,1597769287,1597769279,8
2020/8/18 23:47,1597769227,1597769197,30
2020/8/18 23:46,1597769167,1597769167,0
2020/8/18 23:45,1597769107,1597769055,52
2020/8/18 23:44,1597769047,1597769045,2
2020/8/18 23:43,1597768987,1597768933,54
2020/8/18 23:42,1597768927,1597768889,38
2020/8/18 23:41,1597768867,1597768853,14
2020/8/18 23:40,1597768807,1597768780,27
2020/8/18 23:39,1597768747,1597768709,38
2020/8/18 23:38,1597768687,1597768617,70
2020/8/18 23:37,1597768627,1597768617,10
2020/8/18 23:36,1597768567,1597768536,31
2020/8/18 23:35,1597768507,1597768480,27
2020/8/18 23:34,1597768447,1597768414,33
2020/8/18 23:33,1597768387,1597768350,37
2020/8/18 23:32,1597768327,1597768322,5
2020/8/18 23:31,1597768267,1597768262,5
2020/8/18 23:30,1597768207,1597768197,10
2020/8/18 23:29,1597768147,1597768139,8
2020/8/18 23:28,1597768087,1597768063,24
2020/8/18 23:27,1597768027,1597767997,30
2020/8/18 23:26,1597767967,1597767962,5
2020/8/18 23:25,1597767907,1597767865,42
2020/8/18 23:24,1597767847,1597767834,13
2020/8/18 23:23,1597767787,1597767763,24
2020/8/18 23:22,1597767727,1597767650,77
2020/8/18 23:21,1597767667,1597767650,17
2020/8/18 23:20,1597767607,1597767571,36
2020/8/18 23:19,1597767547,1597767488,59
2020/8/18 23:18,1597767487,1597767488,-1
2020/8/18 23:17,1597767427,1597767420,7
2020/8/18 23:16,1597767367,1597767362,5
2020/8/18 23:15,1597767307,1597767243,64
2020/8/18 23:14,1597767247,1597767243,4
2020/8/18 23:13,1597767187,1597767141,46
2020/8/18 23:12,1597767127,1597767076,51
2020/8/18 23:11,1597767067,1597767019,48
2020/8/18 23:10,1597767007,1597766946,61
2020/8/18 23:09,1597766947,1597766946,1
2020/8/18 23:08,1597766887,1597766867,20
2020/8/18 23:07,1597766827,1597766602,225
2020/8/18 23:06,1597766767,1597766602,165
2020/8/18 23:05,1597766707,1597766602,105
2020/8/18 23:04,1597766647,1597766602,45
2020/8/18 23:03,1597766587,1597766557,30
2020/8/18 23:02,1597766527,1597766429,98
2020/8/18 23:01,1597766467,1597766429,38
2020/8/18 23:00,1597766407,1597766374,33
2020/8/18 22:59,1597766347,1597766306,41
2020/8/18 22:58,1597766287,1597766268,19
2020/8/18 22:57,1597766227,1597766224,3
2020/8/18 22:56,1597766167,1597766164,3
2020/8/18 22:55,1597766107,1597766072,35
2020/8/18 22:54,1597766047,1597765980,67
2020/8/18 22:53,1597765987,1597765980,7
2020/8/18 22:52,1597765927,1597765928,-1
2020/8/18 22:51,1597765867,1597765859,8
2020/8/18 22:50,1597765807,1597765807,0
2020/8/18 22:49,1597765747,1597765726,21
2020/8/18 22:48,1597765687,1597765686,1
2020/8/18 22:47,1597765627,1597765574,53
2020/8/18 22:46,1597765567,1597765567,0
2020/8/18 22:45,1597765507,1597765493,14
2020/8/18 22:44,1597765447,1597765411,36
2020/8/18 22:43,1597765387,1597765340,47
2020/8/18 22:42,1597765327,1597765278,49
2020/8/18 22:41,1597765267,1597765260,7
2020/8/18 22:40,1597765207,1597765207,0
2020/8/18 22:39,1597765147,1597765104,43
2020/8/18 22:38,1597765087,1597765013,74
2020/8/18 22:37,1597765027,1597765013,14
2020/8/18 22:36,1597764967,1597764907,60
2020/8/18 22:35,1597764907,1597764907,0
2020/8/18 22:34,1597764847,1597764657,190
2020/8/18 22:33,1597764787,1597764657,130
2020/8/18 22:32,1597764727,1597764657,70
2020/8/18 22:31,1597764667,1597764657,10
2020/8/18 22:30,1597764607,1597764580,27
2020/8/18 22:29,1597764547,1597764534,13
2020/8/18 22:28,1597764487,1597764433,54
2020/8/18 22:27,1597764427,1597764402,25
2020/8/18 22:26,1597764367,1597764341,26
2020/8/18 22:25,1597764307,1597764300,7
2020/8/18 22:24,1597764247,1597764229,18
2020/8/18 22:23,1597764187,1597764188,-1
2020/8/18 22:22,1597764127,1597764034,93
2020/8/18 22:21,1597764067,1597764034,33
2020/8/18 22:20,1597764007,1597763993,14
2020/8/18 22:19,1597763947,1597763892,55
2020/8/18 22:18,1597763887,1597763830,57
2020/8/18 22:17,1597763827,1597763800,27
2020/8/18 22:16,1597763767,1597763739,28
2020/8/18 22:15,1597763707,1597763667,40
2020/8/18 22:14,1597763647,1597763636,11
2020/8/18 22:13,1597763587,1597763545,42
2020/8/18 22:12,1597763527,1597763485,42
2020/8/18 22:11,1597763467,1597763441,26
2020/8/18 22:10,1597763407,1597763393,14
2020/8/18 22:09,1597763347,1597763301,46
2020/8/18 22:08,1597763287,1597763230,57
2020/8/18 22:07,1597763227,1597763210,17
2020/8/18 22:06,1597763167,1597763139,28
2020/8/18 22:05,1597763107,1597763026,81
2020/8/18 22:04,1597763047,1597763026,21
2020/8/18 22:03,1597762987,1597762956,31
2020/8/18 22:02,1597762927,1597762914,13
2020/8/18 22:01,1597762867,1597762864,3
2020/8/18 22:00,1597762807,1597762731,76
2020/8/18 21:59,1597762747,1597762731,16
2020/8/18 21:58,1597762687,1597762670,17
2020/8/18 21:57,1597762627,1597762608,19
2020/8/18 21:56,1597762567,1597762562,5
2020/8/18 21:55,1597762507,1597762506,1
2020/8/18 21:54,1597762447,1597762431,16
2020/8/18 21:53,1597762387,1597762364,23
2020/8/18 21:52,1597762327,1597762313,14
2020/8/18 21:51,1597762267,1597762148,119
2020/8/18 21:50,1597762207,1597762148,59
2020/8/18 21:49,1597762147,1597762068,79
2020/8/18 21:48,1597762087,1597762068,19
2020/8/18 21:47,1597762027,1597762028,-1
2020/8/18 21:46,1597761968,1597761954,14
2020/8/18 21:45,1597761907,1597761903,4
2020/8/18 21:44,1597761847,1597761790,57
2020/8/18 21:43,1597761787,1597761753,34
2020/8/18 21:42,1597761727,1597761728,-1
2020/8/18 21:41,1597761667,1597761627,40
2020/8/18 21:40,1597761607,1597761597,10
2020/8/18 21:39,1597761547,1597761547,0
2020/8/18 21:38,1597761487,1597761473,14
2020/8/18 21:37,1597761427,1597761402,25
2020/8/18 21:36,1597761367,1597761328,39
2020/8/18 21:35,1597761307,1597761299,8
2020/8/18 21:34,1597761247,1597761237,10
2020/8/18 21:33,1597761187,1597761167,20
2020/8/18 21:32,1597761127,1597761126,1
2020/8/18 21:31,1597761067,1597761055,12
2020/8/18 21:30,1597761007,1597760996,11
2020/8/18 21:29,1597760947,1597760923,24
2020/8/18 21:28,1597760887,1597760882,5
2020/8/18 21:27,1597760827,1597760821,6
2020/8/18 21:26,1597760767,1597760764,3
2020/8/18 21:25,1597760707,1597760695,12
2020/8/18 21:24,1597760647,1597760546,101
2020/8/18 21:23,1597760587,1597760546,41
2020/8/18 21:22,1597760527,1597760458,69
2020/8/18 21:21,1597760467,1597760458,9
2020/8/18 21:20,1597760407,1597760395,12
2020/8/18 21:19,1597760347,1597760272,75
2020/8/18 21:18,1597760287,1597760272,15
2020/8/18 21:17,1597760227,1597760190,37
2020/8/18 21:16,1597760167,1597760150,17
2020/8/18 21:15,1597760107,1597760099,8
2020/8/18 21:14,1597760047,1597760017,30
2020/8/18 21:13,1597759987,1597759940,47
2020/8/18 21:12,1597759927,1597759920,7
2020/8/18 21:11,1597759867,1597759868,-1
2020/8/18 21:10,1597759807,1597759753,54
2020/8/18 21:09,1597759747,1597759744,3
2020/8/18 21:08,1597759687,1597759651,36
2020/8/18 21:07,1597759627,1597759627,0
2020/8/18 21:06,1597759567,1597759559,8
2020/8/18 21:05,1597759507,1597759456,51
2020/8/18 21:04,1597759447,1597759447,0
2020/8/18 21:03,1597759387,1597759383,4
2020/8/18 21:02,1597759327,1597759320,7
2020/8/18 21:01,1597759267,1597759203,64
2020/8/18 21:00,1597759207,1597759203,4
2020/8/18 20:59,1597759147,1597759142,5
2020/8/18 20:58,1597759087,1597759088,-1
2020/8/18 20:57,1597759027,1597759010,17
2020/8/18 20:56,1597758967,1597758929,38
2020/8/18 20:55,1597758908,1597758893,15
2020/8/18 20:54,1597758847,1597758837,10
2020/8/18 20:53,1597758787,1597758780,7
2020/8/18 20:52,1597758727,1597758725,2
2020/8/18 20:51,1597758667,1597758654,13
2020/8/18 20:50,1597758607,1597758598,9
2020/8/18 20:49,1597758547,1597758516,31
2020/8/18 20:48,1597758487,1597758485,2
2020/8/18 20:47,1597758427,1597758427,0
2020/8/18 20:46,1597758367,1597758318,49
2020/8/18 20:45,1597758307,1597758298,9
2020/8/18 20:44,1597758247,1597758246,1
2020/8/18 20:43,1597758187,1597758164,23
2020/8/18 20:42,1597758127,1597758128,-1
2020/8/18 20:41,1597758067,1597758067,0
2020/8/18 20:40,1597758007,1597758000,7
2020/8/18 20:39,1597757947,1597757934,13
2020/8/18 20:38,1597757887,1597757871,16
2020/8/18 20:37,1597757827,1597757809,18
2020/8/18 20:36,1597757767,1597757738,29
2020/8/18 20:35,1597757707,1597757687,20
2020/8/18 20:34,1597757647,1597757646,1
2020/8/18 20:33,1597757587,1597757555,32
2020/8/18 20:32,1597757527,1597757515,12
2020/8/18 20:31,1597757467,1597757434,33
2020/8/18 20:30,1597757407,1597757372,35
2020/8/18 20:29,1597757347,1597757322,25
2020/8/18 20:28,1597757287,1597757283,4
2020/8/18 20:27,1597757227,1597757227,0
2020/8/18 20:26,1597757167,1597757138,29
2020/8/18 20:25,1597757107,1597757087,20
2020/8/18 20:24,1597757047,1597757016,31
2020/8/18 20:23,1597756987,1597756966,21
2020/8/18 20:22,1597756927,1597756895,32
2020/8/18 20:21,1597756867,1597756863,4
2020/8/18 20:20,1597756807,1597756792,15
2020/8/18 20:19,1597756747,1597756721,26
2020/8/18 20:18,1597756687,1597756650,37
2020/8/18 20:17,1597756627,1597756599,28
2020/8/18 20:16,1597756567,1597756548,19
2020/8/18 20:15,1597756508,1597756508,0
2020/8/18 20:14,1597756447,1597756443,4
2020/8/18 20:13,1597756387,1597756325,62
2020/8/18 20:12,1597756327,1597756325,2
2020/8/18 20:11,1597756267,1597756254,13
2020/8/18 20:10,1597756207,1597756132,75
2020/8/18 20:09,1597756147,1597756132,15
2020/8/18 20:08,1597756087,1597756071,16
2020/8/18 20:07,1597756027,1597756020,7
2020/8/18 20:06,1597755967,1597755949,18
2020/8/18 20:05,1597755907,1597755867,40
2020/8/18 20:04,1597755847,1597755816,31
2020/8/18 20:03,1597755787,1597755758,29
2020/8/18 20:02,1597755727,1597755725,2
2020/8/18 20:01,1597755667,1597755658,9
2020/8/18 20:00,1597755607,1597755597,10
2020/8/18 19:59,1597755547,1597755481,66
2020/8/18 19:58,1597755487,1597755481,6
2020/8/18 19:57,1597755427,1597755427,0
2020/8/18 19:56,1597755367,1597755318,49
2020/8/18 19:55,1597755307,1597755217,90
2020/8/18 19:54,1597755247,1597755217,30
2020/8/18 19:53,1597755187,1597755183,4
2020/8/18 19:52,1597755127,1597755125,2
2020/8/18 19:51,1597755067,1597755043,24
2020/8/18 19:50,1597755007,1597754964,43
2020/8/18 19:49,1597754947,1597754881,66
2020/8/18 19:48,1597754887,1597754881,6
2020/8/18 19:47,1597754827,1597754769,58
2020/8/18 19:46,1597754767,1597754743,24
2020/8/18 19:45,1597754707,1597754708,-1
2020/8/18 19:44,1597754647,1597754586,61
2020/8/18 19:43,1597754587,1597754586,1
2020/8/18 19:42,1597754527,1597754526,1
2020/8/18 19:41,1597754467,1597754383,84
2020/8/18 19:40,1597754407,1597754383,24
2020/8/18 19:39,1597754347,1597754332,15
2020/8/18 19:38,1597754287,1597754272,15
2020/8/18 19:37,1597754227,1597754221,6
2020/8/18 19:36,1597754167,1597754130,37
2020/8/18 19:35,1597754107,1597754043,64
2020/8/18 19:34,1597754047,1597754043,4
2020/8/18 19:33,1597753987,1597753978,9
2020/8/18 19:32,1597753927,1597753896,31
2020/8/18 19:31,1597753867,1597753850,17
2020/8/18 19:30,1597753807,1597753744,63
2020/8/18 19:29,1597753747,1597753744,3
2020/8/18 19:28,1597753687,1597753680,7
2020/8/18 19:27,1597753627,1597753622,5
2020/8/18 19:26,1597753567,1597753567,0
2020/8/18 19:25,1597753507,1597753490,17
2020/8/18 19:24,1597753447,1597753439,8
2020/8/18 19:23,1597753387,1597753386,1
2020/8/18 19:22,1597753327,1597753317,10
2020/8/18 19:21,1597753267,1597753266,1
2020/8/18 19:20,1597753207,1597753205,2
2020/8/18 19:19,1597753147,1597753093,54
2020/8/18 19:18,1597753087,1597753042,45
2020/8/18 19:17,1597753027,1597753022,5
2020/8/18 19:16,1597752967,1597752945,22
2020/8/18 19:15,1597752907,1597752890,17
2020/8/18 19:14,1597752847,1597752840,7
2020/8/18 19:13,1597752787,1597752769,18
2020/8/18 19:12,1597752727,1597752696,31
2020/8/18 19:11,1597752667,1597752616,51
2020/8/18 19:10,1597752607,1597752428,179
2020/8/18 19:09,1597752547,1597752428,119
2020/8/18 19:08,1597752487,1597752428,59
2020/8/18 19:07,1597752427,1597752427,0
2020/8/18 19:06,1597752367,1597752353,14
2020/8/18 19:05,1597752307,1597751540,767
2020/8/18 19:04,1597752247,1597751540,707
2020/8/18 19:03,1597752187,1597751540,647
2020/8/18 19:02,1597752127,1597751540,587
2020/8/18 19:01,1597752067,1597751540,527
2020/8/18 19:00,1597752007,1597751540,467
2020/8/18 18:59,1597751947,1597751540,407
2020/8/18 18:58,1597751887,1597751540,347
2020/8/18 18:57,1597751827,1597751540,287
2020/8/18 18:56,1597751767,1597751540,227
2020/8/18 18:55,1597751707,1597751540,167
2020/8/18 18:54,1597751647,1597751540,107
2020/8/18 18:53,1597751587,1597751540,47
2020/8/18 18:52,1597751527,1597751480,47
2020/8/18 18:51,1597751467,1597751439,28
2020/8/18 18:50,1597751407,1597751395,12
2020/8/18 18:49,1597751347,1597751024,323
2020/8/18 18:48,1597751287,1597751024,263
2020/8/18 18:47,1597751227,1597751024,203
2020/8/18 18:46,1597751167,1597751024,143
2020/8/18 18:45,1597751107,1597751024,83
2020/8/18 18:44,1597751047,1597751024,23
2020/8/18 18:43,1597750987,1597750794,193
2020/8/18 18:42,1597750927,1597750794,133
2020/8/18 18:41,1597750867,1597750794,73
2020/8/18 18:40,1597750807,1597750794,13
2020/8/18 18:39,1597750747,1597750729,18
2020/8/18 18:38,1597750687,1597750667,20
2020/8/18 18:37,1597750627,1597750505,122
2020/8/18 18:36,1597750567,1597750505,62
2020/8/18 18:35,1597750507,1597750505,2
2020/8/18 18:34,1597750447,1597750438,9
2020/8/18 18:33,1597750387,1597750353,34
2020/8/18 18:32,1597750327,1597750268,59
2020/8/18 18:31,1597750267,1597750268,-1
2020/8/18 18:30,1597750207,1597750172,35
2020/8/18 18:29,1597750147,1597750110,37
2020/8/18 18:28,1597750087,1597750056,31
2020/8/18 18:27,1597750027,1597750012,15
2020/8/18 18:26,1597749967,1597749967,0
2020/8/18 18:25,1597749907,1597749907,0
2020/8/18 18:24,1597749847,1597749846,1
2020/8/18 18:23,1597749787,1597749720,67
2020/8/18 18:22,1597749727,1597749720,7
2020/8/18 18:21,1597749667,1597749660,7
2020/8/18 18:20,1597749607,1597749602,5
2020/8/18 18:19,1597749547,1597749470,77
2020/8/18 18:18,1597749487,1597749470,17
2020/8/18 18:17,1597749427,1597749398,29
2020/8/18 18:16,1597749367,1597749310,57
2020/8/18 18:15,1597749307,1597749308,-1
2020/8/18 18:14,1597749247,1597749176,71
2020/8/18 18:13,1597749187,1597749176,11
2020/8/18 18:12,1597749127,1597749084,43
2020/8/18 18:11,1597749067,1597749023,44
2020/8/18 18:10,1597749007,1597748996,11
2020/8/18 18:09,1597748947,1597748935,12
2020/8/18 18:08,1597748887,1597748884,3
2020/8/18 18:07,1597748827,1597748810,17
2020/8/18 18:06,1597748767,1597748760,7
2020/8/18 18:05,1597748707,1597748679,28
2020/8/18 18:04,1597748647,1597748506,141
2020/8/18 18:03,1597748587,1597748506,81
2020/8/18 18:02,1597748527,1597748506,21
2020/8/18 18:01,1597748467,1597748404,63
2020/8/18 18:00,1597748407,1597748404,3
2020/8/18 17:59,1597748347,1597748290,57
2020/8/18 17:58,1597748287,1597748272,15
2020/8/18 17:57,1597748227,1597748228,-1
2020/8/18 17:56,1597748167,1597748158,9
2020/8/18 17:55,1597748107,1597748053,54
2020/8/18 17:54,1597748047,1597748029,18
2020/8/18 17:53,1597747987,1597747972,15
2020/8/18 17:52,1597747927,1597747925,2
2020/8/18 17:51,1597747867,1597747850,17
2020/8/18 17:50,1597747807,1597747794,13
2020/8/18 17:49,1597747747,1597747723,24
2020/8/18 17:48,1597747687,1597747687,0
2020/8/18 17:47,1597747627,1597747592,35
2020/8/18 17:46,1597747567,1597747551,16
2020/8/18 17:45,1597747507,1597747501,6
2020/8/18 17:44,1597747447,1597747443,4
2020/8/18 17:43,1597747387,1597747307,80
2020/8/18 17:42,1597747327,1597747307,20
2020/8/18 17:41,1597747267,1597747266,1
2020/8/18 17:40,1597747207,1597747202,5
2020/8/18 17:39,1597747147,1597747144,3
2020/8/18 17:38,1597747087,1597747086,1
2020/8/18 17:37,1597747027,1597747021,6
2020/8/18 17:36,1597746967,1597746909,58
2020/8/18 17:35,1597746907,1597746908,-1
2020/8/18 17:34,1597746847,1597746840,7
2020/8/18 17:33,1597746787,1597746758,29
2020/8/18 17:32,1597746727,1597746687,40
2020/8/18 17:31,1597746667,1597746656,11
2020/8/18 17:30,1597746607,1597746555,52
2020/8/18 17:29,1597746547,1597746537,10
2020/8/18 17:28,1597746487,1597746474,13
2020/8/18 17:27,1597746427,1597746426,1
2020/8/18 17:26,1597746367,1597746364,3
2020/8/18 17:25,1597746307,1597746281,26
2020/8/18 17:24,1597746247,1597746247,0
2020/8/18 17:23,1597746188,1597746188,0
2020/8/18 17:22,1597746127,1597746118,9
2020/8/18 17:21,1597746067,1597745935,132
2020/8/18 17:20,1597746007,1597745935,72
2020/8/18 17:19,1597745947,1597745935,12
2020/8/18 17:18,1597745887,1597745881,6
2020/8/18 17:17,1597745827,1597745822,5
2020/8/18 17:16,1597745767,1597745738,29
2020/8/18 17:15,1597745707,1597745651,56
2020/8/18 17:14,1597745647,1597745645,2
2020/8/18 17:13,1597745587,1597745554,33
2020/8/18 17:12,1597745527,1597745495,32
2020/8/18 17:11,1597745467,1597745438,29
2020/8/18 17:10,1597745407,1597745408,-1
2020/8/18 17:09,1597745347,1597745336,11
2020/8/18 17:08,1597745287,1597745275,12
2020/8/18 17:07,1597745227,1597745224,3
2020/8/18 17:06,1597745167,1597745165,2
2020/8/18 17:05,1597745107,1597745093,14
2020/8/18 17:04,1597745047,1597745022,25
2020/8/18 17:03,1597744987,1597744951,36
2020/8/18 17:02,1597744927,1597744926,1
2020/8/18 17:01,1597744867,1597744860,7
2020/8/18 17:00,1597744807,1597744748,59
2020/8/18 16:59,1597744747,1597744747,0
2020/8/18 16:58,1597744687,1597744646,41
2020/8/18 16:57,1597744627,1597744608,19
2020/8/18 16:56,1597744567,1597744534,33
2020/8/18 16:55,1597744507,1597744484,23
2020/8/18 16:54,1597744447,1597744402,45
2020/8/18 16:53,1597744387,1597744372,15
2020/8/18 16:52,1597744327,1597744322,5
2020/8/18 16:51,1597744267,1597744242,25
2020/8/18 16:50,1597744207,1597744159,48
2020/8/18 16:49,1597744147,1597744147,0
2020/8/18 16:48,1597744087,1597744086,1
2020/8/18 16:47,1597744027,1597744008,19
2020/8/18 16:46,1597743967,1597743935,32
2020/8/18 16:45,1597743907,1597743793,114
2020/8/18 16:44,1597743847,1597743793,54
2020/8/18 16:43,1597743787,1597743703,84
2020/8/18 16:42,1597743727,1597743703,24
2020/8/18 16:41,1597743667,1597743662,5
2020/8/18 16:40,1597743607,1597743589,18
2020/8/18 16:39,1597743547,1597743530,17
2020/8/18 16:38,1597743487,1597743437,50
2020/8/18 16:37,1597743427,1597743367,60
2020/8/18 16:36,1597743367,1597743367,0
2020/8/18 16:35,1597743307,1597743295,12
2020/8/18 16:34,1597743247,1597743204,43
2020/8/18 16:33,1597743187,1597743143,44
2020/8/18 16:32,1597743127,1597743062,65
2020/8/18 16:31,1597743067,1597743062,5
2020/8/18 16:30,1597743007,1597742992,15
2020/8/18 16:29,1597742947,1597742924,23
2020/8/18 16:28,1597742887,1597742879,8
2020/8/18 16:27,1597742827,1597742768,59
2020/8/18 16:26,1597742767,1597742737,30
2020/8/18 16:25,1597742707,1597742699,8
2020/8/18 16:24,1597742647,1597742646,1
2020/8/18 16:23,1597742587,1597742575,12
2020/8/18 16:22,1597742527,1597742500,27
2020/8/18 16:21,1597742467,1597742466,1
2020/8/18 16:20,1597742407,1597742407,0
2020/8/18 16:19,1597742347,1597742250,97
2020/8/18 16:18,1597742287,1597742250,37
2020/8/18 16:17,1597742227,1597742199,28
2020/8/18 16:16,1597742167,1597742158,9
2020/8/18 16:15,1597742107,1597742108,-1
2020/8/18 16:14,1597742047,1597742007,40
2020/8/18 16:13,1597741987,1597741986,1
2020/8/18 16:12,1597741927,1597741915,12
2020/8/18 16:11,1597741867,1597741868,-1
2020/8/18 16:10,1597741807,1597741793,14
2020/8/18 16:09,1597741747,1597741745,2
2020/8/18 16:08,1597741687,1597741671,16
2020/8/18 16:07,1597741627,1597741580,47
2020/8/18 16:06,1597741567,1597741519,48
2020/8/18 16:05,1597741507,1597741464,43
2020/8/18 16:04,1597741447,1597741417,30
2020/8/18 16:03,1597741387,1597741357,30
2020/8/18 16:02,1597741327,1597741327,0
2020/8/18 16:01,1597741267,1597741266,1
2020/8/18 16:00,1597741207,1597741163,44
2020/8/18 15:59,1597741147,1597741083,64
2020/8/18 15:58,1597741087,1597741083,4
2020/8/18 15:57,1597741028,1597741028,0
2020/8/18 15:56,1597740967,1597740962,5
2020/8/18 15:55,1597740907,1597740869,38
2020/8/18 15:54,1597740847,1597740834,13
2020/8/18 15:53,1597740787,1597740786,1
2020/8/18 15:52,1597740727,1597740724,3
2020/8/18 15:51,1597740667,1597740635,32
2020/8/18 15:50,1597740607,1597740553,54
2020/8/18 15:49,1597740547,1597740462,85
2020/8/18 15:48,1597740487,1597740462,25
2020/8/18 15:47,1597740427,1597740411,16
2020/8/18 15:46,1597740367,1597740359,8
2020/8/18 15:45,1597740307,1597740279,28
2020/8/18 15:44,1597740247,1597740247,0
2020/8/18 15:43,1597740187,1597740167,20
2020/8/18 15:42,1597740127,1597740126,1
2020/8/18 15:41,1597740067,1597740042,25
2020/8/18 15:40,1597740007,1597739994,13
2020/8/18 15:39,1597739947,1597739934,13
2020/8/18 15:38,1597739887,1597739856,31
2020/8/18 15:37,1597739827,1597739781,46
2020/8/18 15:36,1597739767,1597739760,7
2020/8/18 15:35,1597739707,1597739705,2
2020/8/18 15:34,1597739647,1597739588,59
2020/8/18 15:33,1597739587,1597739587,0
2020/8/18 15:32,1597739527,1597739527,0
2020/8/18 15:31,1597739467,1597739395,72
2020/8/18 15:30,1597739407,1597739395,12
2020/8/18 15:29,1597739347,1597739283,64
2020/8/18 15:28,1597739287,1597739283,4
2020/8/18 15:27,1597739227,1597739192,35
2020/8/18 15:26,1597739167,1597739165,2
2020/8/18 15:25,1597739107,1597739060,47
2020/8/18 15:24,1597739047,1597739039,8
2020/8/18 15:23,1597738987,1597738958,29
2020/8/18 15:22,1597738927,1597738887,40
2020/8/18 15:21,1597738867,1597738843,24
2020/8/18 15:20,1597738807,1597738805,2
2020/8/18 15:19,1597738747,1597738741,6
2020/8/18 15:18,1597738687,1597738664,23
2020/8/18 15:17,1597738627,1597738595,32
2020/8/18 15:16,1597738567,1597738568,-1
2020/8/18 15:15,1597738507,1597738501,6
2020/8/18 15:14,1597738447,1597738329,118
2020/8/18 15:13,1597738387,1597738329,58
2020/8/18 15:12,1597738327,1597738227,100
2020/8/18 15:11,1597738267,1597738227,40
2020/8/18 15:10,1597738207,1597738136,71
2020/8/18 15:09,1597738147,1597738136,11
2020/8/18 15:08,1597738087,1597738035,52
2020/8/18 15:07,1597738027,1597737943,84
2020/8/18 15:06,1597737967,1597737943,24
2020/8/18 15:05,1597737907,1597737905,2
2020/8/18 15:04,1597737847,1597737842,5
2020/8/18 15:03,1597737787,1597737710,77
2020/8/18 15:02,1597737727,1597737710,17
2020/8/18 15:01,1597737667,1597737629,38
2020/8/18 15:00,1597737607,1597737495,112
2020/8/18 14:59,1597737547,1597737495,52
2020/8/18 14:58,1597737487,1597737436,51
2020/8/18 14:57,1597737427,1597737422,5
2020/8/18 14:56,1597737367,1597737324,43
2020/8/18 14:55,1597737307,1597737294,13
2020/8/18 14:54,1597737247,1597737243,4
2020/8/18 14:53,1597737187,1597737182,5
2020/8/18 14:52,1597737127,1597737121,6
2020/8/18 14:51,1597737067,1597737019,48
2020/8/18 14:50,1597737007,1597736999,8
2020/8/18 14:49,1597736947,1597736928,19
2020/8/18 14:48,1597736887,1597736816,71
2020/8/18 14:47,1597736827,1597736816,11
2020/8/18 14:46,1597736767,1597736756,11
2020/8/18 14:45,1597736707,1597736634,73
2020/8/18 14:44,1597736647,1597736634,13
2020/8/18 14:43,1597736587,1597736543,44
2020/8/18 14:42,1597736527,1597736492,35
2020/8/18 14:41,1597736467,1597736441,26
2020/8/18 14:40,1597736407,1597736380,27
2020/8/18 14:39,1597736347,1597736279,68
2020/8/18 14:38,1597736287,1597736279,8
2020/8/18 14:37,1597736227,1597736218,9
2020/8/18 14:36,1597736167,1597736146,21
2020/8/18 14:35,1597736107,1597736105,2
2020/8/18 14:34,1597736047,1597736025,22
2020/8/18 14:33,1597735987,1597735954,33
2020/8/18 14:32,1597735927,1597735917,10
2020/8/18 14:31,1597735867,1597735863,4
2020/8/18 14:30,1597735807,1597735802,5
2020/8/18 14:29,1597735747,1597735718,29
2020/8/18 14:28,1597735687,1597735670,17
2020/8/18 14:27,1597735627,1597735600,27
2020/8/18 14:26,1597735567,1597735487,80
2020/8/18 14:25,1597735507,1597735487,20
2020/8/18 14:24,1597735447,1597735437,10
2020/8/18 14:23,1597735387,1597735336,51
2020/8/18 14:22,1597735327,1597735325,2
2020/8/18 14:21,1597735267,1597735264,3
2020/8/18 14:20,1597735207,1597735172,35
2020/8/18 14:19,1597735147,1597735141,6
2020/8/18 14:18,1597735087,1597735081,6
2020/8/18 14:17,1597735028,1597735021,7
2020/8/18 14:16,1597734967,1597734958,9
2020/8/18 14:15,1597734907,1597734906,1
2020/8/18 14:14,1597734847,1597734841,6
2020/8/18 14:13,1597734787,1597734785,2
2020/8/18 14:12,1597734727,1597734714,13
2020/8/18 14:11,1597734667,1597734667,0
2020/8/18 14:10,1597734607,1597734592,15
2020/8/18 14:09,1597734547,1597734490,57
2020/8/18 14:08,1597734487,1597734471,16
2020/8/18 14:07,1597734427,1597734401,26
2020/8/18 14:06,1597734367,1597734367,0
2020/8/18 14:05,1597734307,1597734278,29
2020/8/18 14:04,1597734247,1597734229,18
2020/8/18 14:03,1597734187,1597734175,12
2020/8/18 14:02,1597734127,1597734124,3
2020/8/18 14:01,1597734067,1597734036,31
2020/8/18 14:00,1597734007,1597733998,9
2020/8/18 13:59,1597733947,1597733901,46
2020/8/18 13:58,1597733887,1597733881,6
2020/8/18 13:57,1597733827,1597733799,28
2020/8/18 13:56,1597733767,1597733765,2
2020/8/18 13:55,1597733707,1597733687,20
2020/8/18 13:54,1597733647,1597733626,21
2020/8/18 13:53,1597733587,1597733586,1
2020/8/18 13:52,1597733527,1597733484,43
2020/8/18 13:51,1597733467,1597733434,33
2020/8/18 13:50,1597733407,1597733353,54
2020/8/18 13:49,1597733347,1597733334,13
2020/8/18 13:48,1597733287,1597733282,5
2020/8/18 13:47,1597733228,1597733190,38
2020/8/18 13:46,1597733167,1597733100,67
2020/8/18 13:45,1597733107,1597733100,7
2020/8/18 13:44,1597733047,1597732998,49
2020/8/18 13:43,1597732987,1597732982,5
2020/8/18 13:42,1597732927,1597732922,5
2020/8/18 13:41,1597732867,1597732820,47
2020/8/18 13:40,1597732807,1597732798,9
2020/8/18 13:39,1597732747,1597732734,13
2020/8/18 13:38,1597732687,1597732642,45
2020/8/18 13:37,1597732627,1597732612,15
2020/8/18 13:36,1597732567,1597732551,16
2020/8/18 13:35,1597732507,1597732470,37
2020/8/18 13:34,1597732447,1597732445,2
2020/8/18 13:33,1597732387,1597732358,29
2020/8/18 13:32,1597732327,1597732307,20
2020/8/18 13:31,1597732267,1597732246,21
2020/8/18 13:30,1597732207,1597732195,12
2020/8/18 13:29,1597732147,1597732032,115
2020/8/18 13:28,1597732087,1597732032,55
2020/8/18 13:27,1597732027,1597731951,76
2020/8/18 13:26,1597731967,1597731951,16
2020/8/18 13:25,1597731907,1597731808,99
2020/8/18 13:24,1597731847,1597731808,39
2020/8/18 13:23,1597731787,1597731783,4
2020/8/18 13:22,1597731727,1597731687,40
2020/8/18 13:21,1597731667,1597731639,28
2020/8/18 13:20,1597731607,1597731567,40
2020/8/18 13:19,1597731547,1597731534,13
2020/8/18 13:18,1597731487,1597731486,1
2020/8/18 13:17,1597731427,1597731412,15
2020/8/18 13:16,1597731367,1597731300,67
2020/8/18 13:15,1597731307,1597731300,7
2020/8/18 13:14,1597731247,1597731218,29
2020/8/18 13:13,1597731187,1597731168,19
2020/8/18 13:12,1597731127,1597731107,20
2020/8/18 13:11,1597731067,1597731056,11
2020/8/18 13:10,1597731007,1597730934,73
2020/8/18 13:09,1597730947,1597730934,13
2020/8/18 13:08,1597730887,1597730852,35
2020/8/18 13:07,1597730827,1597730807,20
2020/8/18 13:06,1597730767,1597730690,77
2020/8/18 13:05,1597730707,1597730690,17
2020/8/18 13:04,1597730647,1597730598,49
2020/8/18 13:03,1597730587,1597730568,19
2020/8/18 13:02,1597730527,1597730507,20
2020/8/18 13:01,1597730467,1597730416,51
2020/8/18 13:00,1597730407,1597730395,12
2020/8/18 12:59,1597730347,1597730338,9
2020/8/18 12:58,1597730288,1597730263,25
2020/8/18 12:57,1597730227,1597730197,30
2020/8/18 12:56,1597730167,1597730156,11
2020/8/18 12:55,1597730107,1597730080,27
2020/8/18 12:54,1597730047,1597730019,28
2020/8/18 12:53,1597729987,1597729987,0
2020/8/18 12:52,1597729927,1597729927,0
2020/8/18 12:51,1597729867,1597729866,1
2020/8/18 12:50,1597729807,1597729795,12
2020/8/18 12:49,1597729747,1597729744,3
2020/8/18 12:48,1597729687,1597729663,24
2020/8/18 12:47,1597729627,1597729618,9
2020/8/18 12:46,1597729567,1597729544,23
2020/8/18 12:45,1597729507,1597729507,0
2020/8/18 12:44,1597729447,1597729399,48
2020/8/18 12:43,1597729387,1597729348,39
2020/8/18 12:42,1597729327,1597729247,80
2020/8/18 12:41,1597729267,1597729247,20
2020/8/18 12:40,1597729207,1597729186,21
2020/8/18 12:39,1597729147,1597729145,2
2020/8/18 12:38,1597729087,1597729053,34
2020/8/18 12:37,1597729027,1597728972,55
2020/8/18 12:36,1597728967,1597728952,15
2020/8/18 12:35,1597728907,1597728891,16
2020/8/18 12:34,1597728847,1597728830,17
2020/8/18 12:33,1597728787,1597728769,18
2020/8/18 12:32,1597728727,1597728701,26
2020/8/18 12:31,1597728667,1597728613,54
2020/8/18 12:30,1597728607,1597728598,9
2020/8/18 12:29,1597728547,1597728514,33
2020/8/18 12:28,1597728487,1597728433,54
2020/8/18 12:27,1597728427,1597728388,39
2020/8/18 12:26,1597728367,1597728363,4
2020/8/18 12:25,1597728307,1597728307,0
2020/8/18 12:24,1597728247,1597728241,6
2020/8/18 12:23,1597728187,1597728172,15
2020/8/18 12:22,1597728127,1597728088,39
2020/8/18 12:21,1597728067,1597728047,20
2020/8/18 12:20,1597728007,1597727986,21
2020/8/18 12:19,1597727947,1597727936,11
2020/8/18 12:18,1597727887,1597727882,5
2020/8/18 12:17,1597727827,1597727790,37
2020/8/18 12:16,1597727768,1597727763,5
2020/8/18 12:15,1597727707,1597727651,56
2020/8/18 12:14,1597727647,1597727519,128
2020/8/18 12:13,1597727587,1597727519,68
2020/8/18 12:12,1597727527,1597727519,8
2020/8/18 12:11,1597727467,1597727458,9
2020/8/18 12:10,1597727407,1597727347,60
2020/8/18 12:09,1597727347,1597727347,0
2020/8/18 12:08,1597727287,1597727123,164
2020/8/18 12:07,1597727227,1597727123,104
2020/8/18 12:06,1597727167,1597727123,44
2020/8/18 12:05,1597727107,1597727091,16
2020/8/18 12:04,1597727047,1597727033,14
2020/8/18 12:03,1597726987,1597726985,2
2020/8/18 12:02,1597726927,1597726909,18
2020/8/18 12:01,1597726867,1597726858,9
2020/8/18 12:00,1597726807,1597726779,28
2020/8/18 11:59,1597726747,1597726738,9
2020/8/18 11:58,1597726687,1597726666,21
2020/8/18 11:57,1597726627,1597726621,6
2020/8/18 11:56,1597726567,1597726524,43
2020/8/18 11:55,1597726507,1597726500,7
2020/8/18 11:54,1597726447,1597726443,4
2020/8/18 11:53,1597726387,1597726371,16
2020/8/18 11:52,1597726327,1597726321,6
2020/8/18 11:51,1597726267,1597726240,27
2020/8/18 11:50,1597726207,1597726169,38
2020/8/18 11:49,1597726147,1597726142,5
2020/8/18 11:48,1597726087,1597726082,5
2020/8/18 11:47,1597726027,1597725986,41
2020/8/18 11:46,1597725967,1597725925,42
2020/8/18 11:45,1597725907,1597725904,3
2020/8/18 11:44,1597725847,1597725844,3
2020/8/18 11:43,1597725787,1597725783,4
2020/8/18 11:42,1597725727,1597725692,35
2020/8/18 11:41,1597725667,1597725619,48
2020/8/18 11:40,1597725607,1597725569,38
2020/8/18 11:39,1597725547,1597725509,38
2020/8/18 11:38,1597725487,1597725478,9
2020/8/18 11:37,1597725427,1597725427,0
2020/8/18 11:36,1597725367,1597725367,0
2020/8/18 11:35,1597725307,1597725302,5
2020/8/18 11:34,1597725247,1597725245,2
2020/8/18 11:33,1597725187,1597725169,18
2020/8/18 11:32,1597725127,1597725069,58
2020/8/18 11:31,1597725067,1597724990,77
2020/8/18 11:30,1597725007,1597724990,17
2020/8/18 11:29,1597724947,1597724888,59
2020/8/18 11:28,1597724887,1597724797,90
2020/8/18 11:27,1597724827,1597724797,30
2020/8/18 11:26,1597724767,1597724766,1
2020/8/18 11:25,1597724707,1597724685,22
2020/8/18 11:24,1597724647,1597724624,23
2020/8/18 11:23,1597724587,1597724532,55
2020/8/18 11:22,1597724527,1597724420,107
2020/8/18 11:21,1597724467,1597724420,47
2020/8/18 11:20,1597724407,1597724379,28
2020/8/18 11:19,1597724347,1597724266,81
2020/8/18 11:18,1597724287,1597724266,21
2020/8/18 11:17,1597724227,1597724224,3
2020/8/18 11:16,1597724167,1597724156,11
2020/8/18 11:15,1597724107,1597724054,53
2020/8/18 11:14,1597724047,1597724003,44
2020/8/18 11:13,1597723987,1597723958,29
2020/8/18 11:12,1597723927,1597723922,5
2020/8/18 11:11,1597723867,1597723780,87
2020/8/18 11:10,1597723807,1597723780,27
2020/8/18 11:09,1597723747,1597723689,58
2020/8/18 11:08,1597723687,1597723628,59
2020/8/18 11:07,1597723627,1597723445,182
2020/8/18 11:06,1597723567,1597723445,122
2020/8/18 11:05,1597723507,1597723445,62
2020/8/18 11:04,1597723447,1597723445,2
2020/8/18 11:03,1597723387,1597723374,13
2020/8/18 11:02,1597723327,1597723323,4
2020/8/18 11:01,1597723267,1597723267,0
2020/8/18 11:00,1597723207,1597723181,26
2020/8/18 10:59,1597723147,1597723110,37
2020/8/18 10:58,1597723087,1597723080,7
2020/8/18 10:57,1597723027,1597723011,16
2020/8/18 10:56,1597722967,1597722967,0
2020/8/18 10:55,1597722907,1597722856,51
2020/8/18 10:54,1597722847,1597722836,11
2020/8/18 10:53,1597722787,1597722724,63
2020/8/18 10:52,1597722727,1597722724,3
2020/8/18 10:51,1597722667,1597722653,14
2020/8/18 10:50,1597722607,1597722561,46
2020/8/18 10:49,1597722547,1597722408,139
2020/8/18 10:48,1597722487,1597722408,79
2020/8/18 10:47,1597722427,1597722408,19
2020/8/18 10:46,1597722367,1597722266,101
2020/8/18 10:45,1597722307,1597722266,41
2020/8/18 10:44,1597722247,1597722245,2
2020/8/18 10:43,1597722187,1597722185,2
2020/8/18 10:42,1597722127,1597722063,64
2020/8/18 10:41,1597722067,1597722063,4
2020/8/18 10:40,1597722007,1597722007,0
2020/8/18 10:39,1597721947,1597721920,27
2020/8/18 10:38,1597721887,1597721880,7
2020/8/18 10:37,1597721827,1597721799,28
2020/8/18 10:36,1597721767,1597721738,29
2020/8/18 10:35,1597721707,1597721636,71
2020/8/18 10:34,1597721647,1597721636,11
2020/8/18 10:33,1597721587,1597721570,17
2020/8/18 10:32,1597721527,1597721527,0
2020/8/18 10:31,1597721467,1597721423,44
2020/8/18 10:30,1597721407,1597721407,0
2020/8/18 10:29,1597721347,1597721311,36
2020/8/18 10:28,1597721287,1597721260,27
2020/8/18 10:27,1597721227,1597721209,18
2020/8/18 10:26,1597721167,1597721145,22
2020/8/18 10:25,1597721107,1597721103,4
2020/8/18 10:24,1597721047,1597720975,72
2020/8/18 10:23,1597720987,1597720975,12
2020/8/18 10:22,1597720927,1597720915,12
2020/8/18 10:21,1597720867,1597720848,19
2020/8/18 10:20,1597720807,1597720793,14
2020/8/18 10:19,1597720747,1597720742,5
2020/8/18 10:18,1597720687,1597720685,2
2020/8/18 10:17,1597720627,1597720590,37
2020/8/18 10:16,1597720567,1597720539,28
2020/8/18 10:15,1597720507,1597720417,90
2020/8/18 10:14,1597720447,1597720417,30
2020/8/18 10:13,1597720387,1597720266,121
2020/8/18 10:12,1597720327,1597720266,61
2020/8/18 10:11,1597720267,1597720266,1
2020/8/18 10:10,1597720207,1597720205,2
2020/8/18 10:09,1597720147,1597720015,132
2020/8/18 10:08,1597720087,1597720015,72
2020/8/18 10:07,1597720027,1597720015,12
2020/8/18 10:06,1597719967,1597719846,121
2020/8/18 10:05,1597719907,1597719846,61
2020/8/18 10:04,1597719847,1597719846,1
2020/8/18 10:03,1597719787,1597719775,12
2020/8/18 10:02,1597719727,1597719713,14
2020/8/18 10:01,1597719667,1597719667,0
2020/8/18 10:00,1597719607,1597719604,3
2020/8/18 09:59,1597719547,1597719542,5
2020/8/18 09:58,1597719487,1597719479,8
2020/8/18 09:57,1597719427,1597719427,0
2020/8/18 09:56,1597719367,1597719358,9
2020/8/18 09:55,1597719307,1597719307,0
2020/8/18 09:54,1597719247,1597719154,93
2020/8/18 09:53,1597719187,1597719154,33
2020/8/18 09:52,1597719127,1597719123,4
2020/8/18 09:51,1597719067,1597719057,10
2020/8/18 09:50,1597719007,1597718890,117
2020/8/18 09:49,1597718947,1597718890,57
2020/8/18 09:48,1597718887,1597718880,7
2020/8/18 09:47,1597718827,1597718768,59
2020/8/18 09:46,1597718767,1597718728,39
2020/8/18 09:45,1597718707,1597718684,23
2020/8/18 09:44,1597718647,1597718644,3
2020/8/18 09:43,1597718587,1597718545,42
2020/8/18 09:42,1597718527,1597718484,43
2020/8/18 09:41,1597718467,1597718443,24
2020/8/18 09:40,1597718407,1597718403,4
2020/8/18 09:39,1597718347,1597718348,-1
2020/8/18 09:38,1597718287,1597718285,2
2020/8/18 09:37,1597718227,1597718225,2
2020/8/18 09:36,1597718167,1597718118,49
2020/8/18 09:35,1597718107,1597718047,60
2020/8/18 09:34,1597718047,1597718007,40
2020/8/18 09:33,1597717988,1597717848,140
2020/8/18 09:32,1597717927,1597717848,79
2020/8/18 09:31,1597717867,1597717848,19
2020/8/18 09:30,1597717807,1597717783,24
2020/8/18 09:29,1597717747,1597717682,65
2020/8/18 09:28,1597717687,1597717682,5
2020/8/18 09:27,1597717627,1597717584,43
2020/8/18 09:26,1597717567,1597717560,7
2020/8/18 09:25,1597717507,1597717500,7
2020/8/18 09:24,1597717447,1597717439,8
2020/8/18 09:23,1597717387,1597717367,20
2020/8/18 09:22,1597717327,1597717296,31
2020/8/18 09:21,1597717267,1597717214,53
2020/8/18 09:20,1597717207,1597717103,104
2020/8/18 09:19,1597717147,1597717103,44
2020/8/18 09:18,1597717087,1597717021,66
2020/8/18 09:17,1597717027,1597717021,6
2020/8/18 09:16,1597716967,1597716961,6
2020/8/18 09:15,1597716907,1597716906,1
2020/8/18 09:14,1597716847,1597716812,35
2020/8/18 09:13,1597716787,1597716697,90
2020/8/18 09:12,1597716727,1597716697,30
2020/8/18 09:11,1597716667,1597716522,145
2020/8/18 09:10,1597716607,1597716522,85
2020/8/18 09:09,1597716547,1597716522,25
2020/8/18 09:08,1597716487,1597716450,37
2020/8/18 09:07,1597716427,1597716422,5
2020/8/18 09:06,1597716367,1597716357,10
2020/8/18 09:05,1597716307,1597716274,33
2020/8/18 09:04,1597716247,1597716222,25
2020/8/18 09:03,1597716187,1597716171,16
2020/8/18 09:02,1597716127,1597716077,50
2020/8/18 09:01,1597716067,1597716066,1
2020/8/18 09:00,1597716007,1597715994,13
2020/8/18 08:59,1597715947,1597715872,75
2020/8/18 08:58,1597715887,1597715872,15
2020/8/18 08:57,1597715827,1597715730,97
2020/8/18 08:56,1597715767,1597715730,37
2020/8/18 08:55,1597715707,1597715707,0
2020/8/18 08:54,1597715647,1597715643,4
2020/8/18 08:53,1597715587,1597715537,50
2020/8/18 08:52,1597715527,1597715508,19
2020/8/18 08:51,1597715467,1597715446,21
2020/8/18 08:50,1597715407,1597715405,2
2020/8/18 08:49,1597715347,1597715344,3
2020/8/18 08:48,1597715287,1597715283,4
2020/8/18 08:47,1597715227,1597715201,26
2020/8/18 08:46,1597715167,1597715161,6
2020/8/18 08:45,1597715107,1597715048,59
2020/8/18 08:44,1597715047,1597714998,49
2020/8/18 08:43,1597714987,1597714937,50
2020/8/18 08:42,1597714927,1597714896,31
2020/8/18 08:41,1597714867,1597714866,1
2020/8/18 08:40,1597714807,1597714796,11
2020/8/18 08:39,1597714747,1597714744,3
2020/8/18 08:38,1597714687,1597714632,55
2020/8/18 08:37,1597714627,1597714601,26
2020/8/18 08:36,1597714567,1597714551,16
2020/8/18 08:35,1597714507,1597714480,27
2020/8/18 08:34,1597714447,1597714408,39
2020/8/18 08:33,1597714387,1597714371,16
2020/8/18 08:32,1597714327,1597714284,43
2020/8/18 08:31,1597714267,1597714225,42
2020/8/18 08:30,1597714207,1597714193,14
2020/8/18 08:29,1597714147,1597714124,23
2020/8/18 08:28,1597714087,1597714055,32
2020/8/18 08:27,1597714027,1597714001,26
2020/8/18 08:26,1597713967,1597713949,18
2020/8/18 08:25,1597713907,1597713858,49
2020/8/18 08:24,1597713847,1597713797,50
2020/8/18 08:23,1597713787,1597713777,10
2020/8/18 08:22,1597713727,1597713665,62
2020/8/18 08:21,1597713667,1597713665,2
2020/8/18 08:20,1597713607,1597713568,39
2020/8/18 08:19,1597713547,1597713536,11
2020/8/18 08:18,1597713487,1597713450,37
2020/8/18 08:17,1597713427,1597713398,29
2020/8/18 08:16,1597713367,1597713327,40
2020/8/18 08:15,1597713307,1597713286,21
2020/8/18 08:14,1597713247,1597713246,1
2020/8/18 08:13,1597713187,1597713134,53
2020/8/18 08:12,1597713127,1597713119,8
2020/8/18 08:11,1597713067,1597713033,34
2020/8/18 08:10,1597713007,1597712997,10
2020/8/18 08:09,1597712947,1597712839,108
2020/8/18 08:08,1597712887,1597712839,48
2020/8/18 08:07,1597712827,1597712819,8
2020/8/18 08:06,1597712767,1597712727,40
2020/8/18 08:05,1597712707,1597712687,20
2020/8/18 08:04,1597712647,1597712636,11
2020/8/18 08:03,1597712587,1597712555,32
2020/8/18 08:02,1597712527,1597712524,3
2020/8/18 08:01,1597712467,1597712444,23
2020/8/18 08:00,1597712407,1597712404,3
2020/8/18 07:59,1597712347,1597712329,18
2020/8/18 07:58,1597712287,1597712247,40
2020/8/18 07:57,1597712227,1597712156,71
2020/8/18 07:56,1597712167,1597712156,11
2020/8/18 07:55,1597712107,1597712075,32
2020/8/18 07:54,1597712047,1597712003,44
2020/8/18 07:53,1597711987,1597711986,1
2020/8/18 07:52,1597711927,1597711922,5
2020/8/18 07:51,1597711867,1597711861,6
2020/8/18 07:50,1597711807,1597711787,20
2020/8/18 07:49,1597711747,1597711738,9
2020/8/18 07:48,1597711687,1597711657,30
2020/8/18 07:47,1597711627,1597711627,0
2020/8/18 07:46,1597711567,1597711566,1
2020/8/18 07:45,1597711507,1597711463,44
2020/8/18 07:44,1597711447,1597711424,23
2020/8/18 07:43,1597711387,1597711338,49
2020/8/18 07:42,1597711327,1597711281,46
2020/8/18 07:41,1597711267,1597711231,36
2020/8/18 07:40,1597711207,1597711114,93
2020/8/18 07:39,1597711147,1597711114,33
2020/8/18 07:38,1597711087,1597711068,19
2020/8/18 07:37,1597711027,1597710987,40
2020/8/18 07:36,1597710967,1597710965,2
2020/8/18 07:35,1597710907,1597710896,11
2020/8/18 07:34,1597710847,1597710817,30
2020/8/18 07:33,1597710787,1597710754,33
2020/8/18 07:32,1597710727,1597710726,1
2020/8/18 07:31,1597710667,1597710662,5
2020/8/18 07:30,1597710607,1597710530,77
2020/8/18 07:29,1597710547,1597710530,17
2020/8/18 07:28,1597710487,1597710486,1
2020/8/18 07:27,1597710427,1597710418,9
2020/8/18 07:26,1597710367,1597710357,10
2020/8/18 07:25,1597710307,1597710304,3
2020/8/18 07:24,1597710247,1597710206,41
2020/8/18 07:23,1597710187,1597710187,0
2020/8/18 07:22,1597710127,1597710125,2
2020/8/18 07:21,1597710067,1597710025,42
2020/8/18 07:20,1597710007,1597709983,24
2020/8/18 07:19,1597709947,1597709940,7
2020/8/18 07:18,1597709887,1597709848,39
2020/8/18 07:17,1597709827,1597709769,58
2020/8/18 07:16,1597709767,1597709729,38
2020/8/18 07:15,1597709707,1597709668,39
2020/8/18 07:14,1597709647,1597709541,106
2020/8/18 07:13,1597709587,1597709541,46
2020/8/18 07:12,1597709527,1597709201,326
2020/8/18 07:11,1597709467,1597709201,266
2020/8/18 07:10,1597709407,1597709201,206
2020/8/18 07:09,1597709347,1597709201,146
2020/8/18 07:08,1597709287,1597709201,86
2020/8/18 07:07,1597709227,1597709201,26
2020/8/18 07:06,1597709167,1597709089,78
2020/8/18 07:05,1597709107,1597709089,18
2020/8/18 07:04,1597709047,1597708075,972
2020/8/18 07:03,1597708987,1597708075,912
2020/8/18 07:02,1597708927,1597708075,852
2020/8/18 07:01,1597708867,1597708075,792
2020/8/18 07:00,1597708807,1597708075,732
2020/8/18 06:59,1597708747,1597708075,672
2020/8/18 06:58,1597708687,1597708075,612
2020/8/18 06:57,1597708627,1597708075,552
2020/8/18 06:56,1597708567,1597708075,492
2020/8/18 06:55,1597708507,1597708075,432
2020/8/18 06:54,1597708447,1597708075,372
2020/8/18 06:53,1597708387,1597708075,312
2020/8/18 06:52,1597708327,1597708075,252
2020/8/18 06:51,1597708267,1597708075,192
2020/8/18 06:50,1597708207,1597708075,132
2020/8/18 06:49,1597708147,1597708075,72
2020/8/18 06:48,1597708087,1597708075,12
2020/8/18 06:47,1597708027,1597707963,64
2020/8/18 06:46,1597707967,1597707963,4
2020/8/18 06:45,1597707907,1597707883,24
2020/8/18 06:44,1597707847,1597707821,26
2020/8/18 06:43,1597707787,1597707771,16
2020/8/18 06:42,1597707727,1597707670,57
2020/8/18 06:41,1597707667,1597707537,130
2020/8/18 06:40,1597707607,1597707537,70
2020/8/18 06:39,1597707547,1597707537,10
2020/8/18 06:38,1597707487,1597707415,72
2020/8/18 06:37,1597707427,1597707415,12
2020/8/18 06:36,1597707367,1597707303,64
2020/8/18 06:35,1597707307,1597707303,4
2020/8/18 06:34,1597707247,1597707181,66
2020/8/18 06:33,1597707187,1597707181,6
2020/8/18 06:32,1597707127,1597706906,221
2020/8/18 06:31,1597707067,1597706906,161
2020/8/18 06:30,1597707007,1597706906,101
2020/8/18 06:29,1597706947,1597706906,41
2020/8/18 06:28,1597706887,1597706887,0
2020/8/18 06:27,1597706827,1597706825,2
2020/8/18 06:26,1597706767,1597706672,95
2020/8/18 06:25,1597706707,1597706672,35
2020/8/18 06:24,1597706647,1597706611,36
2020/8/18 06:23,1597706587,1597706580,7
2020/8/18 06:22,1597706527,1597706489,38
2020/8/18 06:21,1597706467,1597706433,34
2020/8/18 06:20,1597706407,1597706367,40
2020/8/18 06:19,1597706347,1597706287,60
2020/8/18 06:18,1597706287,1597706287,0
2020/8/18 06:17,1597706227,1597706124,103
2020/8/18 06:16,1597706167,1597706124,43
2020/8/18 06:15,1597706107,1597706073,34
2020/8/18 06:14,1597706047,1597705989,58
2020/8/18 06:13,1597705987,1597705972,15
2020/8/18 06:12,1597705927,1597705920,7
2020/8/18 06:11,1597705867,1597705799,68
2020/8/18 06:10,1597705807,1597705799,8
2020/8/18 06:09,1597705747,1597705738,9
2020/8/18 06:08,1597705687,1597705641,46
2020/8/18 06:07,1597705627,1597705626,1
2020/8/18 06:06,1597705567,1597705534,33
2020/8/18 06:05,1597705507,1597705474,33
2020/8/18 06:04,1597705447,1597705443,4
2020/8/18 06:03,1597705387,1597705365,22
2020/8/18 06:02,1597705327,1597705301,26
2020/8/18 06:01,1597705267,1597705261,6
2020/8/18 06:00,1597705207,1597705199,8
2020/8/18 05:59,1597705147,1597705078,69
2020/8/18 05:58,1597705087,1597705078,9
2020/8/18 05:57,1597705027,1597705014,13
2020/8/18 05:56,1597704967,1597704925,42
2020/8/18 05:55,1597704907,1597704894,13
2020/8/18 05:54,1597704847,1597704803,44
2020/8/18 05:53,1597704787,1597704742,45
2020/8/18 05:52,1597704727,1597704707,20
2020/8/18 05:51,1597704667,1597704669,-2
2020/8/18 05:50,1597704607,1597704608,-1
2020/8/18 05:49,1597704547,1597704542,5
2020/8/18 05:48,1597704487,1597704473,14
2020/8/18 05:47,1597704427,1597704426,1
2020/8/18 05:46,1597704367,1597704305,62
2020/8/18 05:45,1597704307,1597704305,2
2020/8/18 05:44,1597704247,1597704224,23
2020/8/18 05:43,1597704187,1597704143,44
2020/8/18 05:42,1597704127,1597704081,46
2020/8/18 05:41,1597704067,1597704051,16
2020/8/18 05:40,1597704007,1597703990,17
2020/8/18 05:39,1597703947,1597703898,49
2020/8/18 05:38,1597703887,1597703872,15
2020/8/18 05:37,1597703827,1597703830,-3
2020/8/18 05:36,1597703767,1597703766,1
2020/8/18 05:35,1597703707,1597703695,12
2020/8/18 05:34,1597703647,1597703624,23
2020/8/18 05:33,1597703587,1597703563,24
2020/8/18 05:32,1597703527,1597703502,25
2020/8/18 05:31,1597703467,1597703441,26
2020/8/18 05:30,1597703407,1597703319,88
2020/8/18 05:29,1597703347,1597703319,28
2020/8/18 05:28,1597703287,1597703269,18
2020/8/18 05:27,1597703227,1597703186,41
2020/8/18 05:26,1597703167,1597703168,-1
2020/8/18 05:25,1597703107,1597703086,21
2020/8/18 05:24,1597703047,1597702964,83
2020/8/18 05:23,1597702987,1597702964,23
2020/8/18 05:22,1597702927,1597702918,9
2020/8/18 05:21,1597702867,1597702869,-2
2020/8/18 05:20,1597702807,1597702807,0
2020/8/18 05:19,1597702747,1597702734,13
2020/8/18 05:18,1597702687,1597702689,-2
2020/8/18 05:17,1597702627,1597702626,1
2020/8/18 05:16,1597702567,1597702557,10
2020/8/18 05:15,1597702507,1597702420,87
2020/8/18 05:14,1597702447,1597702420,27
2020/8/18 05:13,1597702387,1597702374,13
2020/8/18 05:12,1597702327,1597702290,37
2020/8/18 05:11,1597702267,1597702266,1
2020/8/18 05:10,1597702207,1597702130,77
2020/8/18 05:09,1597702147,1597702130,17
2020/8/18 05:08,1597702087,1597702048,39
2020/8/18 05:07,1597702027,1597702030,-3
2020/8/18 05:06,1597701967,1597701957,10
2020/8/18 05:05,1597701907,1597701895,12
2020/8/18 05:04,1597701847,1597701833,14
2020/8/18 05:03,1597701787,1597701785,2
2020/8/18 05:02,1597701727,1597701702,25
2020/8/18 05:01,1597701667,1597701657,10
2020/8/18 05:00,1597701607,1597701560,47
2020/8/18 04:59,1597701547,1597701519,28
2020/8/18 04:58,1597701487,1597701489,-2
2020/8/18 04:57,1597701427,1597701398,29
2020/8/18 04:56,1597701367,1597701340,27
2020/8/18 04:55,1597701307,1597701303,4
2020/8/18 04:54,1597701247,1597701247,0
2020/8/18 04:53,1597701187,1597701175,12
2020/8/18 04:52,1597701127,1597701124,3
2020/8/18 04:51,1597701067,1597701052,15
2020/8/18 04:50,1597701007,1597700902,105
2020/8/18 04:49,1597700947,1597700902,45
2020/8/18 04:48,1597700887,1597700889,-2
2020/8/18 04:47,1597700827,1597700819,8
2020/8/18 04:46,1597700767,1597700717,50
2020/8/18 04:45,1597700707,1597700658,49
2020/8/18 04:44,1597700647,1597700585,62
2020/8/18 04:43,1597700587,1597700585,2
2020/8/18 04:42,1597700527,1597700484,43
2020/8/18 04:41,1597700467,1597700433,34
2020/8/18 04:40,1597700407,1597700372,35
2020/8/18 04:39,1597700347,1597700341,6
2020/8/18 04:38,1597700287,1597700252,35
2020/8/18 04:37,1597700227,1597700209,18
2020/8/18 04:36,1597700167,1597700168,-1
2020/8/18 04:35,1597700107,1597700107,0
2020/8/18 04:34,1597700047,1597700026,21
2020/8/18 04:33,1597699987,1597699981,6
2020/8/18 04:32,1597699927,1597699915,12
2020/8/18 04:31,1597699867,1597699843,24
2020/8/18 04:30,1597699807,1597699740,67
2020/8/18 04:29,1597699747,1597699740,7
2020/8/18 04:28,1597699687,1597699670,17
2020/8/18 04:27,1597699627,1597699619,8
2020/8/18 04:26,1597699567,1597699568,-1
2020/8/18 04:25,1597699507,1597699476,31
2020/8/18 04:24,1597699447,1597699428,19
2020/8/18 04:23,1597699387,1597699313,74
2020/8/18 04:22,1597699327,1597699313,14
2020/8/18 04:21,1597699267,1597699212,55
2020/8/18 04:20,1597699207,1597699109,98
2020/8/18 04:19,1597699147,1597699109,38
2020/8/18 04:18,1597699087,1597699049,38
2020/8/18 04:17,1597699027,1597699019,8
2020/8/18 04:16,1597698967,1597698947,20
2020/8/18 04:15,1597698907,1597698892,15
2020/8/18 04:14,1597698847,1597698849,-2
2020/8/18 04:13,1597698787,1597698776,11
2020/8/18 04:12,1597698727,1597698723,4
2020/8/18 04:11,1597698667,1597698622,45
2020/8/18 04:10,1597698607,1597698600,7
2020/8/18 04:09,1597698547,1597698467,80
2020/8/18 04:08,1597698487,1597698467,20
2020/8/18 04:07,1597698427,1597698398,29
2020/8/18 04:06,1597698367,1597698347,20
2020/8/18 04:05,1597698307,1597698286,21
2020/8/18 04:04,1597698247,1597698216,31
2020/8/18 04:03,1597698187,1597698164,23
2020/8/18 04:02,1597698127,1597698120,7
2020/8/18 04:01,1597698067,1597698063,4
2020/8/18 04:00,1597698007,1597698002,5
2020/8/18 03:59,1597697947,1597697860,87
2020/8/18 03:58,1597697887,1597697860,27
2020/8/18 03:57,1597697827,1597697790,37
2020/8/18 03:56,1597697767,1597697759,8
2020/8/18 03:55,1597697707,1597697678,29
2020/8/18 03:54,1597697647,1597697566,81
2020/8/18 03:53,1597697587,1597697566,21
2020/8/18 03:52,1597697527,1597697522,5
2020/8/18 03:51,1597697467,1597697469,-2
2020/8/18 03:50,1597697407,1597697336,71
2020/8/18 03:49,1597697347,1597697336,11
2020/8/18 03:48,1597697287,1597697282,5
2020/8/18 03:47,1597697227,1597697201,26
2020/8/18 03:46,1597697167,1597697155,12
2020/8/18 03:45,1597697107,1597697107,0
2020/8/18 03:44,1597697047,1597697038,9
2020/8/18 03:43,1597696987,1597696967,20
2020/8/18 03:42,1597696927,1597696926,1
2020/8/18 03:41,1597696867,1597696845,22
2020/8/18 03:40,1597696807,1597696783,24
2020/8/18 03:39,1597696747,1597696686,61
2020/8/18 03:38,1597696687,1597696686,1
2020/8/18 03:37,1597696627,1597696611,16
2020/8/18 03:36,1597696567,1597696563,4
2020/8/18 03:35,1597696507,1597696495,12
2020/8/18 03:34,1597696447,1597696438,9
2020/8/18 03:33,1597696387,1597696342,45
2020/8/18 03:32,1597696327,1597696296,31
2020/8/18 03:31,1597696267,1597696261,6
2020/8/18 03:30,1597696207,1597696170,37
2020/8/18 03:29,1597696147,1597696082,65
2020/8/18 03:28,1597696087,1597696082,5
2020/8/18 03:27,1597696027,1597696013,14
2020/8/18 03:26,1597695967,1597695950,17
2020/8/18 03:25,1597695907,1597695848,59
2020/8/18 03:24,1597695847,1597695848,-1
2020/8/18 03:23,1597695787,1597695686,101
2020/8/18 03:22,1597695727,1597695686,41
2020/8/18 03:21,1597695667,1597695655,12
2020/8/18 03:20,1597695607,1597695585,22
2020/8/18 03:19,1597695547,1597695533,14
2020/8/18 03:18,1597695487,1597695462,25
2020/8/18 03:17,1597695427,1597695391,36
2020/8/18 03:16,1597695367,1597695359,8
2020/8/18 03:15,1597695307,1597695293,14
2020/8/18 03:14,1597695247,1597695178,69
2020/8/18 03:13,1597695187,1597695178,9
2020/8/18 03:12,1597695127,1597695099,28
2020/8/18 03:11,1597695067,1597695065,2
2020/8/18 03:10,1597695007,1597694974,33
2020/8/18 03:09,1597694947,1597694933,14
2020/8/18 03:08,1597694887,1597694832,55
2020/8/18 03:07,1597694827,1597694822,5
2020/8/18 03:06,1597694767,1597694768,-1
2020/8/18 03:05,1597694707,1597694684,23
2020/8/18 03:04,1597694647,1597694630,17
2020/8/18 03:03,1597694587,1597694578,9
2020/8/18 03:02,1597694527,1597694507,20
2020/8/18 03:01,1597694467,1597694465,2
2020/8/18 03:00,1597694407,1597694394,13
2020/8/18 02:59,1597694347,1597694349,-2
2020/8/18 02:58,1597694288,1597694283,5
2020/8/18 02:57,1597694227,1597694205,22
2020/8/18 02:56,1597694167,1597694164,3
2020/8/18 02:55,1597694107,1597694060,47
2020/8/18 02:54,1597694047,1597694013,34
2020/8/18 02:53,1597693987,1597693983,4
2020/8/18 02:52,1597693927,1597693908,19
2020/8/18 02:51,1597693867,1597693837,30
2020/8/18 02:50,1597693807,1597693806,1
2020/8/18 02:49,1597693747,1597693644,103
2020/8/18 02:48,1597693687,1597693644,43
2020/8/18 02:47,1597693627,1597693603,24
2020/8/18 02:46,1597693567,1597693490,77
2020/8/18 02:45,1597693507,1597693490,17
2020/8/18 02:44,1597693448,1597693399,49
2020/8/18 02:43,1597693387,1597693358,29
2020/8/18 02:42,1597693327,1597693266,61
2020/8/18 02:41,1597693267,1597693266,1
2020/8/18 02:40,1597693207,1597693189,18
2020/8/18 02:39,1597693147,1597693129,18
2020/8/18 02:38,1597693087,1597692972,115
2020/8/18 02:37,1597693027,1597692972,55
2020/8/18 02:36,1597692967,1597692901,66
2020/8/18 02:35,1597692907,1597692901,6
2020/8/18 02:34,1597692847,1597692809,38
2020/8/18 02:33,1597692787,1597692764,23
2020/8/18 02:32,1597692727,1597692686,41
2020/8/18 02:31,1597692667,1597692611,56
2020/8/18 02:30,1597692607,1597692565,42
2020/8/18 02:29,1597692547,1597692524,23
2020/8/18 02:28,1597692487,1597692341,146
2020/8/18 02:27,1597692427,1597692341,86
2020/8/18 02:26,1597692367,1597692341,26
2020/8/18 02:25,1597692307,1597692270,37
2020/8/18 02:24,1597692247,1597692168,79
2020/8/18 02:23,1597692187,1597692168,19
2020/8/18 02:22,1597692127,1597692112,15
2020/8/18 02:21,1597692067,1597692015,52
2020/8/18 02:20,1597692007,1597691903,104
2020/8/18 02:19,1597691947,1597691903,44
2020/8/18 02:18,1597691887,1597691842,45
2020/8/18 02:17,1597691827,1597691829,-2
2020/8/18 02:16,1597691767,1597691740,27
2020/8/18 02:15,1597691707,1597691699,8
2020/8/18 02:14,1597691647,1597691638,9
2020/8/18 02:13,1597691587,1597691516,71
2020/8/18 02:12,1597691527,1597691516,11
2020/8/18 02:11,1597691467,1597691374,93
2020/8/18 02:10,1597691407,1597691374,33
2020/8/18 02:09,1597691347,1597691309,38
2020/8/18 02:08,1597691287,1597691288,-1
2020/8/18 02:07,1597691227,1597691212,15
2020/8/18 02:06,1597691167,1597691131,36
2020/8/18 02:05,1597691107,1597691071,36
2020/8/18 02:04,1597691047,1597691009,38
2020/8/18 02:03,1597690987,1597690917,70
2020/8/18 02:02,1597690927,1597690917,10
2020/8/18 02:01,1597690867,1597690867,0
2020/8/18 02:00,1597690807,1597690755,52
2020/8/18 01:59,1597690747,1597690723,24
2020/8/18 01:58,1597690687,1597690663,24
2020/8/18 01:57,1597690627,1597690591,36
2020/8/18 01:56,1597690567,1597690564,3
2020/8/18 01:55,1597690507,1597690495,12
2020/8/18 01:54,1597690447,1597690439,8
2020/8/18 01:53,1597690387,1597690367,20
2020/8/18 01:52,1597690327,1597690266,61
2020/8/18 01:51,1597690267,1597690266,1
2020/8/18 01:50,1597690207,1597690113,94
2020/8/18 01:49,1597690147,1597690113,34
2020/8/18 01:48,1597690087,1597690062,25
2020/8/18 01:47,1597690027,1597690015,12
2020/8/18 01:46,1597689967,1597689909,58
2020/8/18 01:45,1597689907,1597689909,-2
2020/8/18 01:44,1597689847,1597689847,0
2020/8/18 01:43,1597689787,1597689786,1
2020/8/18 01:42,1597689727,1597689695,32
2020/8/18 01:41,1597689667,1597689654,13
2020/8/18 01:40,1597689607,1597689596,11
2020/8/18 01:39,1597689547,1597689546,1
2020/8/18 01:38,1597689487,1597689486,1
2020/8/18 01:37,1597689427,1597689400,27
2020/8/18 01:36,1597689367,1597689349,18
2020/8/18 01:35,1597689307,1597689308,-1
2020/8/18 01:34,1597689247,1597689247,0
2020/8/18 01:33,1597689187,1597689155,32
2020/8/18 01:32,1597689127,1597689119,8
2020/8/18 01:31,1597689067,1597689054,13
2020/8/18 01:30,1597689007,1597688983,24
2020/8/18 01:29,1597688947,1597688906,41
2020/8/18 01:28,1597688887,1597688889,-2
2020/8/18 01:27,1597688827,1597688811,16
2020/8/18 01:26,1597688767,1597688719,48
2020/8/18 01:25,1597688707,1597688647,60
2020/8/18 01:24,1597688647,1597688647,0
2020/8/18 01:23,1597688587,1597688575,12
2020/8/18 01:22,1597688527,1597688515,12
2020/8/18 01:21,1597688467,1597688463,4
2020/8/18 01:20,1597688407,1597688402,5
2020/8/18 01:19,1597688347,1597688209,138
2020/8/18 01:18,1597688287,1597688209,78
2020/8/18 01:17,1597688227,1597688209,18
2020/8/18 01:16,1597688167,1597688159,8
2020/8/18 01:15,1597688107,1597688006,101
2020/8/18 01:14,1597688047,1597688006,41
2020/8/18 01:13,1597687987,1597687985,2
2020/8/18 01:12,1597687927,1597687904,23
2020/8/18 01:11,1597687867,1597687822,45
2020/8/18 01:10,1597687807,1597687772,35
2020/8/18 01:09,1597687747,1597687741,6
2020/8/18 01:08,1597687687,1597687689,-2
2020/8/18 01:07,1597687627,1597687549,78
2020/8/18 01:06,1597687568,1597687549,19
2020/8/18 01:05,1597687507,1597687493,14
2020/8/18 01:04,1597687447,1597687366,81
2020/8/18 01:03,1597687387,1597687366,21
2020/8/18 01:02,1597687327,1597687304,23
2020/8/18 01:01,1597687267,1597687265,2
2020/8/18 01:00,1597687207,1597687182,25
2020/8/18 00:59,1597687147,1597687137,10
2020/8/18 00:58,1597687087,1597687080,7
2020/8/18 00:57,1597687027,1597686959,68
2020/8/18 00:56,1597686967,1597686959,8
2020/8/18 00:55,1597686907,1597686898,9
2020/8/18 00:54,1597686847,1597686849,-2
2020/8/18 00:53,1597686787,1597686774,13
2020/8/18 00:52,1597686727,1597686715,12
2020/8/18 00:51,1597686667,1597686654,13
2020/8/18 00:50,1597686607,1597686582,25
2020/8/18 00:49,1597686547,1597686531,16
2020/8/18 00:48,1597686487,1597686481,6
2020/8/18 00:47,1597686427,1597686425,2
2020/8/18 00:46,1597686367,1597686359,8
2020/8/18 00:45,1597686307,1597686306,1
2020/8/18 00:44,1597686247,1597686205,42
2020/8/18 00:43,1597686187,1597686144,43
2020/8/18 00:42,1597686127,1597686102,25
2020/8/18 00:41,1597686067,1597686062,5
2020/8/18 00:40,1597686007,1597686008,-1
2020/8/18 00:39,1597685947,1597685941,6
2020/8/18 00:38,1597685887,1597685788,99
2020/8/18 00:37,1597685827,1597685788,39
2020/8/18 00:36,1597685767,1597685645,122
2020/8/18 00:35,1597685707,1597685645,62
2020/8/18 00:34,1597685647,1597685645,2
2020/8/18 00:33,1597685587,1597685534,53
2020/8/18 00:32,1597685527,1597685483,44
2020/8/18 00:31,1597685467,1597685422,45
2020/8/18 00:30,1597685407,1597685361,46
2020/8/18 00:29,1597685347,1597685321,26
2020/8/18 00:28,1597685287,1597685269,18
2020/8/18 00:27,1597685227,1597685212,15
2020/8/18 00:26,1597685167,1597685128,39
2020/8/18 00:25,1597685107,1597685108,-1
2020/8/18 00:24,1597685047,1597685039,8
2020/8/18 00:23,1597684987,1597684944,43
2020/8/18 00:22,1597684927,1597684911,16
2020/8/18 00:21,1597684868,1597684858,10
2020/8/18 00:20,1597684807,1597684809,-2
2020/8/18 00:19,1597684747,1597684739,8
2020/8/18 00:18,1597684687,1597684689,-2
2020/8/18 00:17,1597684627,1597684627,0
2020/8/18 00:16,1597684567,1597684505,62
2020/8/18 00:15,1597684507,1597684505,2
2020/8/18 00:14,1597684447,1597684444,3
2020/8/18 00:13,1597684387,1597684373,14
2020/8/18 00:12,1597684327,1597684322,5
2020/8/18 00:11,1597684267,1597684247,20
2020/8/18 00:10,1597684207,1597684171,36
2020/8/18 00:09,1597684147,1597684058,89
2020/8/18 00:08,1597684087,1597684058,29
2020/8/18 00:07,1597684027,1597684027,0
2020/8/18 00:06,1597683967,1597683945,22
2020/8/18 00:05,1597683907,1597683894,13
2020/8/18 00:04,1597683847,1597683792,55
2020/8/18 00:03,1597683787,1597683724,63
2020/8/18 00:02,1597683727,1597683724,3
2020/8/18 00:01,1597683667,1597683619,48
2020/8/18 00:00,1597683607,1597683581,26
2020/8/17 23:59,1597683547,1597683510,37
2020/8/17 23:58,1597683487,1597683446,41
2020/8/17 23:57,1597683427,1597683405,22
2020/8/17 23:56,1597683367,1597683345,22
2020/8/17 23:55,1597683307,1597683273,34
2020/8/17 23:54,1597683247,1597683242,5
2020/8/17 23:53,1597683187,1597683160,27
2020/8/17 23:52,1597683127,1597683049,78
2020/8/17 23:51,1597683067,1597683049,18
2020/8/17 23:50,1597683007,1597682957,50
2020/8/17 23:49,1597682947,1597682930,17
2020/8/17 23:48,1597682887,1597682862,25
2020/8/17 23:47,1597682827,1597682795,32
2020/8/17 23:46,1597682767,1597682710,57
2020/8/17 23:45,1597682707,1597682709,-2
2020/8/17 23:44,1597682647,1597682616,31
2020/8/17 23:43,1597682587,1597682472,115
2020/8/17 23:42,1597682527,1597682472,55
2020/8/17 23:41,1597682467,1597682466,1
2020/8/17 23:40,1597682407,1597682384,23
2020/8/17 23:39,1597682347,1597682349,-2
2020/8/17 23:38,1597682287,1597682267,20
2020/8/17 23:37,1597682227,1597682226,1
2020/8/17 23:36,1597682167,1597682163,4
2020/8/17 23:35,1597682107,1597682097,10
2020/8/17 23:34,1597682047,1597681987,60
2020/8/17 23:33,1597681987,1597681987,0
2020/8/17 23:32,1597681927,1597681874,53
2020/8/17 23:31,1597681867,1597681853,14
2020/8/17 23:30,1597681807,1597681782,25
2020/8/17 23:29,1597681747,1597681740,7
2020/8/17 23:28,1597681687,1597681687,0
2020/8/17 23:27,1597681627,1597681609,18
2020/8/17 23:26,1597681567,1597681565,2
2020/8/17 23:25,1597681507,1597681464,43
2020/8/17 23:24,1597681447,1597681426,21
2020/8/17 23:23,1597681387,1597681389,-2
2020/8/17 23:22,1597681327,1597681301,26
2020/8/17 23:21,1597681267,1597681199,68
2020/8/17 23:20,1597681207,1597681199,8
2020/8/17 23:19,1597681147,1597681144,3
2020/8/17 23:18,1597681087,1597681077,10
2020/8/17 23:17,1597681027,1597680963,64
2020/8/17 23:16,1597680967,1597680963,4
2020/8/17 23:15,1597680907,1597680883,24
2020/8/17 23:14,1597680847,1597680810,37
2020/8/17 23:13,1597680787,1597680699,88
2020/8/17 23:12,1597680727,1597680699,28
2020/8/17 23:11,1597680667,1597680556,111
2020/8/17 23:10,1597680607,1597680556,51
2020/8/17 23:09,1597680547,1597680495,52
2020/8/17 23:08,1597680487,1597680477,10
2020/8/17 23:07,1597680427,1597680416,11
2020/8/17 23:06,1597680367,1597680323,44
2020/8/17 23:05,1597680307,1597680302,5
2020/8/17 23:04,1597680247,1597680179,68
2020/8/17 23:03,1597680187,1597680179,8
2020/8/17 23:02,1597680127,1597680076,51
2020/8/17 23:01,1597680067,1597680056,11
2020/8/17 23:00,1597680007,1597679975,32
2020/8/17 22:59,1597679947,1597679904,43
2020/8/17 22:58,1597679887,1597679874,13
2020/8/17 22:57,1597679827,1597679782,45
2020/8/17 22:56,1597679767,1597679732,35
2020/8/17 22:55,1597679707,1597679691,16
2020/8/17 22:54,1597679647,1597679609,38
2020/8/17 22:53,1597679587,1597679558,29
2020/8/17 22:52,1597679527,1597679517,10
2020/8/17 22:51,1597679467,1597679449,18
2020/8/17 22:50,1597679407,1597679394,13
2020/8/17 22:49,1597679347,1597679303,44
2020/8/17 22:48,1597679287,1597679235,52
2020/8/17 22:47,1597679227,1597679229,-2
2020/8/17 22:46,1597679167,1597679099,68
2020/8/17 22:45,1597679107,1597679099,8
2020/8/17 22:44,1597679047,1597679049,-2
2020/8/17 22:43,1597678987,1597678956,31
2020/8/17 22:42,1597678927,1597678905,22
2020/8/17 22:41,1597678867,1597678834,33
2020/8/17 22:40,1597678807,1597678710,97
2020/8/17 22:39,1597678747,1597678710,37
2020/8/17 22:38,1597678687,1597678669,18
2020/8/17 22:37,1597678627,1597678629,-2
2020/8/17 22:36,1597678567,1597678568,-1
2020/8/17 22:35,1597678507,1597678483,24
2020/8/17 22:34,1597678447,1597678415,32
2020/8/17 22:33,1597678387,1597678353,34
2020/8/17 22:32,1597678327,1597678292,35
2020/8/17 22:31,1597678267,1597678268,-1
2020/8/17 22:30,1597678207,1597678187,20
2020/8/17 22:29,1597678147,1597678119,28
2020/8/17 22:28,1597678087,1597677987,100
2020/8/17 22:27,1597678027,1597677987,40
2020/8/17 22:26,1597677967,1597677925,42
2020/8/17 22:25,1597677907,1597677834,73
2020/8/17 22:24,1597677847,1597677834,13
2020/8/17 22:23,1597677788,1597677700,88
2020/8/17 22:22,1597677727,1597677700,27
2020/8/17 22:21,1597677667,1597677639,28
2020/8/17 22:20,1597677607,1597677588,19
2020/8/17 22:19,1597677547,1597677476,71
2020/8/17 22:18,1597677487,1597677476,11
2020/8/17 22:17,1597677427,1597677384,43
2020/8/17 22:16,1597677367,1597677303,64
2020/8/17 22:15,1597677307,1597677303,4
2020/8/17 22:14,1597677247,1597677236,11
2020/8/17 22:13,1597677187,1597677088,99
2020/8/17 22:12,1597677127,1597677088,39
2020/8/17 22:11,1597677067,1597677047,20
2020/8/17 22:10,1597677007,1597676885,122
2020/8/17 22:09,1597676947,1597676885,62
2020/8/17 22:08,1597676887,1597676885,2
2020/8/17 22:07,1597676827,1597676773,54
2020/8/17 22:06,1597676767,1597676721,46
2020/8/17 22:05,1597676707,1597676696,11
2020/8/17 22:04,1597676647,1597676477,170
2020/8/17 22:03,1597676587,1597676477,110
2020/8/17 22:02,1597676527,1597676477,50
2020/8/17 22:01,1597676467,1597676395,72
2020/8/17 22:00,1597676407,1597676395,12
2020/8/17 21:59,1597676347,1597676340,7
2020/8/17 21:58,1597676287,1597676273,14
2020/8/17 21:57,1597676227,1597676222,5
2020/8/17 21:56,1597676167,1597676140,27
2020/8/17 21:55,1597676107,1597676096,11
2020/8/17 21:54,1597676047,1597675957,90
2020/8/17 21:53,1597675987,1597675957,30
2020/8/17 21:52,1597675927,1597675907,20
2020/8/17 21:51,1597675867,1597675856,11
2020/8/17 21:50,1597675807,1597675809,-2
2020/8/17 21:49,1597675747,1597675692,55
2020/8/17 21:48,1597675687,1597675570,117
2020/8/17 21:47,1597675627,1597675570,57
2020/8/17 21:46,1597675567,1597675447,120
2020/8/17 21:45,1597675507,1597675447,60
2020/8/17 21:44,1597675447,1597675447,0
2020/8/17 21:43,1597675387,1597675366,21
2020/8/17 21:42,1597675327,1597675323,4
2020/8/17 21:41,1597675267,1597675244,23
2020/8/17 21:40,1597675207,1597675180,27
2020/8/17 21:39,1597675147,1597675143,4
2020/8/17 21:38,1597675087,1597675061,26
2020/8/17 21:37,1597675027,1597674991,36
2020/8/17 21:36,1597674967,1597674950,17
2020/8/17 21:35,1597674907,1597674889,18
2020/8/17 21:34,1597674847,1597674830,17
2020/8/17 21:33,1597674787,1597674767,20
2020/8/17 21:32,1597674727,1597674717,10
2020/8/17 21:31,1597674667,1597674635,32
2020/8/17 21:30,1597674607,1597674554,53
2020/8/17 21:29,1597674547,1597674412,135
2020/8/17 21:28,1597674487,1597674412,75
2020/8/17 21:27,1597674427,1597674412,15
2020/8/17 21:26,1597674367,1597674359,8
2020/8/17 21:25,1597674307,1597674309,-2
2020/8/17 21:24,1597674247,1597674198,49
2020/8/17 21:23,1597674187,1597674116,71
2020/8/17 21:22,1597674127,1597674116,11
2020/8/17 21:21,1597674067,1597674014,53
2020/8/17 21:20,1597674007,1597673963,44
2020/8/17 21:19,1597673947,1597673924,23
2020/8/17 21:18,1597673887,1597673872,15
2020/8/17 21:17,1597673827,1597673813,14
2020/8/17 21:16,1597673767,1597673689,78
2020/8/17 21:15,1597673707,1597673689,18
2020/8/17 21:14,1597673647,1597673638,9
2020/8/17 21:13,1597673587,1597673547,40
2020/8/17 21:12,1597673527,1597673526,1
2020/8/17 21:11,1597673467,1597673434,33
2020/8/17 21:10,1597673407,1597673394,13
2020/8/17 21:09,1597673347,1597673343,4
2020/8/17 21:08,1597673287,1597673269,18
2020/8/17 21:07,1597673227,1597673221,6
2020/8/17 21:06,1597673167,1597673150,17
2020/8/17 21:05,1597673107,1597673107,0
2020/8/17 21:04,1597673047,1597673044,3
2020/8/17 21:03,1597672988,1597672977,11
2020/8/17 21:02,1597672927,1597672907,20
2020/8/17 21:01,1597672867,1597672827,40
2020/8/17 21:00,1597672807,1597672808,-1
2020/8/17 20:59,1597672747,1597672743,4
2020/8/17 20:58,1597672687,1597672682,5
2020/8/17 20:57,1597672627,1597672581,46
2020/8/17 20:56,1597672567,1597672550,17
2020/8/17 20:55,1597672507,1597672473,34
2020/8/17 20:54,1597672447,1597672449,-2
2020/8/17 20:53,1597672387,1597672383,4
2020/8/17 20:52,1597672327,1597672327,0
2020/8/17 20:51,1597672267,1597672266,1
2020/8/17 20:50,1597672207,1597672204,3
2020/8/17 20:49,1597672147,1597672133,14
2020/8/17 20:48,1597672087,1597672082,5
2020/8/17 20:47,1597672027,1597671990,37
2020/8/17 20:46,1597671967,1597671959,8
2020/8/17 20:45,1597671907,1597671847,60
2020/8/17 20:44,1597671847,1597671847,0
2020/8/17 20:43,1597671787,1597671766,21
2020/8/17 20:42,1597671727,1597671694,33
2020/8/17 20:41,1597671667,1597671643,24
2020/8/17 20:40,1597671607,1597671602,5
2020/8/17 20:39,1597671547,1597671548,-1
2020/8/17 20:38,1597671487,1597671460,27
2020/8/17 20:37,1597671427,1597671423,4
2020/8/17 20:36,1597671367,1597671364,3
2020/8/17 20:35,1597671307,1597671306,1
2020/8/17 20:34,1597671247,1597671227,20
2020/8/17 20:33,1597671187,1597671187,0
2020/8/17 20:32,1597671127,1597671105,22
2020/8/17 20:31,1597671067,1597670963,104
2020/8/17 20:30,1597671007,1597670963,44
2020/8/17 20:29,1597670947,1597670769,178
2020/8/17 20:28,1597670887,1597670769,118
2020/8/17 20:27,1597670827,1597670769,58
2020/8/17 20:26,1597670767,1597670769,-2
2020/8/17 20:25,1597670707,1597670706,1
2020/8/17 20:24,1597670647,1597670647,0
2020/8/17 20:23,1597670587,1597670584,3
2020/8/17 20:22,1597670527,1597670523,4
2020/8/17 20:21,1597670467,1597670466,1
2020/8/17 20:20,1597670407,1597670402,5
2020/8/17 20:19,1597670347,1597670319,28
2020/8/17 20:18,1597670287,1597670268,19
2020/8/17 20:17,1597670227,1597670223,4
2020/8/17 20:16,1597670167,1597670084,83
2020/8/17 20:15,1597670107,1597670084,23
2020/8/17 20:14,1597670047,1597670046,1
2020/8/17 20:13,1597669987,1597669984,3
2020/8/17 20:12,1597669927,1597669892,35
2020/8/17 20:11,1597669867,1597669853,14
2020/8/17 20:10,1597669807,1597669800,7
2020/8/17 20:09,1597669747,1597669719,28
2020/8/17 20:08,1597669687,1597669667,20
2020/8/17 20:07,1597669627,1597669627,0
2020/8/17 20:06,1597669567,1597669566,1
2020/8/17 20:05,1597669507,1597669464,43
2020/8/17 20:04,1597669447,1597669413,34
2020/8/17 20:03,1597669387,1597669341,46
2020/8/17 20:02,1597669327,1597669289,38
2020/8/17 20:01,1597669267,1597669214,53
2020/8/17 20:00,1597669207,1597669208,-1
2020/8/17 19:59,1597669147,1597669115,32
2020/8/17 19:58,1597669087,1597669065,22
2020/8/17 19:57,1597669027,1597669025,2
2020/8/17 19:56,1597668967,1597668953,14
2020/8/17 19:55,1597668907,1597668892,15
2020/8/17 19:54,1597668847,1597668780,67
2020/8/17 19:53,1597668787,1597668780,7
2020/8/17 19:52,1597668727,1597668728,-1
2020/8/17 19:51,1597668667,1597668638,29
2020/8/17 19:50,1597668607,1597668565,42
2020/8/17 19:49,1597668547,1597668545,2
2020/8/17 19:48,1597668487,1597668469,18
2020/8/17 19:47,1597668427,1597668423,4
2020/8/17 19:46,1597668367,1597668330,37
2020/8/17 19:45,1597668307,1597668308,-1
2020/8/17 19:44,1597668247,1597668247,0
2020/8/17 19:43,1597668187,1597668186,1
2020/8/17 19:42,1597668127,1597668085,42
2020/8/17 19:41,1597668067,1597668012,55
2020/8/17 19:40,1597668007,1597667971,36
2020/8/17 19:39,1597667947,1597667930,17
2020/8/17 19:38,1597667887,1597667869,18
2020/8/17 19:37,1597667827,1597667828,-1
2020/8/17 19:36,1597667767,1597667757,10
2020/8/17 19:35,1597667707,1597667706,1
2020/8/17 19:34,1597667647,1597667584,63
2020/8/17 19:33,1597667587,1597667584,3
2020/8/17 19:32,1597667527,1597667492,35
2020/8/17 19:31,1597667467,1597667468,-1
2020/8/17 19:30,1597667407,1597667400,7
2020/8/17 19:29,1597667347,1597667256,91
2020/8/17 19:28,1597667287,1597667256,31
2020/8/17 19:27,1597667227,1597667215,12
2020/8/17 19:26,1597667167,1597667133,34
2020/8/17 19:25,1597667107,1597667072,35
2020/8/17 19:24,1597667047,1597666991,56
2020/8/17 19:23,1597666987,1597666971,16
2020/8/17 19:22,1597666927,1597666929,-2
2020/8/17 19:21,1597666867,1597666842,25
2020/8/17 19:20,1597666807,1597666798,9
2020/8/17 19:19,1597666747,1597666717,30
2020/8/17 19:18,1597666687,1597666656,31
2020/8/17 19:17,1597666627,1597666534,93
2020/8/17 19:16,1597666567,1597666534,33
2020/8/17 19:15,1597666507,1597666443,64
2020/8/17 19:14,1597666447,1597666443,4
2020/8/17 19:13,1597666387,1597666260,127
2020/8/17 19:12,1597666327,1597666260,67
2020/8/17 19:11,1597666267,1597666260,7
2020/8/17 19:10,1597666207,1597665417,790
2020/8/17 19:09,1597666147,1597665417,730
2020/8/17 19:08,1597666087,1597665417,670
2020/8/17 19:07,1597666027,1597665417,610
2020/8/17 19:06,1597665967,1597665417,550
2020/8/17 19:05,1597665907,1597665417,490
2020/8/17 19:04,1597665847,1597665417,430
2020/8/17 19:03,1597665787,1597665417,370
2020/8/17 19:02,1597665727,1597665417,310
2020/8/17 19:01,1597665667,1597665417,250
2020/8/17 19:00,1597665607,1597665417,190
2020/8/17 18:59,1597665547,1597665417,130
2020/8/17 18:58,1597665487,1597665417,70
2020/8/17 18:57,1597665427,1597665417,10
2020/8/17 18:56,1597665367,1597665316,51
2020/8/17 18:55,1597665307,1597665132,175
2020/8/17 18:54,1597665247,1597665132,115
2020/8/17 18:53,1597665187,1597665132,55
2020/8/17 18:52,1597665127,1597665010,117
2020/8/17 18:51,1597665067,1597665010,57
2020/8/17 18:50,1597665007,1597664971,36
2020/8/17 18:49,1597664947,1597664947,0
2020/8/17 18:48,1597664887,1597664888,-1
2020/8/17 18:47,1597664827,1597664735,92
2020/8/17 18:46,1597664767,1597664735,32
2020/8/17 18:45,1597664707,1597664616,91
2020/8/17 18:44,1597664647,1597664616,31
2020/8/17 18:43,1597664587,1597664589,-2
2020/8/17 18:42,1597664527,1597664505,22
2020/8/17 18:41,1597664467,1597664461,6
2020/8/17 18:40,1597664407,1597664380,27
2020/8/17 18:39,1597664347,1597664258,89
2020/8/17 18:38,1597664287,1597664258,29
2020/8/17 18:37,1597664227,1597664211,16
2020/8/17 18:36,1597664167,1597664167,0
2020/8/17 18:35,1597664107,1597664108,-1
2020/8/17 18:34,1597664047,1597663994,53
2020/8/17 18:33,1597663987,1597663912,75
2020/8/17 18:32,1597663927,1597663912,15
2020/8/17 18:31,1597663867,1597663830,37
2020/8/17 18:30,1597663807,1597663698,109
2020/8/17 18:29,1597663747,1597663698,49
2020/8/17 18:28,1597663687,1597663667,20
2020/8/17 18:27,1597663627,1597663627,0
2020/8/17 18:26,1597663567,1597663566,1
2020/8/17 18:25,1597663507,1597663499,8
2020/8/17 18:24,1597663447,1597663381,66
2020/8/17 18:23,1597663387,1597663381,6
2020/8/17 18:22,1597663328,1597663299,29
2020/8/17 18:21,1597663267,1597663264,3
2020/8/17 18:20,1597663207,1597663132,75
2020/8/17 18:19,1597663147,1597663132,15
2020/8/17 18:18,1597663087,1597663042,45
2020/8/17 18:17,1597663027,1597663023,4
2020/8/17 18:16,1597662967,1597662963,4
2020/8/17 18:15,1597662907,1597662851,56
2020/8/17 18:14,1597662847,1597662780,67
2020/8/17 18:13,1597662787,1597662780,7
2020/8/17 18:12,1597662727,1597662699,28
2020/8/17 18:11,1597662667,1597662596,71
2020/8/17 18:10,1597662607,1597662596,11
2020/8/17 18:09,1597662547,1597662473,74
2020/8/17 18:08,1597662487,1597662473,14
2020/8/17 18:07,1597662427,1597662381,46
2020/8/17 18:06,1597662367,1597662369,-2
2020/8/17 18:05,1597662307,1597662308,-1
2020/8/17 18:04,1597662247,1597662248,-1
2020/8/17 18:03,1597662187,1597662187,0
2020/8/17 18:02,1597662127,1597662111,16
2020/8/17 18:01,1597662067,1597662064,3
2020/8/17 18:00,1597662007,1597661993,14
2020/8/17 17:59,1597661947,1597661922,25
2020/8/17 17:58,1597661887,1597661872,15
2020/8/17 17:57,1597661827,1597661760,67
2020/8/17 17:56,1597661767,1597661760,7
2020/8/17 17:55,1597661707,1597661690,17
2020/8/17 17:54,1597661647,1597661639,8
2020/8/17 17:53,1597661587,1597661589,-2
2020/8/17 17:52,1597661527,1597661528,-1
2020/8/17 17:51,1597661467,1597661424,43
2020/8/17 17:50,1597661407,1597661342,65
2020/8/17 17:49,1597661347,1597661342,5
2020/8/17 17:48,1597661287,1597661251,36
2020/8/17 17:47,1597661227,1597661221,6
2020/8/17 17:46,1597661167,1597661130,37
2020/8/17 17:45,1597661107,1597661107,0
2020/8/17 17:44,1597661047,1597661047,0
2020/8/17 17:43,1597660987,1597660985,2
2020/8/17 17:42,1597660927,1597660924,3
2020/8/17 17:41,1597660867,1597660791,76
2020/8/17 17:40,1597660807,1597660791,16
2020/8/17 17:39,1597660747,1597660607,140
2020/8/17 17:38,1597660687,1597660607,80
2020/8/17 17:37,1597660627,1597660607,20
2020/8/17 17:36,1597660567,1597660562,5
2020/8/17 17:35,1597660507,1597660506,1
2020/8/17 17:34,1597660447,1597660444,3
2020/8/17 17:33,1597660387,1597660364,23
2020/8/17 17:32,1597660327,1597660323,4
2020/8/17 17:31,1597660267,1597660242,25
2020/8/17 17:30,1597660207,1597660201,6
2020/8/17 17:29,1597660147,1597660145,2
2020/8/17 17:28,1597660087,1597660075,12
2020/8/17 17:27,1597660027,1597659997,30
2020/8/17 17:26,1597659967,1597659935,32
2020/8/17 17:25,1597659907,1597659901,6
2020/8/17 17:24,1597659847,1597659841,6
2020/8/17 17:23,1597659787,1597659720,67
2020/8/17 17:22,1597659728,1597659720,8
2020/8/17 17:21,1597659667,1597659627,40
2020/8/17 17:20,1597659607,1597659526,81
2020/8/17 17:19,1597659547,1597659526,21
2020/8/17 17:18,1597659487,1597659458,29
2020/8/17 17:17,1597659427,1597659383,44
2020/8/17 17:16,1597659367,1597659352,15
2020/8/17 17:15,1597659307,1597659251,56
2020/8/17 17:14,1597659247,1597659129,118
2020/8/17 17:13,1597659187,1597659129,58
2020/8/17 17:12,1597659127,1597659129,-2
2020/8/17 17:11,1597659067,1597658954,113
2020/8/17 17:10,1597659007,1597658954,53
2020/8/17 17:09,1597658947,1597658899,48
2020/8/17 17:08,1597658887,1597658874,13
2020/8/17 17:07,1597658827,1597658739,88
2020/8/17 17:06,1597658767,1597658739,28
2020/8/17 17:05,1597658707,1597658698,9
2020/8/17 17:04,1597658647,1597658619,28
2020/8/17 17:03,1597658587,1597658537,50
2020/8/17 17:02,1597658527,1597658486,41
2020/8/17 17:01,1597658467,1597658436,31
2020/8/17 17:00,1597658407,1597658398,9
2020/8/17 16:59,1597658347,1597658324,23
2020/8/17 16:58,1597658287,1597658286,1
2020/8/17 16:57,1597658227,1597658222,5
2020/8/17 16:56,1597658167,1597658124,43
2020/8/17 16:55,1597658107,1597658105,2
2020/8/17 16:54,1597658047,1597658043,4
2020/8/17 16:53,1597657987,1597657978,9
2020/8/17 16:52,1597657927,1597657898,29
2020/8/17 16:51,1597657867,1597657867,0
2020/8/17 16:50,1597657807,1597657774,33
2020/8/17 16:49,1597657747,1597657734,13
2020/8/17 16:48,1597657687,1597657643,44
2020/8/17 16:47,1597657627,1597657612,15
2020/8/17 16:46,1597657567,1597657551,16
2020/8/17 16:45,1597657507,1597657429,78
2020/8/17 16:44,1597657447,1597657429,18
2020/8/17 16:43,1597657387,1597657298,89
2020/8/17 16:42,1597657327,1597657298,29
2020/8/17 16:41,1597657267,1597657217,50
2020/8/17 16:40,1597657207,1597657115,92
2020/8/17 16:39,1597657147,1597657115,32
2020/8/17 16:38,1597657087,1597657074,13
2020/8/17 16:37,1597657027,1597657028,-1
2020/8/17 16:36,1597656967,1597656921,46
2020/8/17 16:35,1597656907,1597656861,46
2020/8/17 16:34,1597656847,1597656789,58
2020/8/17 16:33,1597656787,1597656789,-2
2020/8/17 16:32,1597656727,1597656718,9
2020/8/17 16:31,1597656667,1597656665,2
2020/8/17 16:30,1597656607,1597656609,-2
2020/8/17 16:29,1597656547,1597656525,22
2020/8/17 16:28,1597656487,1597656393,94
2020/8/17 16:27,1597656427,1597656393,34
2020/8/17 16:26,1597656367,1597656341,26
2020/8/17 16:25,1597656307,1597656288,19
2020/8/17 16:24,1597656247,1597656178,69
2020/8/17 16:23,1597656187,1597656178,9
2020/8/17 16:22,1597656127,1597656128,-1
2020/8/17 16:21,1597656067,1597656067,0
2020/8/17 16:20,1597656007,1597655973,34
2020/8/17 16:19,1597655947,1597655935,12
2020/8/17 16:18,1597655887,1597655793,94
2020/8/17 16:17,1597655827,1597655793,34
2020/8/17 16:16,1597655767,1597655671,96
2020/8/17 16:15,1597655707,1597655671,36
2020/8/17 16:14,1597655647,1597655630,17
2020/8/17 16:13,1597655587,1597655538,49
2020/8/17 16:12,1597655527,1597655488,39
2020/8/17 16:11,1597655467,1597655447,20
2020/8/17 16:10,1597655407,1597655389,18
2020/8/17 16:09,1597655347,1597655264,83
2020/8/17 16:08,1597655287,1597655264,23
2020/8/17 16:07,1597655227,1597655203,24
2020/8/17 16:06,1597655167,1597655136,31
2020/8/17 16:05,1597655107,1597655100,7
2020/8/17 16:04,1597655047,1597655040,7
2020/8/17 16:03,1597654988,1597654907,81
2020/8/17 16:02,1597654927,1597654907,20
2020/8/17 16:01,1597654867,1597654867,0
2020/8/17 16:00,1597654807,1597654805,2
2020/8/17 15:59,1597654747,1597654704,43
2020/8/17 15:58,1597654687,1597654663,24
2020/8/17 15:57,1597654627,1597654618,9
2020/8/17 15:56,1597654567,1597654507,60
2020/8/17 15:55,1597654507,1597654507,0
2020/8/17 15:54,1597654447,1597654430,17
2020/8/17 15:53,1597654387,1597654267,120
2020/8/17 15:52,1597654327,1597654267,60
2020/8/17 15:51,1597654267,1597654267,0
2020/8/17 15:50,1597654207,1597654186,21
2020/8/17 15:49,1597654147,1597654084,63
2020/8/17 15:48,1597654087,1597654084,3
2020/8/17 15:47,1597654027,1597653892,135
2020/8/17 15:46,1597653967,1597653892,75
2020/8/17 15:45,1597653907,1597653892,15
2020/8/17 15:44,1597653847,1597653769,78
2020/8/17 15:43,1597653787,1597653769,18
2020/8/17 15:42,1597653727,1597653708,19
2020/8/17 15:41,1597653667,1597653657,10
2020/8/17 15:40,1597653607,1597653601,6
2020/8/17 15:39,1597653547,1597653454,93
2020/8/17 15:38,1597653487,1597653454,33
2020/8/17 15:37,1597653427,1597653413,14
2020/8/17 15:36,1597653367,1597653364,3
2020/8/17 15:35,1597653307,1597653292,15
2020/8/17 15:34,1597653247,1597653211,36
2020/8/17 15:33,1597653187,1597653122,65
2020/8/17 15:32,1597653127,1597653122,5
2020/8/17 15:31,1597653067,1597653048,19
2020/8/17 15:30,1597653007,1597652982,25
2020/8/17 15:29,1597652947,1597652948,-1
2020/8/17 15:28,1597652887,1597652886,1
2020/8/17 15:27,1597652827,1597652824,3
2020/8/17 15:26,1597652767,1597652763,4
2020/8/17 15:25,1597652707,1597652642,65
2020/8/17 15:24,1597652647,1597652642,5
2020/8/17 15:23,1597652587,1597652564,23
2020/8/17 15:22,1597652527,1597652521,6
2020/8/17 15:21,1597652467,1597652465,2
2020/8/17 15:20,1597652407,1597652398,9
2020/8/17 15:19,1597652347,1597652347,0
2020/8/17 15:18,1597652287,1597652266,21
2020/8/17 15:17,1597652227,1597652216,11
2020/8/17 15:16,1597652167,1597652068,99
2020/8/17 15:15,1597652107,1597652068,39
2020/8/17 15:14,1597652047,1597651992,55
2020/8/17 15:13,1597651987,1597651859,128
2020/8/17 15:12,1597651927,1597651859,68
2020/8/17 15:11,1597651867,1597651859,8
2020/8/17 15:10,1597651807,1597651758,49
2020/8/17 15:09,1597651747,1597651740,7
2020/8/17 15:08,1597651687,1597651615,72
2020/8/17 15:07,1597651627,1597651615,12
2020/8/17 15:06,1597651567,1597651551,16
2020/8/17 15:05,1597651507,1597651452,55
2020/8/17 15:04,1597651447,1597651381,66
2020/8/17 15:03,1597651387,1597651381,6
2020/8/17 15:02,1597651327,1597651327,0
2020/8/17 15:01,1597651267,1597651229,38
2020/8/17 15:00,1597651207,1597651209,-2
2020/8/17 14:59,1597651147,1597651129,18
2020/8/17 14:58,1597651087,1597651075,12
2020/8/17 14:57,1597651027,1597650994,33
2020/8/17 14:56,1597650967,1597650933,34
2020/8/17 14:55,1597650907,1597650893,14
2020/8/17 14:54,1597650847,1597650836,11
2020/8/17 14:53,1597650787,1597650770,17
2020/8/17 14:52,1597650727,1597650719,8
2020/8/17 14:51,1597650667,1597650648,19
2020/8/17 14:50,1597650607,1597650557,50
2020/8/17 14:49,1597650547,1597650517,30
2020/8/17 14:48,1597650487,1597650408,79
2020/8/17 14:47,1597650427,1597650408,19
2020/8/17 14:46,1597650367,1597650365,2
2020/8/17 14:45,1597650307,1597650303,4
2020/8/17 14:44,1597650248,1597650221,27
2020/8/17 14:43,1597650187,1597650110,77
2020/8/17 14:42,1597650127,1597650110,17
2020/8/17 14:41,1597650067,1597650044,23
2020/8/17 14:40,1597650007,1597650002,5
2020/8/17 14:39,1597649947,1597649937,10
2020/8/17 14:38,1597649887,1597649876,11
2020/8/17 14:37,1597649827,1597649789,38
2020/8/17 14:36,1597649767,1597649768,-1
2020/8/17 14:35,1597649707,1597649708,-1
2020/8/17 14:34,1597649647,1597649648,-1
2020/8/17 14:33,1597649587,1597649479,108
2020/8/17 14:32,1597649527,1597649479,48
2020/8/17 14:31,1597649467,1597649337,130
2020/8/17 14:30,1597649407,1597649337,70
2020/8/17 14:29,1597649347,1597649337,10
2020/8/17 14:28,1597649287,1597649287,0
2020/8/17 14:27,1597649227,1597649206,21
2020/8/17 14:26,1597649167,1597649145,22
2020/8/17 14:25,1597649107,1597649047,60
2020/8/17 14:24,1597649047,1597649047,0
2020/8/17 14:23,1597648987,1597648985,2
2020/8/17 14:22,1597648927,1597648929,-2
2020/8/17 14:21,1597648867,1597648758,109
2020/8/17 14:20,1597648807,1597648758,49
2020/8/17 14:19,1597648747,1597648718,29
2020/8/17 14:18,1597648687,1597648668,19
2020/8/17 14:17,1597648627,1597648556,71
2020/8/17 14:16,1597648567,1597648556,11
2020/8/17 14:15,1597648507,1597648404,103
2020/8/17 14:14,1597648447,1597648404,43
2020/8/17 14:13,1597648387,1597648373,14
2020/8/17 14:12,1597648327,1597648327,0
2020/8/17 14:11,1597648267,1597648201,66
2020/8/17 14:10,1597648207,1597648201,6
2020/8/17 14:09,1597648147,1597648140,7
2020/8/17 14:08,1597648087,1597648079,8
2020/8/17 14:07,1597648027,1597647977,50
2020/8/17 14:06,1597647967,1597647948,19
2020/8/17 14:05,1597647907,1597647866,41
2020/8/17 14:04,1597647847,1597647684,163
2020/8/17 14:03,1597647787,1597647684,103
2020/8/17 14:02,1597647727,1597647684,43
2020/8/17 14:01,1597647667,1597647602,65
2020/8/17 14:00,1597647607,1597647602,5
2020/8/17 13:59,1597647547,1597647528,19
2020/8/17 13:58,1597647487,1597647460,27
2020/8/17 13:57,1597647427,1597647389,38
2020/8/17 13:56,1597647367,1597647257,110
2020/8/17 13:55,1597647307,1597647257,50
2020/8/17 13:54,1597647247,1597647185,62
2020/8/17 13:53,1597647187,1597647185,2
2020/8/17 13:52,1597647128,1597646993,135
2020/8/17 13:51,1597647067,1597646993,74
2020/8/17 13:50,1597647007,1597646993,14
2020/8/17 13:49,1597646947,1597646921,26
2020/8/17 13:48,1597646887,1597646888,-1
2020/8/17 13:47,1597646827,1597646821,6
2020/8/17 13:46,1597646767,1597646759,8
2020/8/17 13:45,1597646707,1597646702,5
2020/8/17 13:44,1597646647,1597646647,0
2020/8/17 13:43,1597646587,1597646536,51
2020/8/17 13:42,1597646527,1597646454,73
2020/8/17 13:41,1597646467,1597646454,13
2020/8/17 13:40,1597646407,1597646404,3
2020/8/17 13:39,1597646347,1597646329,18
2020/8/17 13:38,1597646287,1597646272,15
2020/8/17 13:37,1597646227,1597646191,36
2020/8/17 13:36,1597646167,1597646130,37
2020/8/17 13:35,1597646107,1597646107,0
2020/8/17 13:34,1597646047,1597646038,9
2020/8/17 13:33,1597645987,1597645612,375
2020/8/17 13:32,1597645927,1597645612,315
2020/8/17 13:31,1597645867,1597645612,255
2020/8/17 13:30,1597645807,1597645612,195
2020/8/17 13:29,1597645747,1597645612,135
2020/8/17 13:28,1597645687,1597645612,75
2020/8/17 13:27,1597645627,1597645612,15
2020/8/17 13:26,1597645567,1597645440,127
2020/8/17 13:25,1597645507,1597645440,67
2020/8/17 13:24,1597645447,1597645440,7
2020/8/17 13:23,1597645387,1597645388,-1
2020/8/17 13:22,1597645327,1597645318,9
2020/8/17 13:21,1597645267,1597645254,13
2020/8/17 13:20,1597645207,1597645196,11
2020/8/17 13:19,1597645147,1597645125,22
2020/8/17 13:18,1597645087,1597645015,72
2020/8/17 13:17,1597645027,1597645015,12
2020/8/17 13:16,1597644967,1597644962,5
2020/8/17 13:15,1597644907,1597644840,67
2020/8/17 13:14,1597644847,1597644840,7
2020/8/17 13:13,1597644787,1597644760,27
2020/8/17 13:12,1597644727,1597644723,4
2020/8/17 13:11,1597644667,1597644651,16
2020/8/17 13:10,1597644607,1597644587,20
2020/8/17 13:09,1597644547,1597644516,31
2020/8/17 13:08,1597644487,1597644475,12
2020/8/17 13:07,1597644427,1597644353,74
2020/8/17 13:06,1597644367,1597644353,14
2020/8/17 13:05,1597644307,1597644241,66
2020/8/17 13:04,1597644247,1597644241,6
2020/8/17 13:03,1597644187,1597644162,25
2020/8/17 13:02,1597644127,1597644099,28
2020/8/17 13:01,1597644067,1597644011,56
2020/8/17 13:00,1597644007,1597644009,-2
2020/8/17 12:59,1597643947,1597643886,61
2020/8/17 12:58,1597643887,1597643886,1
2020/8/17 12:57,1597643827,1597643815,12
2020/8/17 12:56,1597643767,1597643724,43
2020/8/17 12:55,1597643707,1597643683,24
2020/8/17 12:54,1597643647,1597643642,5
2020/8/17 12:53,1597643587,1597643551,36
2020/8/17 12:52,1597643527,1597643523,4
2020/8/17 12:51,1597643467,1597643429,38
2020/8/17 12:50,1597643407,1597643362,45
2020/8/17 12:49,1597643347,1597643348,-1
2020/8/17 12:48,1597643287,1597643247,40
2020/8/17 12:47,1597643227,1597643150,77
2020/8/17 12:46,1597643167,1597643150,17
2020/8/17 12:45,1597643107,1597643104,3
2020/8/17 12:44,1597643047,1597643023,24
2020/8/17 12:43,1597642987,1597642963,24
2020/8/17 12:42,1597642927,1597642879,48
2020/8/17 12:41,1597642867,1597642861,6
2020/8/17 12:40,1597642807,1597642729,78
2020/8/17 12:39,1597642747,1597642729,18
2020/8/17 12:38,1597642687,1597642667,20
2020/8/17 12:37,1597642627,1597642613,14
2020/8/17 12:36,1597642567,1597642555,12
2020/8/17 12:35,1597642507,1597642505,2
2020/8/17 12:34,1597642447,1597642414,33
2020/8/17 12:33,1597642387,1597642368,19
2020/8/17 12:32,1597642327,1597642312,15
2020/8/17 12:31,1597642267,1597642220,47
2020/8/17 12:30,1597642207,1597642190,17
2020/8/17 12:29,1597642147,1597642027,120
2020/8/17 12:28,1597642087,1597642027,60
2020/8/17 12:27,1597642027,1597642027,0
2020/8/17 12:26,1597641967,1597641936,31
2020/8/17 12:25,1597641907,1597641865,42
2020/8/17 12:24,1597641847,1597641732,115
2020/8/17 12:23,1597641787,1597641732,55
2020/8/17 12:22,1597641727,1597641671,56
2020/8/17 12:21,1597641668,1597641600,68
2020/8/17 12:20,1597641607,1597641600,7
2020/8/17 12:19,1597641547,1597641519,28
2020/8/17 12:18,1597641487,1597641488,-1
2020/8/17 12:17,1597641427,1597641401,26
2020/8/17 12:16,1597641367,1597641366,1
2020/8/17 12:15,1597641307,1597641295,12
2020/8/17 12:14,1597641247,1597641172,75
2020/8/17 12:13,1597641187,1597641172,15
2020/8/17 12:12,1597641127,1597641091,36
2020/8/17 12:11,1597641067,1597641060,7
2020/8/17 12:10,1597641007,1597640929,78
2020/8/17 12:09,1597640947,1597640929,18
2020/8/17 12:08,1597640887,1597640871,16
2020/8/17 12:07,1597640827,1597640826,1
2020/8/17 12:06,1597640767,1597640749,18
2020/8/17 12:05,1597640707,1597640702,5
2020/8/17 12:04,1597640647,1597640633,14
2020/8/17 12:03,1597640587,1597640574,13
2020/8/17 12:02,1597640527,1597640511,16
2020/8/17 12:01,1597640467,1597640451,16
2020/8/17 12:00,1597640407,1597640397,10
2020/8/17 11:59,1597640347,1597640349,-2
2020/8/17 11:58,1597640287,1597640288,-1
2020/8/17 11:57,1597640227,1597640169,58
2020/8/17 11:56,1597640167,1597640168,-1
2020/8/17 11:55,1597640107,1597640034,73
2020/8/17 11:54,1597640047,1597640034,13
2020/8/17 11:53,1597639987,1597639909,78
2020/8/17 11:52,1597639927,1597639909,18
2020/8/17 11:51,1597639867,1597639861,6
2020/8/17 11:50,1597639808,1597639807,1
2020/8/17 11:49,1597639747,1597639730,17
2020/8/17 11:48,1597639687,1597639683,4
2020/8/17 11:47,1597639627,1597639547,80
2020/8/17 11:46,1597639567,1597639547,20
2020/8/17 11:45,1597639507,1597639485,22
2020/8/17 11:44,1597639447,1597639449,-2
2020/8/17 11:43,1597639387,1597639384,3
2020/8/17 11:42,1597639327,1597639312,15
2020/8/17 11:41,1597639267,1597639266,1
2020/8/17 11:40,1597639207,1597639145,62
2020/8/17 11:39,1597639147,1597639145,2
2020/8/17 11:38,1597639087,1597639068,19
2020/8/17 11:37,1597639027,1597639025,2
2020/8/17 11:36,1597638967,1597638966,1
2020/8/17 11:35,1597638907,1597638907,0
2020/8/17 11:34,1597638847,1597638824,23
2020/8/17 11:33,1597638787,1597638773,14
2020/8/17 11:32,1597638727,1597638673,54
2020/8/17 11:31,1597638667,1597638651,16
2020/8/17 11:30,1597638607,1597638438,169
2020/8/17 11:29,1597638547,1597638438,109
2020/8/17 11:28,1597638487,1597638438,49
2020/8/17 11:27,1597638427,1597638387,40
2020/8/17 11:26,1597638367,1597638368,-1
2020/8/17 11:25,1597638307,1597638296,11
2020/8/17 11:24,1597638247,1597638221,26
2020/8/17 11:23,1597638187,1597638173,14
2020/8/17 11:22,1597638127,1597638128,-1
2020/8/17 11:21,1597638067,1597638041,26
2020/8/17 11:20,1597638007,1597638000,7
2020/8/17 11:19,1597637947,1597637923,24
2020/8/17 11:18,1597637887,1597637868,19
2020/8/17 11:17,1597637827,1597637777,50
2020/8/17 11:16,1597637767,1597637686,81
2020/8/17 11:15,1597637707,1597637686,21
2020/8/17 11:14,1597637647,1597637584,63
2020/8/17 11:13,1597637587,1597637584,3
2020/8/17 11:12,1597637527,1597637451,76
2020/8/17 11:11,1597637467,1597637451,16
2020/8/17 11:10,1597637407,1597637309,98
2020/8/17 11:09,1597637347,1597637309,38
2020/8/17 11:08,1597637287,1597637238,49
2020/8/17 11:07,1597637227,1597637136,91
2020/8/17 11:06,1597637167,1597637136,31
2020/8/17 11:05,1597637107,1597637030,77
2020/8/17 11:04,1597637047,1597637030,17
2020/8/17 11:03,1597636987,1597636984,3
2020/8/17 11:02,1597636927,1597636909,18
2020/8/17 11:01,1597636867,1597636827,40
2020/8/17 11:00,1597636807,1597636771,36
2020/8/17 10:59,1597636747,1597636669,78
2020/8/17 10:58,1597636687,1597636669,18
2020/8/17 10:57,1597636627,1597636537,90
2020/8/17 10:56,1597636567,1597636537,30
2020/8/17 10:55,1597636507,1597636489,18
2020/8/17 10:54,1597636447,1597636404,43
2020/8/17 10:53,1597636387,1597636373,14
2020/8/17 10:52,1597636327,1597636292,35
2020/8/17 10:51,1597636267,1597636183,84
2020/8/17 10:50,1597636207,1597636183,24
2020/8/17 10:49,1597636147,1597636109,38
2020/8/17 10:48,1597636087,1597636089,-2
2020/8/17 10:47,1597636027,1597636017,10
2020/8/17 10:46,1597635967,1597635926,41
2020/8/17 10:45,1597635907,1597635824,83
2020/8/17 10:44,1597635847,1597635824,23
2020/8/17 10:43,1597635787,1597635723,64
2020/8/17 10:42,1597635727,1597635723,4
2020/8/17 10:41,1597635667,1597635656,11
2020/8/17 10:40,1597635607,1597635489,118
2020/8/17 10:39,1597635547,1597635489,58
2020/8/17 10:38,1597635487,1597635398,89
2020/8/17 10:37,1597635427,1597635398,29
2020/8/17 10:36,1597635367,1597635338,29
2020/8/17 10:35,1597635307,1597635306,1
2020/8/17 10:34,1597635247,1597635236,11
2020/8/17 10:33,1597635187,1597635175,12
2020/8/17 10:32,1597635127,1597635096,31
2020/8/17 10:31,1597635067,1597635053,14
2020/8/17 10:30,1597635007,1597634942,65
2020/8/17 10:29,1597634947,1597634942,5
2020/8/17 10:28,1597634887,1597634870,17
2020/8/17 10:27,1597634827,1597634739,88
2020/8/17 10:26,1597634767,1597634739,28
2020/8/17 10:25,1597634707,1597634666,41
2020/8/17 10:24,1597634648,1597634645,3
2020/8/17 10:23,1597634587,1597634522,65
2020/8/17 10:22,1597634527,1597634522,5
2020/8/17 10:21,1597634467,1597634453,14
2020/8/17 10:20,1597634407,1597634391,16
2020/8/17 10:19,1597634347,1597634341,6
2020/8/17 10:18,1597634287,1597634270,17
2020/8/17 10:17,1597634227,1597634178,49
2020/8/17 10:16,1597634167,1597634158,9
2020/8/17 10:15,1597634107,1597634016,91
2020/8/17 10:14,1597634047,1597634016,31
2020/8/17 10:13,1597633987,1597633884,103
2020/8/17 10:12,1597633927,1597633884,43
2020/8/17 10:11,1597633867,1597633809,58
2020/8/17 10:10,1597633807,1597633808,-1
2020/8/17 10:09,1597633747,1597633741,6
2020/8/17 10:08,1597633687,1597633681,6
2020/8/17 10:07,1597633627,1597633528,99
2020/8/17 10:06,1597633567,1597633528,39
2020/8/17 10:05,1597633507,1597633406,101
2020/8/17 10:04,1597633447,1597633406,41
2020/8/17 10:03,1597633387,1597633308,79
2020/8/17 10:02,1597633327,1597633308,19
2020/8/17 10:01,1597633267,1597633243,24
2020/8/17 10:00,1597633207,1597633194,13
2020/8/17 09:59,1597633147,1597633111,36
2020/8/17 09:58,1597633087,1597633088,-1
2020/8/17 09:57,1597633027,1597632999,28
2020/8/17 09:56,1597632967,1597632962,5
2020/8/17 09:55,1597632907,1597632827,80
2020/8/17 09:54,1597632847,1597632827,20
2020/8/17 09:53,1597632787,1597632776,11
2020/8/17 09:52,1597632727,1597632728,-1
2020/8/17 09:51,1597632667,1597632668,-1
2020/8/17 09:50,1597632607,1597632595,12
2020/8/17 09:49,1597632547,1597632532,15
2020/8/17 09:48,1597632487,1597632481,6
2020/8/17 09:47,1597632427,1597632380,47
2020/8/17 09:46,1597632367,1597632360,7
2020/8/17 09:45,1597632307,1597632228,79
2020/8/17 09:44,1597632247,1597632228,19
2020/8/17 09:43,1597632187,1597632166,21
2020/8/17 09:42,1597632127,1597632056,71
2020/8/17 09:41,1597632067,1597632056,11
2020/8/17 09:40,1597632007,1597631984,23
2020/8/17 09:39,1597631947,1597631883,64
2020/8/17 09:38,1597631887,1597631883,4
2020/8/17 09:37,1597631827,1597631781,46
2020/8/17 09:36,1597631767,1597631764,3
2020/8/17 09:35,1597631707,1597631708,-1
2020/8/17 09:34,1597631647,1597631638,9
2020/8/17 09:33,1597631587,1597631586,1
2020/8/17 09:32,1597631527,1597631529,-2
2020/8/17 09:31,1597631467,1597631433,34
2020/8/17 09:30,1597631407,1597631380,27
2020/8/17 09:29,1597631347,1597631335,12
2020/8/17 09:28,1597631287,1597631219,68
2020/8/17 09:27,1597631227,1597631219,8
2020/8/17 09:26,1597631167,1597631156,11
2020/8/17 09:25,1597631107,1597631099,8
2020/8/17 09:24,1597631047,1597631033,14
2020/8/17 09:23,1597630987,1597630908,79
2020/8/17 09:22,1597630927,1597630908,19
2020/8/17 09:21,1597630867,1597630838,29
2020/8/17 09:20,1597630807,1597630776,31
2020/8/17 09:19,1597630747,1597630714,33
2020/8/17 09:18,1597630687,1597630662,25
2020/8/17 09:17,1597630627,1597630619,8
2020/8/17 09:16,1597630567,1597630520,47
2020/8/17 09:15,1597630507,1597630507,0
2020/8/17 09:14,1597630447,1597630411,36
2020/8/17 09:13,1597630387,1597630375,12
2020/8/17 09:12,1597630327,1597630322,5
2020/8/17 09:11,1597630267,1597630246,21
2020/8/17 09:10,1597630207,1597630203,4
2020/8/17 09:09,1597630147,1597630148,-1
2020/8/17 09:08,1597630087,1597630075,12
2020/8/17 09:07,1597630027,1597629973,54
2020/8/17 09:06,1597629967,1597629952,15
2020/8/17 09:05,1597629907,1597629907,0
2020/8/17 09:04,1597629847,1597629800,47
2020/8/17 09:03,1597629787,1597629734,53
2020/8/17 09:02,1597629727,1597629671,56
2020/8/17 09:01,1597629667,1597629666,1
2020/8/17 09:00,1597629607,1597629589,18
2020/8/17 08:59,1597629547,1597629538,9
2020/8/17 08:58,1597629487,1597629423,64
2020/8/17 08:57,1597629427,1597629423,4
2020/8/17 08:56,1597629367,1597629339,28
2020/8/17 08:55,1597629307,1597629279,28
2020/8/17 08:54,1597629247,1597629156,91
2020/8/17 08:53,1597629187,1597629156,31
2020/8/17 08:52,1597629127,1597629106,21
2020/8/17 08:51,1597629067,1597629068,-1
2020/8/17 08:50,1597629007,1597628993,14
2020/8/17 08:49,1597628947,1597628912,35
2020/8/17 08:48,1597628887,1597628879,8
2020/8/17 08:47,1597628827,1597628800,27
2020/8/17 08:46,1597628767,1597628748,19
2020/8/17 08:45,1597628707,1597628705,2
2020/8/17 08:44,1597628647,1597628637,10
2020/8/17 08:43,1597628587,1597628565,22
2020/8/17 08:42,1597628527,1597628514,13
2020/8/17 08:41,1597628467,1597628403,64
2020/8/17 08:40,1597628407,1597628403,4
2020/8/17 08:39,1597628347,1597628299,48
2020/8/17 08:38,1597628287,1597628174,113
2020/8/17 08:37,1597628227,1597628174,53
2020/8/17 08:36,1597628167,1597628091,76
2020/8/17 08:35,1597628107,1597628091,16
2020/8/17 08:34,1597628047,1597628046,1
2020/8/17 08:33,1597627987,1597627937,50
2020/8/17 08:32,1597627927,1597627883,44
2020/8/17 08:31,1597627867,1597627861,6
2020/8/17 08:30,1597627807,1597627808,-1
2020/8/17 08:29,1597627747,1597627690,57
2020/8/17 08:28,1597627687,1597627672,15
2020/8/17 08:27,1597627627,1597627609,18
2020/8/17 08:26,1597627567,1597627564,3
2020/8/17 08:25,1597627507,1597627457,50
2020/8/17 08:24,1597627447,1597627434,13
2020/8/17 08:23,1597627387,1597627355,32
2020/8/17 08:22,1597627327,1597627320,7
2020/8/17 08:21,1597627267,1597627246,21
2020/8/17 08:20,1597627207,1597627173,34
2020/8/17 08:19,1597627147,1597627140,7
2020/8/17 08:18,1597627087,1597627059,28
2020/8/17 08:17,1597627027,1597627018,9
2020/8/17 08:16,1597626967,1597626886,81
2020/8/17 08:15,1597626907,1597626886,21
2020/8/17 08:14,1597626847,1597626769,78
2020/8/17 08:13,1597626787,1597626769,18
2020/8/17 08:12,1597626727,1597626712,15
2020/8/17 08:11,1597626667,1597626588,79
2020/8/17 08:10,1597626607,1597626588,19
2020/8/17 08:09,1597626547,1597626496,51
2020/8/17 08:08,1597626487,1597626455,32
2020/8/17 08:07,1597626427,1597626389,38
2020/8/17 08:06,1597626367,1597626364,3
2020/8/17 08:05,1597626307,1597626250,57
2020/8/17 08:04,1597626247,1597626244,3
2020/8/17 08:03,1597626187,1597626180,7
2020/8/17 08:02,1597626127,1597626077,50
2020/8/17 08:01,1597626067,1597626068,-1
2020/8/17 08:00,1597626007,1597625986,21
2020/8/17 07:59,1597625947,1597625937,10
2020/8/17 07:58,1597625887,1597625877,10
2020/8/17 07:57,1597625827,1597625802,25
2020/8/17 07:56,1597625767,1597625752,15
2020/8/17 07:55,1597625707,1597625640,67
2020/8/17 07:54,1597625647,1597625640,7
2020/8/17 07:53,1597625587,1597625582,5
2020/8/17 07:52,1597625527,1597625455,72
2020/8/17 07:51,1597625467,1597625455,12
2020/8/17 07:50,1597625407,1597625408,-1
2020/8/17 07:49,1597625347,1597625331,16
2020/8/17 07:48,1597625287,1597625280,7
2020/8/17 07:47,1597625227,1597625218,9
2020/8/17 07:46,1597625167,1597625166,1
2020/8/17 07:45,1597625107,1597625106,1
2020/8/17 07:44,1597625047,1597625044,3
2020/8/17 07:43,1597624987,1597624966,21
2020/8/17 07:42,1597624927,1597624916,11
2020/8/17 07:41,1597624867,1597624861,6
2020/8/17 07:40,1597624807,1597624800,7
2020/8/17 07:39,1597624747,1597624729,18
2020/8/17 07:38,1597624687,1597624686,1
2020/8/17 07:37,1597624627,1597624617,10
2020/8/17 07:36,1597624567,1597624557,10
2020/8/17 07:35,1597624507,1597624465,42
2020/8/17 07:34,1597624447,1597624441,6
2020/8/17 07:33,1597624387,1597624388,-1
2020/8/17 07:32,1597624327,1597624328,-1
2020/8/17 07:31,1597624267,1597624264,3
2020/8/17 07:30,1597624207,1597624158,49
2020/8/17 07:29,1597624147,1597624116,31
2020/8/17 07:28,1597624087,1597624057,30
2020/8/17 07:27,1597624027,1597624027,0
2020/8/17 07:26,1597623967,1597623944,23
2020/8/17 07:25,1597623907,1597623891,16
2020/8/17 07:24,1597623847,1597623838,9
2020/8/17 07:23,1597623787,1597623721,66
2020/8/17 07:22,1597623727,1597623721,6
2020/8/17 07:21,1597623667,1597623650,17
2020/8/17 07:20,1597623607,1597623575,32
2020/8/17 07:19,1597623547,1597623544,3
2020/8/17 07:18,1597623487,1597623453,34
2020/8/17 07:17,1597623427,1597623412,15
2020/8/17 07:16,1597623367,1597623360,7
2020/8/17 07:15,1597623307,1597623282,25
2020/8/17 07:14,1597623247,1597623197,50
2020/8/17 07:13,1597623187,1597623145,42
2020/8/17 07:12,1597623127,1597623124,3
2020/8/17 07:11,1597623067,1597623068,-1
2020/8/17 07:10,1597623007,1597622960,47
2020/8/17 07:09,1597622947,1597622869,78
2020/8/17 07:08,1597622887,1597622869,18
2020/8/17 07:07,1597622827,1597622570,257
2020/8/17 07:06,1597622767,1597622570,197
2020/8/17 07:05,1597622707,1597622570,137
2020/8/17 07:04,1597622647,1597622570,77
2020/8/17 07:03,1597622587,1597622570,17
2020/8/17 07:02,1597622528,1597622006,522
2020/8/17 07:01,1597622467,1597622006,461
2020/8/17 07:00,1597622407,1597622006,401
2020/8/17 06:59,1597622347,1597622006,341
2020/8/17 06:58,1597622287,1597622006,281
2020/8/17 06:57,1597622227,1597622006,221
2020/8/17 06:56,1597622167,1597622006,161
2020/8/17 06:55,1597622107,1597622006,101
2020/8/17 06:54,1597622047,1597622006,41
2020/8/17 06:53,1597621987,1597621873,114
2020/8/17 06:52,1597621927,1597621873,54
2020/8/17 06:51,1597621867,1597621678,189
2020/8/17 06:50,1597621807,1597621678,129
2020/8/17 06:49,1597621747,1597621678,69
2020/8/17 06:48,1597621687,1597621678,9
2020/8/17 06:47,1597621627,1597621554,73
2020/8/17 06:46,1597621567,1597621554,13
2020/8/17 06:45,1597621507,1597621340,167
2020/8/17 06:44,1597621447,1597621340,107
2020/8/17 06:43,1597621387,1597621340,47
2020/8/17 06:42,1597621327,1597621218,109
2020/8/17 06:41,1597621267,1597621218,49
2020/8/17 06:40,1597621207,1597621125,82
2020/8/17 06:39,1597621147,1597621125,22
2020/8/17 06:38,1597621087,1597621087,0
2020/8/17 06:37,1597621027,1597621024,3
2020/8/17 06:36,1597620967,1597620933,34
2020/8/17 06:35,1597620907,1597620844,63
2020/8/17 06:34,1597620847,1597620844,3
2020/8/17 06:33,1597620787,1597620749,38
2020/8/17 06:32,1597620727,1597620707,20
2020/8/17 06:31,1597620667,1597620643,24
2020/8/17 06:30,1597620607,1597620580,27
2020/8/17 06:29,1597620547,1597620518,29
2020/8/17 06:28,1597620487,1597620364,123
2020/8/17 06:27,1597620427,1597620364,63
2020/8/17 06:26,1597620367,1597620364,3
2020/8/17 06:25,1597620307,1597620305,2
2020/8/17 06:24,1597620247,1597620210,37
2020/8/17 06:23,1597620187,1597620149,38
2020/8/17 06:22,1597620127,1597620077,50
2020/8/17 06:21,1597620067,1597620036,31
2020/8/17 06:20,1597620007,1597619945,62
2020/8/17 06:19,1597619947,1597619945,2
2020/8/17 06:18,1597619887,1597619884,3
2020/8/17 06:17,1597619827,1597619823,4
2020/8/17 06:16,1597619767,1597619688,79
2020/8/17 06:15,1597619707,1597619688,19
2020/8/17 06:14,1597619647,1597619647,0
2020/8/17 06:13,1597619587,1597619575,12
2020/8/17 06:12,1597619527,1597619449,78
2020/8/17 06:11,1597619467,1597619449,18
2020/8/17 06:10,1597619407,1597619365,42
2020/8/17 06:09,1597619347,1597619312,35
2020/8/17 06:08,1597619287,1597619264,23
2020/8/17 06:07,1597619227,1597619218,9
2020/8/17 06:06,1597619167,1597619155,12
2020/8/17 06:05,1597619107,1597619107,0
2020/8/17 06:04,1597619047,1597619031,16
2020/8/17 06:03,1597618987,1597618980,7
2020/8/17 06:02,1597618927,1597618804,123
2020/8/17 06:01,1597618867,1597618804,63
2020/8/17 06:00,1597618808,1597618804,4
2020/8/17 05:59,1597618747,1597618735,12
2020/8/17 05:58,1597618687,1597618664,23
2020/8/17 05:57,1597618627,1597618581,46
2020/8/17 05:56,1597618567,1597618501,66
2020/8/17 05:55,1597618507,1597618501,6
2020/8/17 05:54,1597618447,1597618446,1
2020/8/17 05:53,1597618387,1597618343,44
2020/8/17 05:52,1597618327,1597618323,4
2020/8/17 05:51,1597618267,1597618251,16
2020/8/17 05:50,1597618207,1597618187,20
2020/8/17 05:49,1597618147,1597618147,0
2020/8/17 05:48,1597618087,1597618024,63
2020/8/17 05:47,1597618027,1597618024,3
2020/8/17 05:46,1597617968,1597617966,2
2020/8/17 05:45,1597617907,1597617889,18
2020/8/17 05:44,1597617847,1597617806,41
2020/8/17 05:43,1597617787,1597617744,43
2020/8/17 05:42,1597617727,1597617640,87
2020/8/17 05:41,1597617667,1597617640,27
2020/8/17 05:40,1597617607,1597617578,29
2020/8/17 05:39,1597617547,1597617401,146
2020/8/17 05:38,1597617487,1597617401,86
2020/8/17 05:37,1597617427,1597617401,26
2020/8/17 05:36,1597617367,1597617365,2
2020/8/17 05:35,1597617307,1597617282,25
2020/8/17 05:34,1597617247,1597617248,-1
2020/8/17 05:33,1597617187,1597617160,27
2020/8/17 05:32,1597617127,1597617107,20
2020/8/17 05:31,1597617067,1597617035,32
2020/8/17 05:30,1597617007,1597616997,10
2020/8/17 05:29,1597616947,1597616930,17
2020/8/17 05:28,1597616887,1597616877,10
2020/8/17 05:27,1597616827,1597616792,35
2020/8/17 05:26,1597616767,1597616677,90
2020/8/17 05:25,1597616707,1597616677,30
2020/8/17 05:24,1597616647,1597616645,2
2020/8/17 05:23,1597616587,1597616551,36
2020/8/17 05:22,1597616527,1597616465,62
2020/8/17 05:21,1597616467,1597616465,2
2020/8/17 05:20,1597616407,1597616331,76
2020/8/17 05:19,1597616347,1597616331,16
2020/8/17 05:18,1597616287,1597616229,58
2020/8/17 05:17,1597616227,1597616168,59
2020/8/17 05:16,1597616167,1597616168,-1
2020/8/17 05:15,1597616107,1597616107,0
2020/8/17 05:14,1597616047,1597616047,0
2020/8/17 05:13,1597615987,1597615986,1
2020/8/17 05:12,1597615927,1597615892,35
2020/8/17 05:11,1597615867,1597615800,67
2020/8/17 05:10,1597615807,1597615800,7
2020/8/17 05:09,1597615747,1597615719,28
2020/8/17 05:08,1597615687,1597615650,37
2020/8/17 05:07,1597615627,1597615617,10
2020/8/17 05:06,1597615567,1597615568,-1
2020/8/17 05:05,1597615507,1597615484,23
2020/8/17 05:04,1597615447,1597615437,10
2020/8/17 05:03,1597615387,1597615301,86
2020/8/17 05:02,1597615328,1597615301,27
2020/8/17 05:01,1597615267,1597615237,30
2020/8/17 05:00,1597615207,1597615201,6
2020/8/17 04:59,1597615147,1597615146,1
2020/8/17 04:58,1597615087,1597615010,77
2020/8/17 04:57,1597615027,1597615010,17
2020/8/17 04:56,1597614967,1597614955,12
2020/8/17 04:55,1597614907,1597614906,1
2020/8/17 04:54,1597614847,1597614843,4
2020/8/17 04:53,1597614787,1597614750,37
2020/8/17 04:52,1597614727,1597614699,28
2020/8/17 04:51,1597614667,1597614638,29
2020/8/17 04:50,1597614607,1597614564,43
2020/8/17 04:49,1597614547,1597614534,13
2020/8/17 04:48,1597614487,1597614417,70
2020/8/17 04:47,1597614427,1597614417,10
2020/8/17 04:46,1597614367,1597614312,55
2020/8/17 04:45,1597614307,1597614298,9
2020/8/17 04:44,1597614247,1597614199,48
2020/8/17 04:43,1597614187,1597614186,1
2020/8/17 04:42,1597614127,1597614126,1
2020/8/17 04:41,1597614067,1597614033,34
2020/8/17 04:40,1597614007,1597613931,76
2020/8/17 04:39,1597613947,1597613931,16
2020/8/17 04:38,1597613887,1597613886,1
2020/8/17 04:37,1597613827,1597613789,38
2020/8/17 04:36,1597613767,1597613696,71
2020/8/17 04:35,1597613707,1597613696,11
2020/8/17 04:34,1597613647,1597613641,6
2020/8/17 04:33,1597613587,1597613546,41
2020/8/17 04:32,1597613527,1597613522,5
2020/8/17 04:31,1597613467,1597613459,8
2020/8/17 04:30,1597613407,1597613406,1
2020/8/17 04:29,1597613347,1597613346,1
2020/8/17 04:28,1597613287,1597613282,5
2020/8/17 04:27,1597613227,1597613178,49
2020/8/17 04:26,1597613167,1597613083,84
2020/8/17 04:25,1597613107,1597613083,24
2020/8/17 04:24,1597613047,1597613016,31
2020/8/17 04:23,1597612987,1597612978,9
2020/8/17 04:22,1597612927,1597612924,3
2020/8/17 04:21,1597612867,1597612846,21
2020/8/17 04:20,1597612807,1597612769,38
2020/8/17 04:19,1597612747,1597612748,-1
2020/8/17 04:18,1597612687,1597612662,25
2020/8/17 04:17,1597612627,1597612598,29
2020/8/17 04:16,1597612567,1597612561,6
2020/8/17 04:15,1597612507,1597612473,34
2020/8/17 04:14,1597612448,1597612441,7
2020/8/17 04:13,1597612387,1597612336,51
2020/8/17 04:12,1597612327,1597612294,33
2020/8/17 04:11,1597612267,1597612243,24
2020/8/17 04:10,1597612207,1597612202,5
2020/8/17 04:09,1597612147,1597612121,26
2020/8/17 04:08,1597612087,1597612052,35
2020/8/17 04:07,1597612027,1597612021,6
2020/8/17 04:06,1597611967,1597611932,35
2020/8/17 04:05,1597611907,1597611867,40
2020/8/17 04:04,1597611847,1597611769,78
2020/8/17 04:03,1597611787,1597611769,18
2020/8/17 04:02,1597611727,1597611708,19
2020/8/17 04:01,1597611667,1597611616,51
2020/8/17 04:00,1597611607,1597611385,222
2020/8/17 03:59,1597611547,1597611385,162
2020/8/17 03:58,1597611487,1597611385,102
2020/8/17 03:57,1597611427,1597611385,42
2020/8/17 03:56,1597611367,1597611363,4
2020/8/17 03:55,1597611307,1597611267,40
2020/8/17 03:54,1597611247,1597611225,22
2020/8/17 03:53,1597611187,1597611182,5
2020/8/17 03:52,1597611127,1597611103,24
2020/8/17 03:51,1597611067,1597611009,58
2020/8/17 03:50,1597611007,1597610958,49
2020/8/17 03:49,1597610948,1597610918,30
2020/8/17 03:48,1597610887,1597610846,41
2020/8/17 03:47,1597610827,1597610815,12
2020/8/17 03:46,1597610767,1597610703,64
2020/8/17 03:45,1597610707,1597610703,4
2020/8/17 03:44,1597610647,1597610645,2
2020/8/17 03:43,1597610587,1597610572,15
2020/8/17 03:42,1597610527,1597610515,12
2020/8/17 03:41,1597610467,1597610422,45
2020/8/17 03:40,1597610407,1597610381,26
2020/8/17 03:39,1597610347,1597610289,58
2020/8/17 03:38,1597610287,1597610153,134
2020/8/17 03:37,1597610227,1597610153,74
2020/8/17 03:36,1597610167,1597610153,14
2020/8/17 03:35,1597610107,1597610104,3
2020/8/17 03:34,1597610047,1597609897,150
2020/8/17 03:33,1597609987,1597609897,90
2020/8/17 03:32,1597609927,1597609897,30
2020/8/17 03:31,1597609867,1597609806,61
2020/8/17 03:30,1597609808,1597609806,2
2020/8/17 03:29,1597609747,1597609739,8
2020/8/17 03:28,1597609687,1597609674,13
2020/8/17 03:27,1597609627,1597609602,25
2020/8/17 03:26,1597609567,1597609564,3
2020/8/17 03:25,1597609507,1597609506,1
2020/8/17 03:24,1597609447,1597609444,3
2020/8/17 03:23,1597609387,1597609376,11
2020/8/17 03:22,1597609327,1597609313,14
2020/8/17 03:21,1597609267,1597609268,-1
2020/8/17 03:20,1597609207,1597609173,34
2020/8/17 03:19,1597609147,1597609041,106
2020/8/17 03:18,1597609087,1597609041,46
2020/8/17 03:17,1597609027,1597608975,52
2020/8/17 03:16,1597608967,1597608960,7
2020/8/17 03:15,1597608907,1597608879,28
2020/8/17 03:14,1597608847,1597608729,118
2020/8/17 03:13,1597608787,1597608729,58
2020/8/17 03:12,1597608727,1597608727,0
2020/8/17 03:11,1597608667,1597608588,79
2020/8/17 03:10,1597608607,1597608588,19
2020/8/17 03:09,1597608547,1597608526,21
2020/8/17 03:08,1597608487,1597608487,0
2020/8/17 03:07,1597608427,1597608406,21
2020/8/17 03:06,1597608367,1597608321,46
2020/8/17 03:05,1597608307,1597608278,29
2020/8/17 03:04,1597608247,1597608160,87
2020/8/17 03:03,1597608187,1597608160,27
2020/8/17 03:02,1597608127,1597608116,11
2020/8/17 03:01,1597608067,1597608051,16
2020/8/17 03:00,1597608007,1597608005,2
2020/8/17 02:59,1597607947,1597607947,0
2020/8/17 02:58,1597607887,1597607874,13
2020/8/17 02:57,1597607827,1597607827,0
2020/8/17 02:56,1597607767,1597607762,5
2020/8/17 02:55,1597607707,1597607704,3
2020/8/17 02:54,1597607647,1597607613,34
2020/8/17 02:53,1597607587,1597607586,1
2020/8/17 02:52,1597607527,1597607524,3
2020/8/17 02:51,1597607467,1597607444,23
2020/8/17 02:50,1597607407,1597607381,26
2020/8/17 02:49,1597607347,1597607286,61
2020/8/17 02:48,1597607287,1597607286,1
2020/8/17 02:47,1597607227,1597607213,14
2020/8/17 02:46,1597607167,1597607071,96
2020/8/17 02:45,1597607107,1597607071,36
2020/8/17 02:44,1597607047,1597606970,77
2020/8/17 02:43,1597606987,1597606970,17
2020/8/17 02:42,1597606927,1597606918,9
2020/8/17 02:41,1597606868,1597606816,52
2020/8/17 02:40,1597606807,1597606808,-1
2020/8/17 02:39,1597606747,1597606724,23
2020/8/17 02:38,1597606687,1597606622,65
2020/8/17 02:37,1597606627,1597606622,5
2020/8/17 02:36,1597606567,1597606541,26
2020/8/17 02:35,1597606507,1597606479,28
2020/8/17 02:34,1597606447,1597606429,18
2020/8/17 02:33,1597606387,1597606304,83
2020/8/17 02:32,1597606327,1597606304,23
2020/8/17 02:31,1597606267,1597606267,0
2020/8/17 02:30,1597606207,1597606155,52
2020/8/17 02:29,1597606147,1597606074,73
2020/8/17 02:28,1597606087,1597606074,13
2020/8/17 02:27,1597606027,1597606024,3
2020/8/17 02:26,1597605967,1597605949,18
2020/8/17 02:25,1597605907,1597605863,44
2020/8/17 02:24,1597605847,1597605799,48
2020/8/17 02:23,1597605787,1597605772,15
2020/8/17 02:22,1597605727,1597605699,28
2020/8/17 02:21,1597605667,1597605562,105
2020/8/17 02:20,1597605607,1597605562,45
2020/8/17 02:19,1597605547,1597605541,6
2020/8/17 02:18,1597605487,1597605414,73
2020/8/17 02:17,1597605427,1597605414,13
2020/8/17 02:16,1597605367,1597605301,66
2020/8/17 02:15,1597605307,1597605301,6
2020/8/17 02:14,1597605247,1597605240,7
2020/8/17 02:13,1597605187,1597605158,29
2020/8/17 02:12,1597605127,1597605074,53
2020/8/17 02:11,1597605067,1597605066,1
2020/8/17 02:10,1597605007,1597604999,8
2020/8/17 02:09,1597604947,1597604849,98
2020/8/17 02:08,1597604887,1597604849,38
2020/8/17 02:07,1597604827,1597604785,42
2020/8/17 02:06,1597604767,1597604768,-1
2020/8/17 02:05,1597604707,1597604704,3
2020/8/17 02:04,1597604647,1597604647,0
2020/8/17 02:03,1597604587,1597604579,8
2020/8/17 02:02,1597604527,1597604512,15
2020/8/17 02:01,1597604467,1597604464,3
2020/8/17 02:00,1597604407,1597604372,35
2020/8/17 01:59,1597604347,1597604329,18
2020/8/17 01:58,1597604287,1597604287,0
2020/8/17 01:57,1597604227,1597604204,23
2020/8/17 01:56,1597604167,1597604168,-1
2020/8/17 01:55,1597604107,1597604107,0
2020/8/17 01:54,1597604047,1597604010,37
2020/8/17 01:53,1597603987,1597603936,51
2020/8/17 01:52,1597603927,1597603912,15
2020/8/17 01:51,1597603868,1597603829,39
2020/8/17 01:50,1597603807,1597603771,36
2020/8/17 01:49,1597603747,1597603738,9
2020/8/17 01:48,1597603687,1597603666,21
2020/8/17 01:47,1597603627,1597603595,32
2020/8/17 01:46,1597603567,1597603562,5
2020/8/17 01:45,1597603507,1597603498,9
2020/8/17 01:44,1597603447,1597603406,41
2020/8/17 01:43,1597603387,1597603373,14
2020/8/17 01:42,1597603327,1597603324,3
2020/8/17 01:41,1597603267,1597603267,0
2020/8/17 01:40,1597603207,1597603195,12
2020/8/17 01:39,1597603147,1597603144,3
2020/8/17 01:38,1597603087,1597603072,15
2020/8/17 01:37,1597603027,1597603000,27
2020/8/17 01:36,1597602967,1597602908,59
2020/8/17 01:35,1597602907,1597602908,-1
2020/8/17 01:34,1597602847,1597602848,-1
2020/8/17 01:33,1597602787,1597602744,43
2020/8/17 01:32,1597602727,1597602574,153
2020/8/17 01:31,1597602667,1597602574,93
2020/8/17 01:30,1597602607,1597602574,33
2020/8/17 01:29,1597602547,1597602512,35
2020/8/17 01:28,1597602487,1597602451,36
2020/8/17 01:27,1597602427,1597602400,27
2020/8/17 01:26,1597602367,1597602359,8
2020/8/17 01:25,1597602307,1597602282,25
2020/8/17 01:24,1597602247,1597602239,8
2020/8/17 01:23,1597602187,1597602187,0
2020/8/17 01:22,1597602127,1597602085,42
2020/8/17 01:21,1597602067,1597602023,44
2020/8/17 01:20,1597602007,1597601964,43
2020/8/17 01:19,1597601947,1597601947,0
2020/8/17 01:18,1597601887,1597601843,44
2020/8/17 01:17,1597601827,1597601824,3
2020/8/17 01:16,1597601767,1597601757,10
2020/8/17 01:15,1597601707,1597601676,31
2020/8/17 01:14,1597601647,1597601590,57
2020/8/17 01:13,1597601587,1597601527,60
2020/8/17 01:12,1597601528,1597601527,1
2020/8/17 01:11,1597601467,1597601467,0
2020/8/17 01:10,1597601407,1597601393,14
2020/8/17 01:09,1597601347,1597601335,12
2020/8/17 01:08,1597601287,1597601285,2
2020/8/17 01:07,1597601227,1597601209,18
2020/8/17 01:06,1597601167,1597601148,19
2020/8/17 01:05,1597601107,1597601077,30
2020/8/17 01:04,1597601047,1597601046,1
2020/8/17 01:03,1597600987,1597600976,11
2020/8/17 01:02,1597600927,1597600894,33
2020/8/17 01:01,1597600867,1597600853,14
2020/8/17 01:00,1597600807,1597600802,5
2020/8/17 00:59,1597600747,1597600730,17
2020/8/17 00:58,1597600687,1597600659,28
2020/8/17 00:57,1597600627,1597600573,54
2020/8/17 00:56,1597600567,1597600568,-1
2020/8/17 00:55,1597600507,1597600449,58
2020/8/17 00:54,1597600447,1597600325,122
2020/8/17 00:53,1597600387,1597600325,62
2020/8/17 00:52,1597600327,1597600325,2
2020/8/17 00:51,1597600267,1597600245,22
2020/8/17 00:50,1597600207,1597600207,0
2020/8/17 00:49,1597600147,1597600141,6
2020/8/17 00:48,1597600087,1597600070,17
2020/8/17 00:47,1597600027,1597600008,19
2020/8/17 00:46,1597599967,1597599906,61
2020/8/17 00:45,1597599907,1597599906,1
2020/8/17 00:44,1597599847,1597599846,1
2020/8/17 00:43,1597599787,1597599763,24
2020/8/17 00:42,1597599727,1597599722,5
2020/8/17 00:41,1597599667,1597599650,17
2020/8/17 00:40,1597599607,1597599594,13
2020/8/17 00:39,1597599547,1597599471,76
2020/8/17 00:38,1597599487,1597599471,16
2020/8/17 00:37,1597599427,1597599409,18
2020/8/17 00:36,1597599367,1597599311,56
2020/8/17 00:35,1597599307,1597599306,1
2020/8/17 00:34,1597599247,1597599202,45
2020/8/17 00:33,1597599187,1597599138,49
2020/8/17 00:32,1597599127,1597599117,10
2020/8/17 00:31,1597599067,1597599065,2
2020/8/17 00:30,1597599007,1597599007,0
2020/8/17 00:29,1597598947,1597598912,35
2020/8/17 00:28,1597598887,1597598722,165
2020/8/17 00:27,1597598827,1597598722,105
2020/8/17 00:26,1597598767,1597598722,45
2020/8/17 00:25,1597598707,1597598675,32
2020/8/17 00:24,1597598647,1597598629,18
2020/8/17 00:23,1597598587,1597598533,54
2020/8/17 00:22,1597598527,1597598502,25
2020/8/17 00:21,1597598467,1597598420,47
2020/8/17 00:20,1597598407,1597598334,73
2020/8/17 00:19,1597598347,1597598334,13
2020/8/17 00:18,1597598287,1597598282,5
2020/8/17 00:17,1597598227,1597598221,6
2020/8/17 00:16,1597598167,1597598137,30
2020/8/17 00:15,1597598107,1597598059,48
2020/8/17 00:14,1597598047,1597598045,2
2020/8/17 00:13,1597597987,1597597974,13
2020/8/17 00:12,1597597927,1597597928,-1
2020/8/17 00:11,1597597867,1597597867,0
2020/8/17 00:10,1597597807,1597597780,27
2020/8/17 00:09,1597597747,1597597748,-1
2020/8/17 00:08,1597597687,1597597569,118
2020/8/17 00:07,1597597627,1597597569,58
2020/8/17 00:06,1597597567,1597597387,180
2020/8/17 00:05,1597597507,1597597387,120
2020/8/17 00:04,1597597447,1597597387,60
2020/8/17 00:03,1597597387,1597597387,0
2020/8/17 00:02,1597597327,1597597262,65
2020/8/17 00:01,1597597267,1597597262,5
2020/8/17 00:00,1597597207,1597597202,5
2020/8/16 23:59,1597597147,1597597111,36
2020/8/16 23:58,1597597087,1597597088,-1
2020/8/16 23:57,1597597027,1597597022,5
2020/8/16 23:56,1597596967,1597596964,3
2020/8/16 23:55,1597596907,1597596900,7
2020/8/16 23:54,1597596847,1597596845,2
2020/8/16 23:53,1597596787,1597596780,7
2020/8/16 23:52,1597596727,1597596726,1
2020/8/16 23:51,1597596667,1597596652,15
2020/8/16 23:50,1597596607,1597596593,14
2020/8/16 23:49,1597596547,1597596538,9
2020/8/16 23:48,1597596487,1597596487,0
2020/8/16 23:47,1597596427,1597596415,12
2020/8/16 23:46,1597596367,1597596324,43
2020/8/16 23:45,1597596307,1597596227,80
2020/8/16 23:44,1597596247,1597596227,20
2020/8/16 23:43,1597596187,1597596141,46
2020/8/16 23:42,1597596127,1597596110,17
2020/8/16 23:41,1597596067,1597596028,39
2020/8/16 23:40,1597596007,1597596002,5
2020/8/16 23:39,1597595947,1597595947,0
2020/8/16 23:38,1597595887,1597595887,0
2020/8/16 23:37,1597595827,1597595807,20
2020/8/16 23:36,1597595767,1597595761,6
2020/8/16 23:35,1597595707,1597595703,4
2020/8/16 23:34,1597595647,1597595609,38
2020/8/16 23:33,1597595587,1597595546,41
2020/8/16 23:32,1597595527,1597595444,83
2020/8/16 23:31,1597595467,1597595444,23
2020/8/16 23:30,1597595407,1597595403,4
2020/8/16 23:29,1597595347,1597595325,22
2020/8/16 23:28,1597595287,1597595174,113
2020/8/16 23:27,1597595227,1597595174,53
2020/8/16 23:26,1597595167,1597595124,43
2020/8/16 23:25,1597595107,1597595105,2
2020/8/16 23:24,1597595047,1597595015,32
2020/8/16 23:23,1597594987,1597594933,54
2020/8/16 23:22,1597594927,1597594919,8
2020/8/16 23:21,1597594867,1597594867,0
2020/8/16 23:20,1597594807,1597594779,28
2020/8/16 23:19,1597594747,1597594708,39
2020/8/16 23:18,1597594687,1597594615,72
2020/8/16 23:17,1597594627,1597594615,12
2020/8/16 23:16,1597594567,1597594541,26
2020/8/16 23:15,1597594507,1597594461,46
2020/8/16 23:14,1597594447,1597594405,42
2020/8/16 23:13,1597594387,1597594323,64
2020/8/16 23:12,1597594327,1597594323,4
2020/8/16 23:11,1597594267,1597594202,65
2020/8/16 23:10,1597594207,1597594202,5
2020/8/16 23:09,1597594147,1597594109,38
2020/8/16 23:08,1597594087,1597594078,9
2020/8/16 23:07,1597594027,1597594009,18
2020/8/16 23:06,1597593967,1597593956,11
2020/8/16 23:05,1597593907,1597593905,2
2020/8/16 23:04,1597593847,1597593793,54
2020/8/16 23:03,1597593787,1597593711,76
2020/8/16 23:02,1597593727,1597593711,16
2020/8/16 23:01,1597593667,1597593661,6
2020/8/16 23:00,1597593607,1597593555,52
2020/8/16 22:59,1597593547,1597593443,104
2020/8/16 22:58,1597593487,1597593443,44
2020/8/16 22:57,1597593427,1597593351,76
2020/8/16 22:56,1597593367,1597593351,16
2020/8/16 22:55,1597593307,1597593306,1
2020/8/16 22:54,1597593247,1597593234,13
2020/8/16 22:53,1597593187,1597593181,6
2020/8/16 22:52,1597593127,1597593042,85
2020/8/16 22:51,1597593067,1597593042,25
2020/8/16 22:50,1597593007,1597592969,38
2020/8/16 22:49,1597592947,1597592929,18
2020/8/16 22:48,1597592887,1597592886,1
2020/8/16 22:47,1597592827,1597592786,41
2020/8/16 22:46,1597592767,1597592735,32
2020/8/16 22:45,1597592707,1597592707,0
2020/8/16 22:44,1597592647,1597592643,4
2020/8/16 22:43,1597592587,1597592582,5
2020/8/16 22:42,1597592527,1597592501,26
2020/8/16 22:41,1597592467,1597592454,13
2020/8/16 22:40,1597592407,1597592407,0
2020/8/16 22:39,1597592347,1597592332,15
2020/8/16 22:38,1597592287,1597592246,41
2020/8/16 22:37,1597592227,1597592204,23
2020/8/16 22:36,1597592167,1597592152,15
2020/8/16 22:35,1597592107,1597592060,47
2020/8/16 22:34,1597592047,1597591986,61
2020/8/16 22:33,1597591987,1597591986,1
2020/8/16 22:32,1597591927,1597591915,12
2020/8/16 22:31,1597591867,1597591868,-1
2020/8/16 22:30,1597591807,1597591768,39
2020/8/16 22:29,1597591747,1597591722,25
2020/8/16 22:28,1597591687,1597591617,70
2020/8/16 22:27,1597591627,1597591617,10
2020/8/16 22:26,1597591567,1597591566,1
2020/8/16 22:25,1597591507,1597591423,84
2020/8/16 22:24,1597591447,1597591423,24
2020/8/16 22:23,1597591387,1597591371,16
2020/8/16 22:22,1597591327,1597591323,4
2020/8/16 22:21,1597591267,1597591262,5
2020/8/16 22:20,1597591207,1597591208,-1
2020/8/16 22:19,1597591147,1597591098,49
2020/8/16 22:18,1597591087,1597591040,47
2020/8/16 22:17,1597591027,1597591015,12
2020/8/16 22:16,1597590967,1597590951,16
2020/8/16 22:15,1597590907,1597590900,7
2020/8/16 22:14,1597590847,1597590846,1
2020/8/16 22:13,1597590788,1597590779,9
2020/8/16 22:12,1597590727,1597590722,5
2020/8/16 22:11,1597590667,1597590663,4
2020/8/16 22:10,1597590607,1597590593,14
2020/8/16 22:09,1597590547,1597590499,48
2020/8/16 22:08,1597590487,1597590478,9
2020/8/16 22:07,1597590427,1597590405,22
2020/8/16 22:06,1597590367,1597590359,8
2020/8/16 22:05,1597590307,1597590220,87
2020/8/16 22:04,1597590247,1597590220,27
2020/8/16 22:03,1597590187,1597590180,7
2020/8/16 22:02,1597590127,1597590119,8
2020/8/16 22:01,1597590067,1597590065,2
2020/8/16 22:00,1597590007,1597590004,3
2020/8/16 21:59,1597589947,1597589938,9
2020/8/16 21:58,1597589887,1597589870,17
2020/8/16 21:57,1597589827,1597589825,2
2020/8/16 21:56,1597589767,1597589766,1
2020/8/16 21:55,1597589707,1597589695,12
2020/8/16 21:54,1597589647,1597589629,18
2020/8/16 21:53,1597589587,1597589583,4
2020/8/16 21:52,1597589527,1597589410,117
2020/8/16 21:51,1597589467,1597589410,57
2020/8/16 21:50,1597589407,1597589406,1
2020/8/16 21:49,1597589347,1597589342,5
2020/8/16 21:48,1597589287,1597589275,12
2020/8/16 21:47,1597589227,1597589218,9
2020/8/16 21:46,1597589167,1597589167,0
2020/8/16 21:45,1597589107,1597589106,1
2020/8/16 21:44,1597589047,1597589019,28
2020/8/16 21:43,1597588987,1597588984,3
2020/8/16 21:42,1597588927,1597588911,16
2020/8/16 21:41,1597588867,1597588858,9
2020/8/16 21:40,1597588807,1597588752,55
2020/8/16 21:39,1597588747,1597588744,3
2020/8/16 21:38,1597588687,1597588658,29
2020/8/16 21:37,1597588627,1597588556,71
2020/8/16 21:36,1597588567,1597588556,11
2020/8/16 21:35,1597588507,1597588505,2
2020/8/16 21:34,1597588447,1597588371,76
2020/8/16 21:33,1597588387,1597588371,16
2020/8/16 21:32,1597588327,1597588300,27
2020/8/16 21:31,1597588267,1597588249,18
2020/8/16 21:30,1597588207,1597588199,8
2020/8/16 21:29,1597588147,1597588117,30
2020/8/16 21:28,1597588087,1597588086,1
2020/8/16 21:27,1597588027,1597587964,63
2020/8/16 21:26,1597587968,1597587964,4
2020/8/16 21:25,1597587907,1597587889,18
2020/8/16 21:24,1597587847,1597587817,30
2020/8/16 21:23,1597587787,1597587745,42
2020/8/16 21:22,1597587727,1597587728,-1
2020/8/16 21:21,1597587667,1597587643,24
2020/8/16 21:20,1597587607,1597587590,17
2020/8/16 21:19,1597587547,1597587540,7
2020/8/16 21:18,1597587487,1597587480,7
2020/8/16 21:17,1597587427,1597587346,81
2020/8/16 21:16,1597587367,1597587346,21
2020/8/16 21:15,1597587307,1597587282,25
2020/8/16 21:14,1597587247,1597587247,0
2020/8/16 21:13,1597587187,1597587148,39
2020/8/16 21:12,1597587127,1597587124,3
2020/8/16 21:11,1597587067,1597587068,-1
2020/8/16 21:10,1597587007,1597586952,55
2020/8/16 21:09,1597586947,1597586898,49
2020/8/16 21:08,1597586887,1597586845,42
2020/8/16 21:07,1597586827,1597586803,24
2020/8/16 21:06,1597586768,1597586760,8
2020/8/16 21:05,1597586707,1597586677,30
2020/8/16 21:04,1597586647,1597586645,2
2020/8/16 21:03,1597586587,1597586508,79
2020/8/16 21:02,1597586527,1597586508,19
2020/8/16 21:01,1597586467,1597586407,60
2020/8/16 21:00,1597586407,1597586407,0
2020/8/16 20:59,1597586347,1597586335,12
2020/8/16 20:58,1597586287,1597586238,49
2020/8/16 20:57,1597586227,1597586207,20
2020/8/16 20:56,1597586167,1597586167,0
2020/8/16 20:55,1597586107,1597586029,78
2020/8/16 20:54,1597586047,1597586029,18
2020/8/16 20:53,1597585987,1597585987,0
2020/8/16 20:52,1597585927,1597585906,21
2020/8/16 20:51,1597585867,1597585853,14
2020/8/16 20:50,1597585807,1597585807,0
2020/8/16 20:49,1597585747,1597585646,101
2020/8/16 20:48,1597585687,1597585646,41
2020/8/16 20:47,1597585627,1597585619,8
2020/8/16 20:46,1597585567,1597585523,44
2020/8/16 20:45,1597585507,1597585472,35
2020/8/16 20:44,1597585447,1597585438,9
2020/8/16 20:43,1597585387,1597585318,69
2020/8/16 20:42,1597585327,1597585318,9
2020/8/16 20:41,1597585267,1597585202,65
2020/8/16 20:40,1597585207,1597585202,5
2020/8/16 20:39,1597585147,1597585144,3
2020/8/16 20:38,1597585087,1597585081,6
2020/8/16 20:37,1597585027,1597585019,8
2020/8/16 20:36,1597584967,1597584957,10
2020/8/16 20:35,1597584907,1597584895,12
2020/8/16 20:34,1597584847,1597584848,-1
2020/8/16 20:33,1597584787,1597584783,4
2020/8/16 20:32,1597584727,1597584714,13
2020/8/16 20:31,1597584667,1597584667,0
2020/8/16 20:30,1597584607,1597584604,3
2020/8/16 20:29,1597584548,1597584510,38
2020/8/16 20:28,1597584487,1597584458,29
2020/8/16 20:27,1597584427,1597584405,22
2020/8/16 20:26,1597584367,1597584343,24
2020/8/16 20:25,1597584307,1597584242,65
2020/8/16 20:24,1597584247,1597584242,5
2020/8/16 20:23,1597584187,1597584131,56
2020/8/16 20:22,1597584127,1597584126,1
2020/8/16 20:21,1597584067,1597584066,1
2020/8/16 20:20,1597584007,1597583994,13
2020/8/16 20:19,1597583947,1597583932,15
2020/8/16 20:18,1597583887,1597583885,2
2020/8/16 20:17,1597583827,1597583778,49
2020/8/16 20:16,1597583767,1597583737,30
2020/8/16 20:15,1597583707,1597583691,16
2020/8/16 20:14,1597583647,1597583603,44
2020/8/16 20:13,1597583587,1597583574,13
2020/8/16 20:12,1597583527,1597583504,23
2020/8/16 20:11,1597583467,1597583461,6
2020/8/16 20:10,1597583407,1597583274,133
2020/8/16 20:09,1597583347,1597583274,73
2020/8/16 20:08,1597583287,1597583274,13
2020/8/16 20:07,1597583227,1597583227,0
2020/8/16 20:06,1597583167,1597583162,5
2020/8/16 20:05,1597583107,1597583088,19
2020/8/16 20:04,1597583047,1597583044,3
2020/8/16 20:03,1597582987,1597582979,8
2020/8/16 20:02,1597582927,1597582925,2
2020/8/16 20:01,1597582867,1597582865,2
2020/8/16 20:00,1597582807,1597582803,4
2020/8/16 19:59,1597582747,1597582729,18
2020/8/16 19:58,1597582687,1597582662,25
2020/8/16 19:57,1597582627,1597582599,28
2020/8/16 19:56,1597582567,1597582526,41
2020/8/16 19:55,1597582507,1597582475,32
2020/8/16 19:54,1597582447,1597582403,44
2020/8/16 19:53,1597582387,1597582352,35
2020/8/16 19:52,1597582327,1597582311,16
2020/8/16 19:51,1597582267,1597582227,40
2020/8/16 19:50,1597582207,1597582196,11
2020/8/16 19:49,1597582147,1597582117,30
2020/8/16 19:48,1597582087,1597582074,13
2020/8/16 19:47,1597582027,1597582004,23
2020/8/16 19:46,1597581967,1597581966,1
2020/8/16 19:45,1597581907,1597581878,29
2020/8/16 19:44,1597581847,1597581846,1
2020/8/16 19:43,1597581787,1597581765,22
2020/8/16 19:42,1597581727,1597581727,0
2020/8/16 19:41,1597581667,1597581667,0
2020/8/16 19:40,1597581607,1597581599,8
2020/8/16 19:39,1597581547,1597581524,23
2020/8/16 19:38,1597581487,1597581455,32
2020/8/16 19:37,1597581427,1597581424,3
2020/8/16 19:36,1597581367,1597581312,55
2020/8/16 19:35,1597581307,1597581271,36
2020/8/16 19:34,1597581247,1597581247,0
2020/8/16 19:33,1597581187,1597581149,38
2020/8/16 19:32,1597581127,1597581118,9
2020/8/16 19:31,1597581067,1597581046,21
2020/8/16 19:30,1597581007,1597581008,-1
2020/8/16 19:29,1597580947,1597580922,25
2020/8/16 19:28,1597580887,1597580871,16
2020/8/16 19:27,1597580827,1597580813,14
2020/8/16 19:26,1597580767,1597580758,9
2020/8/16 19:25,1597580707,1597580706,1
2020/8/16 19:24,1597580647,1597580645,2
2020/8/16 19:23,1597580587,1597580561,26
2020/8/16 19:22,1597580527,1597580518,9
2020/8/16 19:21,1597580467,1597580466,1
2020/8/16 19:20,1597580407,1597580379,28
2020/8/16 19:19,1597580347,1597580287,60
2020/8/16 19:18,1597580287,1597580287,0
2020/8/16 19:17,1597580227,1597580227,0
2020/8/16 19:16,1597580167,1597580162,5
2020/8/16 19:15,1597580107,1597580094,13
2020/8/16 19:14,1597580047,1597579959,88
2020/8/16 19:13,1597579987,1597579959,28
2020/8/16 19:12,1597579927,1597579896,31
2020/8/16 19:11,1597579867,1597579832,35
2020/8/16 19:10,1597579807,1597579682,125
2020/8/16 19:09,1597579747,1597579682,65
2020/8/16 19:08,1597579687,1597579682,5
2020/8/16 19:07,1597579627,1597579551,76
2020/8/16 19:06,1597579567,1597579551,16
2020/8/16 19:05,1597579507,1597579479,28
2020/8/16 19:04,1597579447,1597579393,54
2020/8/16 19:03,1597579387,1597578661,726
2020/8/16 19:02,1597579327,1597578661,666
2020/8/16 19:01,1597579267,1597578661,606
2020/8/16 19:00,1597579207,1597578661,546
2020/8/16 18:59,1597579147,1597578661,486
2020/8/16 18:58,1597579087,1597578661,426
2020/8/16 18:57,1597579027,1597578661,366
2020/8/16 18:56,1597578967,1597578661,306
2020/8/16 18:55,1597578907,1597578661,246
2020/8/16 18:54,1597578847,1597578661,186
2020/8/16 18:53,1597578787,1597578661,126
2020/8/16 18:52,1597578727,1597578661,66
2020/8/16 18:51,1597578667,1597578661,6
2020/8/16 18:50,1597578607,1597578588,19
2020/8/16 18:49,1597578547,1597578493,54
2020/8/16 18:48,1597578487,1597578218,269
2020/8/16 18:47,1597578427,1597578218,209
2020/8/16 18:46,1597578367,1597578218,149
2020/8/16 18:45,1597578307,1597578218,89
2020/8/16 18:44,1597578247,1597578218,29
2020/8/16 18:43,1597578187,1597578126,61
2020/8/16 18:42,1597578128,1597578126,2
2020/8/16 18:41,1597578067,1597578044,23
2020/8/16 18:40,1597578007,1597577932,75
2020/8/16 18:39,1597577947,1597577932,15
2020/8/16 18:38,1597577887,1597577801,86
2020/8/16 18:37,1597577827,1597577801,26
2020/8/16 18:36,1597577767,1597577718,49
2020/8/16 18:35,1597577707,1597577707,0
2020/8/16 18:34,1597577647,1597577644,3
2020/8/16 18:33,1597577587,1597577483,104
2020/8/16 18:32,1597577527,1597577483,44
2020/8/16 18:31,1597577468,1597577404,64
2020/8/16 18:30,1597577407,1597577404,3
2020/8/16 18:29,1597577347,1597577259,88
2020/8/16 18:28,1597577287,1597577259,28
2020/8/16 18:27,1597577227,1597577202,25
2020/8/16 18:26,1597577167,1597577106,61
2020/8/16 18:25,1597577107,1597577106,1
2020/8/16 18:24,1597577047,1597577045,2
2020/8/16 18:23,1597576987,1597576987,0
2020/8/16 18:22,1597576927,1597576894,33
2020/8/16 18:21,1597576867,1597576861,6
2020/8/16 18:20,1597576807,1597576739,68
2020/8/16 18:19,1597576747,1597576739,8
2020/8/16 18:18,1597576687,1597576685,2
2020/8/16 18:17,1597576627,1597576625,2
2020/8/16 18:16,1597576567,1597576541,26
2020/8/16 18:15,1597576507,1597576498,9
2020/8/16 18:14,1597576447,1597576448,-1
2020/8/16 18:13,1597576387,1597576387,0
2020/8/16 18:12,1597576327,1597576306,21
2020/8/16 18:11,1597576267,1597576211,56
2020/8/16 18:10,1597576207,1597576185,22
2020/8/16 18:09,1597576147,1597576147,0
2020/8/16 18:08,1597576087,1597576049,38
2020/8/16 18:07,1597576027,1597576008,19
2020/8/16 18:06,1597575967,1597575964,3
2020/8/16 18:05,1597575907,1597575837,70
2020/8/16 18:04,1597575847,1597575837,10
2020/8/16 18:03,1597575787,1597575785,2
2020/8/16 18:02,1597575727,1597575727,0
2020/8/16 18:01,1597575667,1597575651,16
2020/8/16 18:00,1597575607,1597575591,16
2020/8/16 17:59,1597575547,1597575411,136
2020/8/16 17:58,1597575487,1597575411,76
2020/8/16 17:57,1597575427,1597575411,16
2020/8/16 17:56,1597575367,1597575330,37
2020/8/16 17:55,1597575307,1597575291,16
2020/8/16 17:54,1597575247,1597575243,4
2020/8/16 17:53,1597575187,1597575154,33
2020/8/16 17:52,1597575127,1597575114,13
2020/8/16 17:51,1597575067,1597575037,30
2020/8/16 17:50,1597575007,1597575003,4
2020/8/16 17:49,1597574947,1597574941,6
2020/8/16 17:48,1597574887,1597574887,0
2020/8/16 17:47,1597574827,1597574827,0
2020/8/16 17:46,1597574767,1597574762,5
2020/8/16 17:45,1597574707,1597574661,46
2020/8/16 17:44,1597574647,1597574577,70
2020/8/16 17:43,1597574587,1597574577,10
2020/8/16 17:42,1597574527,1597574424,103
2020/8/16 17:41,1597574467,1597574424,43
2020/8/16 17:40,1597574407,1597574407,0
2020/8/16 17:39,1597574347,1597574322,25
2020/8/16 17:38,1597574287,1597574234,53
2020/8/16 17:37,1597574227,1597574215,12
2020/8/16 17:36,1597574167,1597574166,1
2020/8/16 17:35,1597574107,1597574105,2
2020/8/16 17:34,1597574047,1597574032,15
2020/8/16 17:33,1597573987,1597573900,87
2020/8/16 17:32,1597573927,1597573900,27
2020/8/16 17:31,1597573867,1597573766,101
2020/8/16 17:30,1597573807,1597573766,41
2020/8/16 17:29,1597573747,1597573695,52
2020/8/16 17:28,1597573687,1597573655,32
2020/8/16 17:27,1597573627,1597573562,65
2020/8/16 17:26,1597573567,1597573562,5
2020/8/16 17:25,1597573507,1597573450,57
2020/8/16 17:24,1597573447,1597573409,38
2020/8/16 17:23,1597573387,1597573323,64
2020/8/16 17:22,1597573328,1597573323,5
2020/8/16 17:21,1597573267,1597573240,27
2020/8/16 17:20,1597573207,1597573109,98
2020/8/16 17:19,1597573147,1597573109,38
2020/8/16 17:18,1597573087,1597573067,20
2020/8/16 17:17,1597573027,1597572974,53
2020/8/16 17:16,1597572967,1597572922,45
2020/8/16 17:15,1597572907,1597572891,16
2020/8/16 17:14,1597572847,1597572807,40
2020/8/16 17:13,1597572787,1597572776,11
2020/8/16 17:12,1597572727,1597572707,20
2020/8/16 17:11,1597572667,1597572659,8
2020/8/16 17:10,1597572607,1597572537,70
2020/8/16 17:09,1597572547,1597572537,10
2020/8/16 17:08,1597572487,1597572487,0
2020/8/16 17:07,1597572427,1597572403,24
2020/8/16 17:06,1597572367,1597572342,25
2020/8/16 17:05,1597572307,1597572274,33
2020/8/16 17:04,1597572247,1597572227,20
2020/8/16 17:03,1597572187,1597572186,1
2020/8/16 17:02,1597572127,1597572087,40
2020/8/16 17:01,1597572067,1597571990,77
2020/8/16 17:00,1597572007,1597571990,17
2020/8/16 16:59,1597571947,1597571911,36
2020/8/16 16:58,1597571887,1597571887,0
2020/8/16 16:57,1597571827,1597571808,19
2020/8/16 16:56,1597571767,1597571767,0
2020/8/16 16:55,1597571707,1597571695,12
2020/8/16 16:54,1597571647,1597571629,18
2020/8/16 16:53,1597571587,1597571524,63
2020/8/16 16:52,1597571527,1597571524,3
2020/8/16 16:51,1597571467,1597571426,41
2020/8/16 16:50,1597571407,1597571395,12
2020/8/16 16:49,1597571347,1597571300,47
2020/8/16 16:48,1597571287,1597571279,8
2020/8/16 16:47,1597571227,1597571225,2
2020/8/16 16:46,1597571167,1597571160,7
2020/8/16 16:45,1597571107,1597571064,43
2020/8/16 16:44,1597571047,1597571046,1
2020/8/16 16:43,1597570987,1597570983,4
2020/8/16 16:42,1597570927,1597570927,0
2020/8/16 16:41,1597570867,1597570867,0
2020/8/16 16:40,1597570807,1597570794,13
2020/8/16 16:39,1597570747,1597570704,43
2020/8/16 16:38,1597570687,1597570581,106
2020/8/16 16:37,1597570627,1597570581,46
2020/8/16 16:36,1597570567,1597570530,37
2020/8/16 16:35,1597570507,1597570479,28
2020/8/16 16:34,1597570447,1597570397,50
2020/8/16 16:33,1597570387,1597570201,186
2020/8/16 16:32,1597570327,1597570201,126
2020/8/16 16:31,1597570267,1597570201,66
2020/8/16 16:30,1597570207,1597570201,6
2020/8/16 16:29,1597570147,1597570138,9
2020/8/16 16:28,1597570087,1597570068,19
2020/8/16 16:27,1597570027,1597570025,2
2020/8/16 16:26,1597569967,1597569936,31
2020/8/16 16:25,1597569908,1597569892,16
2020/8/16 16:24,1597569847,1597569814,33
2020/8/16 16:23,1597569787,1597569773,14
2020/8/16 16:22,1597569727,1597569682,45
2020/8/16 16:21,1597569667,1597569665,2
2020/8/16 16:20,1597569607,1597569587,20
2020/8/16 16:19,1597569547,1597569519,28
2020/8/16 16:18,1597569487,1597569457,30
2020/8/16 16:17,1597569428,1597569376,52
2020/8/16 16:16,1597569367,1597569325,42
2020/8/16 16:15,1597569307,1597569305,2
2020/8/16 16:14,1597569247,1597569233,14
2020/8/16 16:13,1597569187,1597569130,57
2020/8/16 16:12,1597569127,1597569058,69
2020/8/16 16:11,1597569067,1597569058,9
2020/8/16 16:10,1597569007,1597568987,20
2020/8/16 16:09,1597568947,1597568854,93
2020/8/16 16:08,1597568887,1597568854,33
2020/8/16 16:07,1597568827,1597568702,125
2020/8/16 16:06,1597568767,1597568702,65
2020/8/16 16:05,1597568707,1597568702,5
2020/8/16 16:04,1597568647,1597568570,77
2020/8/16 16:03,1597568587,1597568570,17
2020/8/16 16:02,1597568527,1597568528,-1
2020/8/16 16:01,1597568467,1597568456,11
2020/8/16 16:00,1597568407,1597568396,11
2020/8/16 15:59,1597568347,1597568335,12
2020/8/16 15:58,1597568287,1597568264,23
2020/8/16 15:57,1597568227,1597568131,96
2020/8/16 15:56,1597568167,1597568131,36
2020/8/16 15:55,1597568107,1597567969,138
2020/8/16 15:54,1597568047,1597567969,78
2020/8/16 15:53,1597567987,1597567969,18
2020/8/16 15:52,1597567927,1597567887,40
2020/8/16 15:51,1597567867,1597567850,17
2020/8/16 15:50,1597567807,1597567796,11
2020/8/16 15:49,1597567747,1597567654,93
2020/8/16 15:48,1597567687,1597567654,33
2020/8/16 15:47,1597567627,1597567603,24
2020/8/16 15:46,1597567567,1597567563,4
2020/8/16 15:45,1597567507,1597567451,56
2020/8/16 15:44,1597567448,1597567367,81
2020/8/16 15:43,1597567387,1597567367,20
2020/8/16 15:42,1597567327,1597567299,28
2020/8/16 15:41,1597567267,1597567187,80
2020/8/16 15:40,1597567207,1597567187,20
2020/8/16 15:39,1597567147,1597567146,1
2020/8/16 15:38,1597567087,1597567086,1
2020/8/16 15:37,1597567027,1597567010,17
2020/8/16 15:36,1597566967,1597566953,14
2020/8/16 15:35,1597566907,1597566902,5
2020/8/16 15:34,1597566847,1597566750,97
2020/8/16 15:33,1597566787,1597566750,37
2020/8/16 15:32,1597566727,1597566709,18
2020/8/16 15:31,1597566667,1597566618,49
2020/8/16 15:30,1597566607,1597566578,29
2020/8/16 15:29,1597566547,1597566547,0
2020/8/16 15:28,1597566487,1597566476,11
2020/8/16 15:27,1597566427,1597566294,133
2020/8/16 15:26,1597566367,1597566294,73
2020/8/16 15:25,1597566307,1597566294,13
2020/8/16 15:24,1597566247,1597566242,5
2020/8/16 15:23,1597566187,1597566111,76
2020/8/16 15:22,1597566127,1597566111,16
2020/8/16 15:21,1597566067,1597566040,27
2020/8/16 15:20,1597566007,1597565979,28
2020/8/16 15:19,1597565947,1597565898,49
2020/8/16 15:18,1597565887,1597565749,138
2020/8/16 15:17,1597565827,1597565749,78
2020/8/16 15:16,1597565767,1597565749,18
2020/8/16 15:15,1597565707,1597565704,3
2020/8/16 15:14,1597565647,1597565584,63
2020/8/16 15:13,1597565587,1597565584,3
2020/8/16 15:12,1597565527,1597565486,41
2020/8/16 15:11,1597565467,1597565435,32
2020/8/16 15:10,1597565407,1597565407,0
2020/8/16 15:09,1597565347,1597565330,17
2020/8/16 15:08,1597565287,1597565277,10
2020/8/16 15:07,1597565227,1597565218,9
2020/8/16 15:06,1597565167,1597565167,0
2020/8/16 15:05,1597565107,1597565106,1
2020/8/16 15:04,1597565047,1597564912,135
2020/8/16 15:03,1597564987,1597564912,75
2020/8/16 15:02,1597564927,1597564912,15
2020/8/16 15:01,1597564867,1597564867,0
2020/8/16 15:00,1597564807,1597564728,79
2020/8/16 14:59,1597564747,1597564728,19
2020/8/16 14:58,1597564687,1597564677,10
2020/8/16 14:57,1597564627,1597564565,62
2020/8/16 14:56,1597564567,1597564565,2
2020/8/16 14:55,1597564507,1597564464,43
2020/8/16 14:54,1597564447,1597564431,16
2020/8/16 14:53,1597564387,1597564353,34
2020/8/16 14:52,1597564327,1597564307,20
2020/8/16 14:51,1597564267,1597564231,36
2020/8/16 14:50,1597564207,1597564205,2
2020/8/16 14:49,1597564147,1597564130,17
2020/8/16 14:48,1597564087,1597564075,12
2020/8/16 14:47,1597564027,1597563956,71
2020/8/16 14:46,1597563967,1597563956,11
2020/8/16 14:45,1597563908,1597563906,2
2020/8/16 14:44,1597563847,1597563825,22
2020/8/16 14:43,1597563787,1597563784,3
2020/8/16 14:42,1597563727,1597563652,75
2020/8/16 14:41,1597563667,1597563652,15
2020/8/16 14:40,1597563607,1597563591,16
2020/8/16 14:39,1597563547,1597563540,7
2020/8/16 14:38,1597563487,1597563459,28
2020/8/16 14:37,1597563427,1597563348,79
2020/8/16 14:36,1597563367,1597563348,19
2020/8/16 14:35,1597563307,1597563246,61
2020/8/16 14:34,1597563247,1597563246,1
2020/8/16 14:33,1597563187,1597563165,22
2020/8/16 14:32,1597563127,1597563124,3
2020/8/16 14:31,1597563067,1597563056,11
2020/8/16 14:30,1597563007,1597562998,9
2020/8/16 14:29,1597562947,1597562936,11
2020/8/16 14:28,1597562887,1597562881,6
2020/8/16 14:27,1597562827,1597562810,17
2020/8/16 14:26,1597562767,1597562749,18
2020/8/16 14:25,1597562707,1597562689,18
2020/8/16 14:24,1597562647,1597562586,61
2020/8/16 14:23,1597562587,1597562586,1
2020/8/16 14:22,1597562527,1597562444,83
2020/8/16 14:21,1597562467,1597562444,23
2020/8/16 14:20,1597562407,1597562387,20
2020/8/16 14:19,1597562347,1597562343,4
2020/8/16 14:18,1597562287,1597562225,62
2020/8/16 14:17,1597562227,1597562225,2
2020/8/16 14:16,1597562167,1597562159,8
2020/8/16 14:15,1597562108,1597562060,48
2020/8/16 14:14,1597562047,1597561957,90
2020/8/16 14:13,1597561987,1597561957,30
2020/8/16 14:12,1597561927,1597561923,4
2020/8/16 14:11,1597561867,1597561866,1
2020/8/16 14:10,1597561807,1597561774,33
2020/8/16 14:09,1597561747,1597561724,23
2020/8/16 14:08,1597561687,1597561663,24
2020/8/16 14:07,1597561627,1597561551,76
2020/8/16 14:06,1597561567,1597561551,16
2020/8/16 14:05,1597561507,1597561480,27
2020/8/16 14:04,1597561447,1597561439,8
2020/8/16 14:03,1597561387,1597561379,8
2020/8/16 14:02,1597561327,1597561310,17
2020/8/16 14:01,1597561267,1597561267,0
2020/8/16 14:00,1597561207,1597561155,52
2020/8/16 13:59,1597561147,1597561023,124
2020/8/16 13:58,1597561087,1597561023,64
2020/8/16 13:57,1597561027,1597561023,4
2020/8/16 13:56,1597560967,1597560918,49
2020/8/16 13:55,1597560907,1597560902,5
2020/8/16 13:54,1597560847,1597560811,36
2020/8/16 13:53,1597560787,1597560748,39
2020/8/16 13:52,1597560727,1597560638,89
2020/8/16 13:51,1597560667,1597560638,29
2020/8/16 13:50,1597560607,1597560556,51
2020/8/16 13:49,1597560547,1597560435,112
2020/8/16 13:48,1597560487,1597560435,52
2020/8/16 13:47,1597560427,1597560384,43
2020/8/16 13:46,1597560367,1597560354,13
2020/8/16 13:45,1597560307,1597560249,58
2020/8/16 13:44,1597560247,1597560232,15
2020/8/16 13:43,1597560187,1597560185,2
2020/8/16 13:42,1597560127,1597560120,7
2020/8/16 13:41,1597560067,1597560067,0
2020/8/16 13:40,1597560008,1597559958,50
2020/8/16 13:39,1597559947,1597559897,50
2020/8/16 13:38,1597559887,1597559857,30
2020/8/16 13:37,1597559827,1597559826,1
2020/8/16 13:36,1597559767,1597559758,9
2020/8/16 13:35,1597559707,1597559612,95
2020/8/16 13:34,1597559647,1597559612,35
2020/8/16 13:33,1597559587,1597559572,15
2020/8/16 13:32,1597559527,1597559516,11
2020/8/16 13:31,1597559467,1597559450,17
2020/8/16 13:30,1597559407,1597559380,27
2020/8/16 13:29,1597559347,1597559321,26
2020/8/16 13:28,1597559287,1597559278,9
2020/8/16 13:27,1597559227,1597559207,20
2020/8/16 13:26,1597559167,1597559158,9
2020/8/16 13:25,1597559107,1597559014,93
2020/8/16 13:24,1597559047,1597559014,33
2020/8/16 13:23,1597558987,1597558983,4
2020/8/16 13:22,1597558927,1597558902,25
2020/8/16 13:21,1597558867,1597558861,6
2020/8/16 13:20,1597558807,1597558807,0
2020/8/16 13:19,1597558747,1597558730,17
2020/8/16 13:18,1597558687,1597558639,48
2020/8/16 13:17,1597558627,1597558628,-1
2020/8/16 13:16,1597558567,1597558567,0
2020/8/16 13:15,1597558507,1597558465,42
2020/8/16 13:14,1597558447,1597558414,33
2020/8/16 13:13,1597558387,1597558364,23
2020/8/16 13:12,1597558327,1597558207,120
2020/8/16 13:11,1597558267,1597558207,60
2020/8/16 13:10,1597558207,1597558207,0
2020/8/16 13:09,1597558147,1597558119,28
2020/8/16 13:08,1597558087,1597558059,28
2020/8/16 13:07,1597558027,1597558022,5
2020/8/16 13:06,1597557967,1597557967,0
2020/8/16 13:05,1597557907,1597557897,10
2020/8/16 13:04,1597557847,1597557832,15
2020/8/16 13:03,1597557787,1597557745,42
2020/8/16 13:02,1597557727,1597557720,7
2020/8/16 13:01,1597557667,1597557613,54
2020/8/16 13:00,1597557607,1597557593,14
2020/8/16 12:59,1597557547,1597557522,25
2020/8/16 12:58,1597557487,1597557471,16
2020/8/16 12:57,1597557427,1597557426,1
2020/8/16 12:56,1597557367,1597557358,9
2020/8/16 12:55,1597557307,1597557248,59
2020/8/16 12:54,1597557247,1597557247,0
2020/8/16 12:53,1597557187,1597556982,205
2020/8/16 12:52,1597557127,1597556982,145
2020/8/16 12:51,1597557067,1597556982,85
2020/8/16 12:50,1597557007,1597556982,25
2020/8/16 12:49,1597556947,1597556901,46
2020/8/16 12:48,1597556887,1597556881,6
2020/8/16 12:47,1597556827,1597556826,1
2020/8/16 12:46,1597556767,1597556720,47
2020/8/16 12:45,1597556707,1597556658,49
2020/8/16 12:44,1597556647,1597556597,50
2020/8/16 12:43,1597556587,1597556528,59
2020/8/16 12:42,1597556527,1597556527,0
2020/8/16 12:41,1597556467,1597556465,2
2020/8/16 12:40,1597556407,1597556394,13
2020/8/16 12:39,1597556347,1597556343,4
2020/8/16 12:38,1597556287,1597556282,5
2020/8/16 12:37,1597556227,1597556222,5
2020/8/16 12:36,1597556167,1597556140,27
2020/8/16 12:35,1597556107,1597556069,38
2020/8/16 12:34,1597556047,1597556035,12
2020/8/16 12:33,1597555987,1597555917,70
2020/8/16 12:32,1597555927,1597555917,10
2020/8/16 12:31,1597555867,1597555866,1
2020/8/16 12:30,1597555807,1597555775,32
2020/8/16 12:29,1597555747,1597555744,3
2020/8/16 12:28,1597555687,1597555643,44
2020/8/16 12:27,1597555627,1597555582,45
2020/8/16 12:26,1597555567,1597555541,26
2020/8/16 12:25,1597555507,1597555490,17
2020/8/16 12:24,1597555447,1597555419,28
2020/8/16 12:23,1597555387,1597555358,29
2020/8/16 12:22,1597555327,1597555236,91
2020/8/16 12:21,1597555268,1597555236,32
2020/8/16 12:20,1597555207,1597555205,2
2020/8/16 12:19,1597555147,1597555104,43
2020/8/16 12:18,1597555087,1597555073,14
2020/8/16 12:17,1597555027,1597555022,5
2020/8/16 12:16,1597554967,1597554967,0
2020/8/16 12:15,1597554907,1597554870,37
2020/8/16 12:14,1597554847,1597554840,7
2020/8/16 12:13,1597554787,1597554728,59
2020/8/16 12:12,1597554727,1597554687,40
2020/8/16 12:11,1597554667,1597554661,6
2020/8/16 12:10,1597554607,1597554584,23
2020/8/16 12:09,1597554547,1597554515,32
2020/8/16 12:08,1597554487,1597554469,18
2020/8/16 12:07,1597554427,1597554394,33
2020/8/16 12:06,1597554367,1597554349,18
2020/8/16 12:05,1597554307,1597554282,25
2020/8/16 12:04,1597554247,1597554211,36
2020/8/16 12:03,1597554187,1597554119,68
2020/8/16 12:02,1597554127,1597554119,8
2020/8/16 12:01,1597554067,1597554059,8
2020/8/16 12:00,1597554007,1597553988,19
2020/8/16 11:59,1597553947,1597553937,10
2020/8/16 11:58,1597553887,1597553883,4
2020/8/16 11:57,1597553827,1597553775,52
2020/8/16 11:56,1597553767,1597553722,45
2020/8/16 11:55,1597553707,1597553704,3
2020/8/16 11:54,1597553647,1597553644,3
2020/8/16 11:53,1597553587,1597553551,36
2020/8/16 11:52,1597553528,1597553511,17
2020/8/16 11:51,1597553467,1597553431,36
2020/8/16 11:50,1597553407,1597553376,31
2020/8/16 11:49,1597553347,1597553329,18
2020/8/16 11:48,1597553287,1597553216,71
2020/8/16 11:47,1597553227,1597553216,11
2020/8/16 11:46,1597553167,1597553146,21
2020/8/16 11:45,1597553107,1597553055,52
2020/8/16 11:44,1597553047,1597553004,43
2020/8/16 11:43,1597552987,1597552929,58
2020/8/16 11:42,1597552927,1597552927,0
2020/8/16 11:41,1597552867,1597552831,36
2020/8/16 11:40,1597552807,1597552794,13
2020/8/16 11:39,1597552747,1597552730,17
2020/8/16 11:38,1597552687,1597552649,38
2020/8/16 11:37,1597552627,1597552587,40
2020/8/16 11:36,1597552567,1597552540,27
2020/8/16 11:35,1597552507,1597552496,11
2020/8/16 11:34,1597552447,1597552429,18
2020/8/16 11:33,1597552387,1597552375,12
2020/8/16 11:32,1597552327,1597552304,23
2020/8/16 11:31,1597552267,1597552263,4
2020/8/16 11:30,1597552207,1597552152,55
2020/8/16 11:29,1597552147,1597552145,2
2020/8/16 11:28,1597552087,1597552080,7
2020/8/16 11:27,1597552027,1597552027,0
2020/8/16 11:26,1597551967,1597551867,100
2020/8/16 11:25,1597551907,1597551867,40
2020/8/16 11:24,1597551847,1597551736,111
2020/8/16 11:23,1597551787,1597551736,51
2020/8/16 11:22,1597551727,1597551684,43
2020/8/16 11:21,1597551667,1597551623,44
2020/8/16 11:20,1597551607,1597551532,75
2020/8/16 11:19,1597551547,1597551532,15
2020/8/16 11:18,1597551487,1597551440,47
2020/8/16 11:17,1597551427,1597551411,16
2020/8/16 11:16,1597551367,1597551352,15
2020/8/16 11:15,1597551307,1597551278,29
2020/8/16 11:14,1597551247,1597551227,20
2020/8/16 11:13,1597551187,1597551163,24
2020/8/16 11:12,1597551127,1597551035,92
2020/8/16 11:11,1597551067,1597551035,32
2020/8/16 11:10,1597551007,1597550964,43
2020/8/16 11:09,1597550947,1597550913,34
2020/8/16 11:08,1597550887,1597550883,4
2020/8/16 11:07,1597550827,1597550751,76
2020/8/16 11:06,1597550767,1597550751,16
2020/8/16 11:05,1597550707,1597550619,88
2020/8/16 11:04,1597550647,1597550619,28
2020/8/16 11:03,1597550587,1597550538,49
2020/8/16 11:02,1597550527,1597550386,141
2020/8/16 11:01,1597550467,1597550386,81
2020/8/16 11:00,1597550407,1597550386,21
2020/8/16 10:59,1597550347,1597550341,6
2020/8/16 10:58,1597550287,1597550287,0
2020/8/16 10:57,1597550227,1597550061,166
2020/8/16 10:56,1597550167,1597550061,106
2020/8/16 10:55,1597550107,1597550061,46
2020/8/16 10:54,1597550047,1597550047,0
2020/8/16 10:53,1597549987,1597549978,9
2020/8/16 10:52,1597549927,1597549826,101
2020/8/16 10:51,1597549867,1597549826,41
2020/8/16 10:50,1597549807,1597549755,52
2020/8/16 10:49,1597549747,1597549695,52
2020/8/16 10:48,1597549687,1597549634,53
2020/8/16 10:47,1597549627,1597549560,67
2020/8/16 10:46,1597549567,1597549560,7
2020/8/16 10:45,1597549507,1597549490,17
2020/8/16 10:44,1597549447,1597549429,18
2020/8/16 10:43,1597549387,1597549379,8
2020/8/16 10:42,1597549327,1597549283,44
2020/8/16 10:41,1597549267,1597549127,140
2020/8/16 10:40,1597549207,1597549127,80
2020/8/16 10:39,1597549147,1597549127,20
2020/8/16 10:38,1597549087,1597548964,123
2020/8/16 10:37,1597549027,1597548964,63
2020/8/16 10:36,1597548967,1597548964,3
2020/8/16 10:35,1597548907,1597548906,1
2020/8/16 10:34,1597548847,1597548822,25
2020/8/16 10:33,1597548787,1597548750,37
2020/8/16 10:32,1597548727,1597548700,27
2020/8/16 10:31,1597548667,1597548589,78
2020/8/16 10:30,1597548607,1597548589,18
2020/8/16 10:29,1597548547,1597548508,39
2020/8/16 10:28,1597548487,1597548457,30
2020/8/16 10:27,1597548427,1597548315,112
2020/8/16 10:26,1597548367,1597548315,52
2020/8/16 10:25,1597548307,1597548279,28
2020/8/16 10:24,1597548247,1597548229,18
2020/8/16 10:23,1597548187,1597548184,3
2020/8/16 10:22,1597548127,1597547999,128
2020/8/16 10:21,1597548067,1597547999,68
2020/8/16 10:20,1597548007,1597547999,8
2020/8/16 10:19,1597547947,1597547928,19
2020/8/16 10:18,1597547887,1597547883,4
2020/8/16 10:17,1597547827,1597547817,10
2020/8/16 10:16,1597547767,1597547725,42
2020/8/16 10:15,1597547707,1597547670,37
2020/8/16 10:14,1597547647,1597547592,55
2020/8/16 10:13,1597547587,1597547513,74
2020/8/16 10:12,1597547527,1597547513,14
2020/8/16 10:11,1597547467,1597547464,3
2020/8/16 10:10,1597547407,1597547388,19
2020/8/16 10:09,1597547347,1597547235,112
2020/8/16 10:08,1597547287,1597547235,52
2020/8/16 10:07,1597547227,1597547155,72
2020/8/16 10:06,1597547167,1597547155,12
2020/8/16 10:05,1597547107,1597547073,34
2020/8/16 10:04,1597547047,1597547023,24
2020/8/16 10:03,1597546987,1597546981,6
2020/8/16 10:02,1597546927,1597546919,8
2020/8/16 10:01,1597546867,1597546859,8
2020/8/16 10:00,1597546807,1597546767,40
2020/8/16 09:59,1597546747,1597546697,50
2020/8/16 09:58,1597546687,1597546677,10
2020/8/16 09:57,1597546627,1597546619,8
2020/8/16 09:56,1597546567,1597546504,63
2020/8/16 09:55,1597546507,1597546504,3
2020/8/16 09:54,1597546447,1597546422,25
2020/8/16 09:53,1597546387,1597546361,26
2020/8/16 09:52,1597546327,1597546158,169
2020/8/16 09:51,1597546267,1597546158,109
2020/8/16 09:50,1597546207,1597546158,49
2020/8/16 09:49,1597546147,1597546118,29
2020/8/16 09:48,1597546087,1597546026,61
2020/8/16 09:47,1597546027,1597546026,1
2020/8/16 09:46,1597545967,1597545953,14
2020/8/16 09:45,1597545907,1597545846,61
2020/8/16 09:44,1597545847,1597545846,1
2020/8/16 09:43,1597545787,1597545774,13
2020/8/16 09:42,1597545727,1597545691,36
2020/8/16 09:41,1597545667,1597545619,48
2020/8/16 09:40,1597545607,1597545578,29
2020/8/16 09:39,1597545547,1597545538,9
2020/8/16 09:38,1597545487,1597545479,8
2020/8/16 09:37,1597545427,1597545396,31
2020/8/16 09:36,1597545367,1597545325,42
2020/8/16 09:35,1597545307,1597545306,1
2020/8/16 09:34,1597545247,1597545244,3
2020/8/16 09:33,1597545187,1597545183,4
2020/8/16 09:32,1597545127,1597545119,8
2020/8/16 09:31,1597545067,1597545061,6
2020/8/16 09:30,1597545007,1597544985,22
2020/8/16 09:29,1597544947,1597544945,2
2020/8/16 09:28,1597544887,1597544874,13
2020/8/16 09:27,1597544827,1597544817,10
2020/8/16 09:26,1597544767,1597544746,21
2020/8/16 09:25,1597544707,1597544603,104
2020/8/16 09:24,1597544647,1597544603,44
2020/8/16 09:23,1597544587,1597544523,64
2020/8/16 09:22,1597544527,1597544523,4
2020/8/16 09:21,1597544467,1597544467,0
2020/8/16 09:20,1597544407,1597544370,37
2020/8/16 09:19,1597544347,1597544337,10
2020/8/16 09:18,1597544287,1597544278,9
2020/8/16 09:17,1597544227,1597544216,11
2020/8/16 09:16,1597544167,1597544146,21
2020/8/16 09:15,1597544107,1597544097,10
2020/8/16 09:14,1597544047,1597544004,43
2020/8/16 09:13,1597543987,1597543910,77
2020/8/16 09:12,1597543927,1597543910,17
2020/8/16 09:11,1597543867,1597543808,59
2020/8/16 09:10,1597543807,1597543782,25
2020/8/16 09:09,1597543747,1597543746,1
2020/8/16 09:08,1597543687,1597543654,33
2020/8/16 09:07,1597543627,1597543623,4
2020/8/16 09:06,1597543567,1597543564,3
2020/8/16 09:05,1597543507,1597543481,26
2020/8/16 09:04,1597543447,1597543397,50
2020/8/16 09:03,1597543387,1597543387,0
2020/8/16 09:02,1597543327,1597543326,1
2020/8/16 09:01,1597543267,1597543261,6
2020/8/16 09:00,1597543207,1597543193,14
2020/8/16 08:59,1597543147,1597543131,16
2020/8/16 08:58,1597543087,1597543052,35
2020/8/16 08:57,1597543027,1597543014,13
2020/8/16 08:56,1597542967,1597542907,60
2020/8/16 08:55,1597542907,1597542893,14
2020/8/16 08:54,1597542847,1597542826,21
2020/8/16 08:53,1597542787,1597542674,113
2020/8/16 08:52,1597542727,1597542674,53
2020/8/16 08:51,1597542667,1597542651,16
2020/8/16 08:50,1597542607,1597542593,14
2020/8/16 08:49,1597542547,1597542546,1
2020/8/16 08:48,1597542487,1597542481,6
2020/8/16 08:47,1597542427,1597542370,57
2020/8/16 08:46,1597542367,1597542360,7
2020/8/16 08:45,1597542307,1597542218,89
2020/8/16 08:44,1597542247,1597542218,29
2020/8/16 08:43,1597542187,1597542156,31
2020/8/16 08:42,1597542127,1597542028,99
2020/8/16 08:41,1597542067,1597542028,39
2020/8/16 08:40,1597542007,1597541953,54
2020/8/16 08:39,1597541947,1597541887,60
2020/8/16 08:38,1597541887,1597541887,0
2020/8/16 08:37,1597541827,1597541821,6
2020/8/16 08:36,1597541767,1597541760,7
2020/8/16 08:35,1597541707,1597541705,2
2020/8/16 08:34,1597541647,1597541638,9
2020/8/16 08:33,1597541587,1597541547,40
2020/8/16 08:32,1597541527,1597541475,52
2020/8/16 08:31,1597541467,1597541404,63
2020/8/16 08:30,1597541407,1597541404,3
2020/8/16 08:29,1597541347,1597541344,3
2020/8/16 08:28,1597541287,1597541232,55
2020/8/16 08:27,1597541227,1597541192,35
2020/8/16 08:26,1597541167,1597541156,11
2020/8/16 08:25,1597541107,1597541107,0
2020/8/16 08:24,1597541047,1597541033,14
2020/8/16 08:23,1597540987,1597540957,30
2020/8/16 08:22,1597540927,1597540884,43
2020/8/16 08:21,1597540867,1597540828,39
2020/8/16 08:20,1597540807,1597540802,5
2020/8/16 08:19,1597540747,1597540741,6
2020/8/16 08:18,1597540687,1597540559,128
2020/8/16 08:17,1597540627,1597540559,68
2020/8/16 08:16,1597540567,1597540559,8
2020/8/16 08:15,1597540507,1597540507,0
2020/8/16 08:14,1597540447,1597540365,82
2020/8/16 08:13,1597540387,1597540365,22
2020/8/16 08:12,1597540327,1597540315,12
2020/8/16 08:11,1597540267,1597540267,0
2020/8/16 08:10,1597540207,1597540193,14
2020/8/16 08:09,1597540147,1597540143,4
2020/8/16 08:08,1597540087,1597540061,26
2020/8/16 08:07,1597540027,1597540020,7
2020/8/16 08:06,1597539967,1597539948,19
2020/8/16 08:05,1597539907,1597539857,50
2020/8/16 08:04,1597539847,1597539796,51
2020/8/16 08:03,1597539787,1597539729,58
2020/8/16 08:02,1597539727,1597539725,2
2020/8/16 08:01,1597539667,1597539623,44
2020/8/16 08:00,1597539607,1597539553,54
2020/8/16 07:59,1597539547,1597539526,21
2020/8/16 07:58,1597539487,1597539439,48
2020/8/16 07:57,1597539427,1597539426,1
2020/8/16 07:56,1597539367,1597539357,10
2020/8/16 07:55,1597539307,1597539305,2
2020/8/16 07:54,1597539247,1597539238,9
2020/8/16 07:53,1597539187,1597539164,23
2020/8/16 07:52,1597539127,1597539076,51
2020/8/16 07:51,1597539067,1597539004,63
2020/8/16 07:50,1597539007,1597539004,3
2020/8/16 07:49,1597538947,1597538869,78
2020/8/16 07:48,1597538887,1597538869,18
2020/8/16 07:47,1597538827,1597538745,82
2020/8/16 07:46,1597538767,1597538745,22
2020/8/16 07:45,1597538707,1597538648,59
2020/8/16 07:44,1597538647,1597538537,110
2020/8/16 07:43,1597538587,1597538537,50
2020/8/16 07:42,1597538527,1597538516,11
2020/8/16 07:41,1597538467,1597538394,73
2020/8/16 07:40,1597538407,1597538394,13
2020/8/16 07:39,1597538347,1597538303,44
2020/8/16 07:38,1597538287,1597538250,37
2020/8/16 07:37,1597538227,1597538151,76
2020/8/16 07:36,1597538167,1597538151,16
2020/8/16 07:35,1597538107,1597538069,38
2020/8/16 07:34,1597538047,1597537990,57
2020/8/16 07:33,1597537987,1597537959,28
2020/8/16 07:32,1597537927,1597537924,3
2020/8/16 07:31,1597537867,1597537851,16
2020/8/16 07:30,1597537807,1597537803,4
2020/8/16 07:29,1597537747,1597537745,2
2020/8/16 07:28,1597537687,1597537674,13
2020/8/16 07:27,1597537627,1597537552,75
2020/8/16 07:26,1597537567,1597537552,15
2020/8/16 07:25,1597537507,1597537440,67
2020/8/16 07:24,1597537447,1597537440,7
2020/8/16 07:23,1597537387,1597537309,78
2020/8/16 07:22,1597537327,1597537309,18
2020/8/16 07:21,1597537267,1597537228,39
2020/8/16 07:20,1597537207,1597537146,61
2020/8/16 07:19,1597537147,1597537146,1
2020/8/16 07:18,1597537087,1597537086,1
2020/8/16 07:17,1597537027,1597536995,32
2020/8/16 07:16,1597536967,1597536962,5
2020/8/16 07:15,1597536907,1597536905,2
2020/8/16 07:14,1597536847,1597536716,131
2020/8/16 07:13,1597536787,1597536716,71
2020/8/16 07:12,1597536727,1597536716,11
2020/8/16 07:11,1597536667,1597536660,7
2020/8/16 07:10,1597536607,1597536133,474
2020/8/16 07:09,1597536547,1597536133,414
2020/8/16 07:08,1597536487,1597536133,354
2020/8/16 07:07,1597536427,1597536133,294
2020/8/16 07:06,1597536367,1597536133,234
2020/8/16 07:05,1597536307,1597536133,174
2020/8/16 07:04,1597536247,1597536133,114
2020/8/16 07:03,1597536187,1597536133,54
2020/8/16 07:02,1597536127,1597535460,667
2020/8/16 07:01,1597536067,1597535460,607
2020/8/16 07:00,1597536007,1597535460,547
2020/8/16 06:59,1597535947,1597535460,487
2020/8/16 06:58,1597535887,1597535460,427
2020/8/16 06:57,1597535827,1597535460,367
2020/8/16 06:56,1597535767,1597535460,307
2020/8/16 06:55,1597535707,1597535460,247
2020/8/16 06:54,1597535647,1597535460,187
2020/8/16 06:53,1597535587,1597535460,127
2020/8/16 06:52,1597535527,1597535460,67
2020/8/16 06:51,1597535467,1597535460,7
2020/8/16 06:50,1597535407,1597535320,87
2020/8/16 06:49,1597535347,1597535320,27
2020/8/16 06:48,1597535287,1597535239,48
2020/8/16 06:47,1597535227,1597535158,69
2020/8/16 06:46,1597535167,1597535158,9
2020/8/16 06:45,1597535107,1597534995,112
2020/8/16 06:44,1597535047,1597534995,52
2020/8/16 06:43,1597534987,1597534903,84
2020/8/16 06:42,1597534927,1597534903,24
2020/8/16 06:41,1597534867,1597534802,65
2020/8/16 06:40,1597534807,1597534802,5
2020/8/16 06:39,1597534747,1597534721,26
2020/8/16 06:38,1597534687,1597534608,79
2020/8/16 06:37,1597534627,1597534608,19
2020/8/16 06:36,1597534567,1597534527,40
2020/8/16 06:35,1597534507,1597534386,121
2020/8/16 06:34,1597534447,1597534386,61
2020/8/16 06:33,1597534387,1597534386,1
2020/8/16 06:32,1597534327,1597534284,43
2020/8/16 06:31,1597534267,1597534233,34
2020/8/16 06:30,1597534207,1597534141,66
2020/8/16 06:29,1597534147,1597534141,6
2020/8/16 06:28,1597534087,1597534041,46
2020/8/16 06:27,1597534027,1597533959,68
2020/8/16 06:26,1597533967,1597533959,8
2020/8/16 06:25,1597533907,1597533888,19
2020/8/16 06:24,1597533847,1597533807,40
2020/8/16 06:23,1597533787,1597533777,10
2020/8/16 06:22,1597533727,1597533706,21
2020/8/16 06:21,1597533667,1597533670,-3
2020/8/16 06:20,1597533607,1597533573,34
2020/8/16 06:19,1597533547,1597533492,55
2020/8/16 06:18,1597533487,1597533428,59
2020/8/16 06:17,1597533427,1597533428,-1
2020/8/16 06:16,1597533367,1597533358,9
2020/8/16 06:15,1597533307,1597533225,82
2020/8/16 06:14,1597533247,1597533225,22
2020/8/16 06:13,1597533187,1597533188,-1
2020/8/16 06:12,1597533127,1597533120,7
2020/8/16 06:11,1597533067,1597533045,22
2020/8/16 06:10,1597533007,1597532974,33
2020/8/16 06:09,1597532947,1597532938,9
2020/8/16 06:08,1597532887,1597532881,6
2020/8/16 06:07,1597532827,1597532751,76
2020/8/16 06:06,1597532767,1597532751,16
2020/8/16 06:05,1597532707,1597532670,37
2020/8/16 06:04,1597532647,1597532528,119
2020/8/16 06:03,1597532587,1597532528,59
2020/8/16 06:02,1597532527,1597532528,-1
2020/8/16 06:01,1597532467,1597532429,38
2020/8/16 06:00,1597532407,1597532401,6
2020/8/16 05:59,1597532347,1597532329,18
2020/8/16 05:58,1597532287,1597532162,125
2020/8/16 05:57,1597532227,1597532162,65
2020/8/16 05:56,1597532167,1597532162,5
2020/8/16 05:55,1597532107,1597532043,64
2020/8/16 05:54,1597532047,1597532043,4
2020/8/16 05:53,1597531987,1597531975,12
2020/8/16 05:52,1597531927,1597531908,19
2020/8/16 05:51,1597531867,1597531797,70
2020/8/16 05:50,1597531807,1597531797,10
2020/8/16 05:49,1597531747,1597531706,41
2020/8/16 05:48,1597531687,1597531625,62
2020/8/16 05:47,1597531627,1597531625,2
2020/8/16 05:46,1597531568,1597531513,55
2020/8/16 05:45,1597531507,1597531503,4
2020/8/16 05:44,1597531447,1597531449,-2
2020/8/16 05:43,1597531387,1597531364,23
2020/8/16 05:42,1597531327,1597531291,36
2020/8/16 05:41,1597531267,1597531269,-2
2020/8/16 05:40,1597531207,1597531174,33
2020/8/16 05:39,1597531147,1597531124,23
2020/8/16 05:38,1597531087,1597531056,31
2020/8/16 05:37,1597531027,1597531025,2
2020/8/16 05:36,1597530967,1597530914,53
2020/8/16 05:35,1597530907,1597530908,-1
2020/8/16 05:34,1597530847,1597530811,36
2020/8/16 05:33,1597530787,1597530781,6
2020/8/16 05:32,1597530727,1597530680,47
2020/8/16 05:31,1597530667,1597530648,19
2020/8/16 05:30,1597530607,1597530578,29
2020/8/16 05:29,1597530547,1597530548,-1
2020/8/16 05:28,1597530487,1597530476,11
2020/8/16 05:27,1597530427,1597530426,1
2020/8/16 05:26,1597530367,1597530334,33
2020/8/16 05:25,1597530307,1597530284,23
2020/8/16 05:24,1597530247,1597530182,65
2020/8/16 05:23,1597530187,1597530182,5
2020/8/16 05:22,1597530127,1597530050,77
2020/8/16 05:21,1597530067,1597530050,17
2020/8/16 05:20,1597530007,1597530008,-1
2020/8/16 05:19,1597529947,1597529948,-1
2020/8/16 05:18,1597529887,1597529872,15
2020/8/16 05:17,1597529827,1597529816,11
2020/8/16 05:16,1597529768,1597529755,13
2020/8/16 05:15,1597529707,1597529653,54
2020/8/16 05:14,1597529647,1597529621,26
2020/8/16 05:13,1597529587,1597529589,-2
2020/8/16 05:12,1597529527,1597529485,42
2020/8/16 05:11,1597529467,1597529461,6
2020/8/16 05:10,1597529407,1597529349,58
2020/8/16 05:09,1597529347,1597529349,-2
2020/8/16 05:08,1597529287,1597529267,20
2020/8/16 05:07,1597529227,1597529228,-1
2020/8/16 05:06,1597529167,1597529094,73
2020/8/16 05:05,1597529107,1597529094,13
2020/8/16 05:04,1597529047,1597528966,81
2020/8/16 05:03,1597528987,1597528966,21
2020/8/16 05:02,1597528927,1597528906,21
2020/8/16 05:01,1597528867,1597528862,5
2020/8/16 05:00,1597528807,1597528790,17
2020/8/16 04:59,1597528747,1597528719,28
2020/8/16 04:58,1597528687,1597528618,69
2020/8/16 04:57,1597528627,1597528618,9
2020/8/16 04:56,1597528567,1597528552,15
2020/8/16 04:55,1597528507,1597528506,1
2020/8/16 04:54,1597528447,1597528448,-1
2020/8/16 04:53,1597528387,1597528272,115
2020/8/16 04:52,1597528327,1597528272,55
2020/8/16 04:51,1597528267,1597528208,59
2020/8/16 04:50,1597528207,1597528208,-1
2020/8/16 04:49,1597528147,1597528146,1
2020/8/16 04:48,1597528087,1597528059,28
2020/8/16 04:47,1597528027,1597527858,169
2020/8/16 04:46,1597527967,1597527858,109
2020/8/16 04:45,1597527907,1597527858,49
2020/8/16 04:44,1597527848,1597527834,14
2020/8/16 04:43,1597527787,1597527774,13
2020/8/16 04:42,1597527727,1597527703,24
2020/8/16 04:41,1597527667,1597527662,5
2020/8/16 04:40,1597527607,1597527591,16
2020/8/16 04:39,1597527547,1597527540,7
2020/8/16 04:38,1597527488,1597527490,-2
2020/8/16 04:37,1597527427,1597527398,29
2020/8/16 04:36,1597527367,1597527367,0
2020/8/16 04:35,1597527307,1597527296,11
2020/8/16 04:34,1597527247,1597527187,60
2020/8/16 04:33,1597527187,1597527187,0
2020/8/16 04:32,1597527127,1597526971,156
2020/8/16 04:31,1597527067,1597526971,96
2020/8/16 04:30,1597527007,1597526971,36
2020/8/16 04:29,1597526947,1597526936,11
2020/8/16 04:28,1597526887,1597526864,23
2020/8/16 04:27,1597526827,1597526804,23
2020/8/16 04:26,1597526767,1597526757,10
2020/8/16 04:25,1597526707,1597526595,112
2020/8/16 04:24,1597526647,1597526595,52
2020/8/16 04:23,1597526587,1597526490,97
2020/8/16 04:22,1597526527,1597526490,37
2020/8/16 04:21,1597526467,1597526433,34
2020/8/16 04:20,1597526407,1597526379,28
2020/8/16 04:19,1597526347,1597526348,-1
2020/8/16 04:18,1597526287,1597526260,27
2020/8/16 04:17,1597526227,1597526229,-2
2020/8/16 04:16,1597526167,1597526158,9
2020/8/16 04:15,1597526107,1597526107,0
2020/8/16 04:14,1597526047,1597525995,52
2020/8/16 04:13,1597525987,1597525955,32
2020/8/16 04:12,1597525927,1597525853,74
2020/8/16 04:11,1597525867,1597525853,14
2020/8/16 04:10,1597525807,1597525789,18
2020/8/16 04:09,1597525747,1597525732,15
2020/8/16 04:08,1597525687,1597525620,67
2020/8/16 04:07,1597525627,1597525620,7
2020/8/16 04:06,1597525567,1597525565,2
2020/8/16 04:05,1597525507,1597525487,20
2020/8/16 04:04,1597525447,1597525439,8
2020/8/16 04:03,1597525387,1597525381,6
2020/8/16 04:02,1597525327,1597525253,74
2020/8/16 04:01,1597525267,1597525253,14
2020/8/16 04:00,1597525207,1597525200,7
2020/8/16 03:59,1597525147,1597525080,67
2020/8/16 03:58,1597525087,1597525080,7
2020/8/16 03:57,1597525027,1597524953,74
2020/8/16 03:56,1597524967,1597524953,14
2020/8/16 03:55,1597524907,1597524846,61
2020/8/16 03:54,1597524847,1597524846,1
2020/8/16 03:53,1597524787,1597524744,43
2020/8/16 03:52,1597524728,1597524704,24
2020/8/16 03:51,1597524667,1597524622,45
2020/8/16 03:50,1597524607,1597524530,77
2020/8/16 03:49,1597524547,1597524530,17
2020/8/16 03:48,1597524487,1597524480,7
2020/8/16 03:47,1597524428,1597524396,32
2020/8/16 03:46,1597524367,1597524369,-2
2020/8/16 03:45,1597524307,1597524297,10
2020/8/16 03:44,1597524247,1597524206,41
2020/8/16 03:43,1597524187,1597524125,62
2020/8/16 03:42,1597524127,1597524125,2
2020/8/16 03:41,1597524067,1597524061,6
2020/8/16 03:40,1597524007,1597523982,25
2020/8/16 03:39,1597523947,1597523921,26
2020/8/16 03:38,1597523887,1597523883,4
2020/8/16 03:37,1597523827,1597523794,33
2020/8/16 03:36,1597523767,1597523647,120
2020/8/16 03:35,1597523707,1597523647,60
2020/8/16 03:34,1597523647,1597523647,0
2020/8/16 03:33,1597523587,1597523566,21
2020/8/16 03:32,1597523527,1597523521,6
2020/8/16 03:31,1597523467,1597523444,23
2020/8/16 03:30,1597523407,1597523404,3
2020/8/16 03:29,1597523347,1597523302,45
2020/8/16 03:28,1597523287,1597523262,25
2020/8/16 03:27,1597523227,1597523180,47
2020/8/16 03:26,1597523167,1597523140,27
2020/8/16 03:25,1597523107,1597523093,14
2020/8/16 03:24,1597523047,1597523042,5
2020/8/16 03:23,1597522987,1597522987,0
2020/8/16 03:22,1597522927,1597522815,112
2020/8/16 03:21,1597522867,1597522815,52
2020/8/16 03:20,1597522807,1597522764,43
2020/8/16 03:19,1597522747,1597522722,25
2020/8/16 03:18,1597522687,1597522591,96
2020/8/16 03:17,1597522627,1597522591,36
2020/8/16 03:16,1597522567,1597522544,23
2020/8/16 03:15,1597522507,1597522494,13
2020/8/16 03:14,1597522447,1597522419,28
2020/8/16 03:13,1597522387,1597522378,9
2020/8/16 03:12,1597522327,1597522318,9
2020/8/16 03:11,1597522267,1597522264,3
2020/8/16 03:10,1597522207,1597522193,14
2020/8/16 03:09,1597522147,1597522125,22
2020/8/16 03:08,1597522087,1597522065,22
2020/8/16 03:07,1597522027,1597521996,31
2020/8/16 03:06,1597521967,1597521920,47
2020/8/16 03:05,1597521907,1597521788,119
2020/8/16 03:04,1597521847,1597521788,59
2020/8/16 03:03,1597521787,1597521788,-1
2020/8/16 03:02,1597521727,1597521716,11
2020/8/16 03:01,1597521667,1597521635,32
2020/8/16 03:00,1597521607,1597521563,44
2020/8/16 02:59,1597521547,1597521513,34
2020/8/16 02:58,1597521487,1597521463,24
2020/8/16 02:57,1597521427,1597521401,26
2020/8/16 02:56,1597521367,1597521340,27
2020/8/16 02:55,1597521307,1597521289,18
2020/8/16 02:54,1597521247,1597521249,-2
2020/8/16 02:53,1597521187,1597521147,40
2020/8/16 02:52,1597521127,1597520985,142
2020/8/16 02:51,1597521067,1597520985,82
2020/8/16 02:50,1597521007,1597520985,22
2020/8/16 02:49,1597520947,1597520894,53
2020/8/16 02:48,1597520887,1597520832,55
2020/8/16 02:47,1597520827,1597520782,45
2020/8/16 02:46,1597520767,1597520721,46
2020/8/16 02:45,1597520707,1597520609,98
2020/8/16 02:44,1597520647,1597520609,38
2020/8/16 02:43,1597520587,1597520568,19
2020/8/16 02:42,1597520527,1597520493,34
2020/8/16 02:41,1597520467,1597520467,0
2020/8/16 02:40,1597520407,1597520355,52
2020/8/16 02:39,1597520347,1597520304,43
2020/8/16 02:38,1597520287,1597520243,44
2020/8/16 02:37,1597520227,1597520151,76
2020/8/16 02:36,1597520167,1597520151,16
2020/8/16 02:35,1597520107,1597520090,17
2020/8/16 02:34,1597520047,1597520039,8
2020/8/16 02:33,1597519987,1597519978,9
2020/8/16 02:32,1597519927,1597519918,9
2020/8/16 02:31,1597519867,1597519846,21
2020/8/16 02:30,1597519807,1597519806,1
2020/8/16 02:29,1597519747,1597519724,23
2020/8/16 02:28,1597519687,1597519664,23
2020/8/16 02:27,1597519627,1597519569,58
2020/8/16 02:26,1597519567,1597519569,-2
2020/8/16 02:25,1597519507,1597519502,5
2020/8/16 02:24,1597519447,1597519441,6
2020/8/16 02:23,1597519387,1597519381,6
2020/8/16 02:22,1597519327,1597519320,7
2020/8/16 02:21,1597519267,1597519267,0
2020/8/16 02:20,1597519207,1597519166,41
2020/8/16 02:19,1597519147,1597519105,42
2020/8/16 02:18,1597519087,1597519050,37
2020/8/16 02:17,1597519027,1597519029,-2
2020/8/16 02:16,1597518967,1597518966,1
2020/8/16 02:15,1597518907,1597518906,1
2020/8/16 02:14,1597518847,1597518838,9
2020/8/16 02:13,1597518787,1597518770,17
2020/8/16 02:12,1597518727,1597518719,8
2020/8/16 02:11,1597518667,1597518668,-1
2020/8/16 02:10,1597518607,1597518547,60
2020/8/16 02:09,1597518547,1597518547,0
2020/8/16 02:08,1597518487,1597518475,12
2020/8/16 02:07,1597518427,1597518424,3
2020/8/16 02:06,1597518367,1597518333,34
2020/8/16 02:05,1597518307,1597518309,-2
2020/8/16 02:04,1597518247,1597518201,46
2020/8/16 02:03,1597518187,1597518139,48
2020/8/16 02:02,1597518127,1597518068,59
2020/8/16 02:01,1597518067,1597518068,-1
2020/8/16 02:00,1597518007,1597517997,10
2020/8/16 01:59,1597517947,1597517915,32
2020/8/16 01:58,1597517887,1597517732,155
2020/8/16 01:57,1597517827,1597517732,95
2020/8/16 01:56,1597517767,1597517732,35
2020/8/16 01:55,1597517707,1597517683,24
2020/8/16 01:54,1597517647,1597517579,68
2020/8/16 01:53,1597517587,1597517579,8
2020/8/16 01:52,1597517527,1597517446,81
2020/8/16 01:51,1597517467,1597517446,21
2020/8/16 01:50,1597517407,1597517375,32
2020/8/16 01:49,1597517347,1597517323,24
2020/8/16 01:48,1597517287,1597517288,-1
2020/8/16 01:47,1597517227,1597517181,46
2020/8/16 01:46,1597517167,1597517156,11
2020/8/16 01:45,1597517107,1597517100,7
2020/8/16 01:44,1597517047,1597517018,29
2020/8/16 01:43,1597516987,1597516968,19
2020/8/16 01:42,1597516927,1597516917,10
2020/8/16 01:41,1597516867,1597516843,24
2020/8/16 01:40,1597516807,1597516800,7
2020/8/16 01:39,1597516747,1597516747,0
2020/8/16 01:38,1597516687,1597516683,4
2020/8/16 01:37,1597516627,1597516571,56
2020/8/16 01:36,1597516567,1597516568,-1
2020/8/16 01:35,1597516507,1597516439,68
2020/8/16 01:34,1597516447,1597516439,8
2020/8/16 01:33,1597516387,1597516347,40
2020/8/16 01:32,1597516327,1597516226,101
2020/8/16 01:31,1597516267,1597516226,41
2020/8/16 01:30,1597516207,1597516171,36
2020/8/16 01:29,1597516147,1597516083,64
2020/8/16 01:28,1597516087,1597516083,4
2020/8/16 01:27,1597516027,1597515971,56
2020/8/16 01:26,1597515967,1597515951,16
2020/8/16 01:25,1597515907,1597515878,29
2020/8/16 01:24,1597515847,1597515809,38
2020/8/16 01:23,1597515787,1597515717,70
2020/8/16 01:22,1597515727,1597515717,10
2020/8/16 01:21,1597515667,1597515636,31
2020/8/16 01:20,1597515607,1597515583,24
2020/8/16 01:19,1597515547,1597515503,44
2020/8/16 01:18,1597515487,1597515462,25
2020/8/16 01:17,1597515427,1597515353,74
2020/8/16 01:16,1597515367,1597515353,14
2020/8/16 01:15,1597515307,1597515278,29
2020/8/16 01:14,1597515247,1597515197,50
2020/8/16 01:13,1597515187,1597515158,29
2020/8/16 01:12,1597515128,1597515116,12
2020/8/16 01:11,1597515067,1597515054,13
2020/8/16 01:10,1597515007,1597514933,74
2020/8/16 01:09,1597514947,1597514933,14
2020/8/16 01:08,1597514887,1597514867,20
2020/8/16 01:07,1597514827,1597514811,16
2020/8/16 01:06,1597514767,1597514739,28
2020/8/16 01:05,1597514707,1597514709,-2
2020/8/16 01:04,1597514647,1597514649,-2
2020/8/16 01:03,1597514587,1597514577,10
2020/8/16 01:02,1597514527,1597514474,53
2020/8/16 01:01,1597514467,1597514394,73
2020/8/16 01:00,1597514407,1597514394,13
2020/8/16 00:59,1597514347,1597514349,-2
2020/8/16 00:58,1597514287,1597514282,5
2020/8/16 00:57,1597514227,1597514222,5
2020/8/16 00:56,1597514167,1597514098,69
2020/8/16 00:55,1597514107,1597514098,9
2020/8/16 00:54,1597514047,1597514016,31
2020/8/16 00:53,1597513987,1597513981,6
2020/8/16 00:52,1597513927,1597513813,114
2020/8/16 00:51,1597513867,1597513813,54
2020/8/16 00:50,1597513807,1597513721,86
2020/8/16 00:49,1597513747,1597513721,26
2020/8/16 00:48,1597513687,1597513568,119
2020/8/16 00:47,1597513627,1597513568,59
2020/8/16 00:46,1597513567,1597513568,-1
2020/8/16 00:45,1597513507,1597513456,51
2020/8/16 00:44,1597513447,1597513395,52
2020/8/16 00:43,1597513387,1597513314,73
2020/8/16 00:42,1597513327,1597513314,13
2020/8/16 00:41,1597513267,1597513252,15
2020/8/16 00:40,1597513207,1597513192,15
2020/8/16 00:39,1597513147,1597513150,-3
2020/8/16 00:38,1597513087,1597513019,68
2020/8/16 00:37,1597513028,1597513019,9
2020/8/16 00:36,1597512967,1597512968,-1
2020/8/16 00:35,1597512907,1597512876,31
2020/8/16 00:34,1597512847,1597512836,11
2020/8/16 00:33,1597512787,1597512775,12
2020/8/16 00:32,1597512727,1597512729,-2
2020/8/16 00:31,1597512667,1597512622,45
2020/8/16 00:30,1597512607,1597512561,46
2020/8/16 00:29,1597512547,1597512541,6
2020/8/16 00:28,1597512487,1597512450,37
2020/8/16 00:27,1597512427,1597512397,30
2020/8/16 00:26,1597512367,1597512337,30
2020/8/16 00:25,1597512307,1597512307,0
2020/8/16 00:24,1597512247,1597512216,31
2020/8/16 00:23,1597512187,1597512179,8
2020/8/16 00:22,1597512127,1597512124,3
2020/8/16 00:21,1597512067,1597512012,55
2020/8/16 00:20,1597512007,1597511940,67
2020/8/16 00:19,1597511947,1597511940,7
2020/8/16 00:18,1597511887,1597511880,7
2020/8/16 00:17,1597511827,1597511817,10
2020/8/16 00:16,1597511767,1597511758,9
2020/8/16 00:15,1597511707,1597511665,42
2020/8/16 00:14,1597511647,1597511620,27
2020/8/16 00:13,1597511587,1597511554,33
2020/8/16 00:12,1597511527,1597511514,13
2020/8/16 00:11,1597511467,1597511442,25
2020/8/16 00:10,1597511407,1597511391,16
2020/8/16 00:09,1597511347,1597511321,26
2020/8/16 00:08,1597511287,1597511258,29
2020/8/16 00:07,1597511227,1597511228,-1
2020/8/16 00:06,1597511167,1597511135,32
2020/8/16 00:05,1597511108,1597511105,3
2020/8/16 00:04,1597511047,1597511040,7
2020/8/16 00:03,1597510987,1597510989,-2
2020/8/16 00:02,1597510927,1597510901,26
2020/8/16 00:01,1597510867,1597510869,-2
2020/8/16 00:00,1597510807,1597510768,39
2020/8/15 23:59,1597510747,1597510727,20
2020/8/15 23:58,1597510687,1597510676,11
2020/8/15 23:57,1597510627,1597510605,22
2020/8/15 23:56,1597510567,1597510554,13
2020/8/15 23:55,1597510507,1597510463,44
2020/8/15 23:54,1597510447,1597510432,15
2020/8/15 23:53,1597510387,1597510300,87
2020/8/15 23:52,1597510327,1597510300,27
2020/8/15 23:51,1597510267,1597510229,38
2020/8/15 23:50,1597510207,1597510137,70
2020/8/15 23:49,1597510147,1597510137,10
2020/8/15 23:48,1597510087,1597510077,10
2020/8/15 23:47,1597510027,1597510007,20
2020/8/15 23:46,1597509967,1597509963,4
2020/8/15 23:45,1597509907,1597509905,2
2020/8/15 23:44,1597509847,1597509810,37
2020/8/15 23:43,1597509787,1597509739,48
2020/8/15 23:42,1597509727,1597509712,15
2020/8/15 23:41,1597509667,1597509660,7
2020/8/15 23:40,1597509607,1597509592,15
2020/8/15 23:39,1597509547,1597509545,2
2020/8/15 23:38,1597509487,1597509485,2
2020/8/15 23:37,1597509427,1597509414,13
2020/8/15 23:36,1597509367,1597509332,35
2020/8/15 23:35,1597509307,1597509280,27
2020/8/15 23:34,1597509247,1597509243,4
2020/8/15 23:33,1597509187,1597509170,17
2020/8/15 23:32,1597509127,1597509109,18
2020/8/15 23:31,1597509067,1597509068,-1
2020/8/15 23:30,1597509007,1597508975,32
2020/8/15 23:29,1597508947,1597508934,13
2020/8/15 23:28,1597508887,1597508875,12
2020/8/15 23:27,1597508827,1597508783,44
2020/8/15 23:26,1597508767,1597508722,45
2020/8/15 23:25,1597508707,1597508662,45
2020/8/15 23:24,1597508647,1597508566,81
2020/8/15 23:23,1597508587,1597508566,21
2020/8/15 23:22,1597508527,1597508509,18
2020/8/15 23:21,1597508467,1597508468,-1
2020/8/15 23:20,1597508407,1597508394,13
2020/8/15 23:19,1597508347,1597508346,1
2020/8/15 23:18,1597508287,1597508223,64
2020/8/15 23:17,1597508227,1597508223,4
2020/8/15 23:16,1597508167,1597508162,5
2020/8/15 23:15,1597508107,1597508071,36
2020/8/15 23:14,1597508047,1597507959,88
2020/8/15 23:13,1597507987,1597507959,28
2020/8/15 23:12,1597507927,1597507929,-2
2020/8/15 23:11,1597507867,1597507857,10
2020/8/15 23:10,1597507807,1597507806,1
2020/8/15 23:09,1597507747,1597507748,-1
2020/8/15 23:08,1597507687,1597507684,3
2020/8/15 23:07,1597507627,1597507626,1
2020/8/15 23:06,1597507567,1597507552,15
2020/8/15 23:05,1597507507,1597507409,98
2020/8/15 23:04,1597507447,1597507409,38
2020/8/15 23:03,1597507387,1597507246,141
2020/8/15 23:02,1597507327,1597507246,81
2020/8/15 23:01,1597507267,1597507246,21
2020/8/15 23:00,1597507207,1597507204,3
2020/8/15 22:59,1597507148,1597507103,45
2020/8/15 22:58,1597507087,1597507083,4
2020/8/15 22:57,1597507027,1597507011,16
2020/8/15 22:56,1597506967,1597506969,-2
2020/8/15 22:55,1597506907,1597506894,13
2020/8/15 22:54,1597506847,1597506849,-2
2020/8/15 22:53,1597506787,1597506767,20
2020/8/15 22:52,1597506727,1597506533,194
2020/8/15 22:51,1597506667,1597506533,134
2020/8/15 22:50,1597506607,1597506533,74
2020/8/15 22:49,1597506547,1597506533,14
2020/8/15 22:48,1597506487,1597506473,14
2020/8/15 22:47,1597506427,1597506423,4
2020/8/15 22:46,1597506367,1597506350,17
2020/8/15 22:45,1597506307,1597506208,99
2020/8/15 22:44,1597506247,1597506208,39
2020/8/15 22:43,1597506187,1597506177,10
2020/8/15 22:42,1597506127,1597506030,97
2020/8/15 22:41,1597506067,1597506030,37
2020/8/15 22:40,1597506007,1597505984,23
2020/8/15 22:39,1597505947,1597505901,46
2020/8/15 22:38,1597505887,1597505882,5
2020/8/15 22:37,1597505827,1597505729,98
2020/8/15 22:36,1597505767,1597505729,38
2020/8/15 22:35,1597505707,1597505495,212
2020/8/15 22:34,1597505647,1597505495,152
2020/8/15 22:33,1597505587,1597505495,92
2020/8/15 22:32,1597505527,1597505495,32
2020/8/15 22:31,1597505467,1597505467,0
2020/8/15 22:30,1597505407,1597505301,106
2020/8/15 22:29,1597505347,1597505301,46
2020/8/15 22:28,1597505287,1597505251,36
2020/8/15 22:27,1597505227,1597505200,27
2020/8/15 22:26,1597505167,1597505149,18
2020/8/15 22:25,1597505107,1597505098,9
2020/8/15 22:24,1597505047,1597505027,20
2020/8/15 22:23,1597504987,1597504926,61
2020/8/15 22:22,1597504927,1597504926,1
2020/8/15 22:21,1597504867,1597504862,5
2020/8/15 22:20,1597504807,1597504742,65
2020/8/15 22:19,1597504747,1597504742,5
2020/8/15 22:18,1597504687,1597504630,57
2020/8/15 22:17,1597504627,1597504590,37
2020/8/15 22:16,1597504567,1597504539,28
2020/8/15 22:15,1597504507,1597504509,-2
2020/8/15 22:14,1597504447,1597504397,50
2020/8/15 22:13,1597504387,1597504339,48
2020/8/15 22:12,1597504327,1597504307,20
2020/8/15 22:11,1597504267,1597504255,12
2020/8/15 22:10,1597504207,1597504060,147
2020/8/15 22:09,1597504147,1597504060,87
2020/8/15 22:08,1597504087,1597504060,27
2020/8/15 22:07,1597504027,1597504025,2
2020/8/15 22:06,1597503967,1597503859,108
2020/8/15 22:05,1597503907,1597503859,48
2020/8/15 22:04,1597503847,1597503818,29
2020/8/15 22:03,1597503787,1597503788,-1
2020/8/15 22:02,1597503727,1597503706,21
2020/8/15 22:01,1597503667,1597503645,22
2020/8/15 22:00,1597503607,1597503594,13
2020/8/15 21:59,1597503547,1597503544,3
2020/8/15 21:58,1597503487,1597503487,0
2020/8/15 21:57,1597503427,1597503401,26
2020/8/15 21:56,1597503367,1597503350,17
2020/8/15 21:55,1597503307,1597503301,6
2020/8/15 21:54,1597503247,1597503244,3
2020/8/15 21:53,1597503187,1597503186,1
2020/8/15 21:52,1597503127,1597503113,14
2020/8/15 21:51,1597503067,1597502974,93
2020/8/15 21:50,1597503007,1597502974,33
2020/8/15 21:49,1597502947,1597502903,44
2020/8/15 21:48,1597502887,1597502875,12
2020/8/15 21:47,1597502827,1597502790,37
2020/8/15 21:46,1597502767,1597502766,1
2020/8/15 21:45,1597502707,1597502699,8
2020/8/15 21:44,1597502647,1597502618,29
2020/8/15 21:43,1597502587,1597502589,-2
2020/8/15 21:42,1597502527,1597502496,31
2020/8/15 21:41,1597502467,1597502455,12
2020/8/15 21:40,1597502407,1597502353,54
2020/8/15 21:39,1597502347,1597502302,45
2020/8/15 21:38,1597502287,1597502231,56
2020/8/15 21:37,1597502227,1597502155,72
2020/8/15 21:36,1597502167,1597502155,12
2020/8/15 21:35,1597502107,1597502092,15
2020/8/15 21:34,1597502047,1597502017,30
2020/8/15 21:33,1597501987,1597501895,92
2020/8/15 21:32,1597501927,1597501895,32
2020/8/15 21:31,1597501867,1597501844,23
2020/8/15 21:30,1597501807,1597501794,13
2020/8/15 21:29,1597501747,1597501743,4
2020/8/15 21:28,1597501687,1597501671,16
2020/8/15 21:27,1597501627,1597501620,7
2020/8/15 21:26,1597501567,1597501552,15
2020/8/15 21:25,1597501507,1597501488,19
2020/8/15 21:24,1597501447,1597501447,0
2020/8/15 21:23,1597501387,1597501346,41
2020/8/15 21:22,1597501327,1597501274,53
2020/8/15 21:21,1597501267,1597501265,2
2020/8/15 21:20,1597501207,1597501203,4
2020/8/15 21:19,1597501147,1597501097,50
2020/8/15 21:18,1597501087,1597501084,3
2020/8/15 21:17,1597501027,1597501015,12
2020/8/15 21:16,1597500967,1597500969,-2
2020/8/15 21:15,1597500907,1597500878,29
2020/8/15 21:14,1597500847,1597500848,-1
2020/8/15 21:13,1597500787,1597500781,6
2020/8/15 21:12,1597500727,1597500695,32
2020/8/15 21:11,1597500667,1597500646,21
2020/8/15 21:10,1597500607,1597500535,72
2020/8/15 21:09,1597500547,1597500535,12
2020/8/15 21:08,1597500487,1597500481,6
2020/8/15 21:07,1597500427,1597500380,47
2020/8/15 21:06,1597500367,1597500339,28
2020/8/15 21:05,1597500307,1597500307,0
2020/8/15 21:04,1597500247,1597500247,0
2020/8/15 21:03,1597500187,1597500094,93
2020/8/15 21:02,1597500127,1597500094,33
2020/8/15 21:01,1597500067,1597499982,85
2020/8/15 21:00,1597500007,1597499982,25
2020/8/15 20:59,1597499947,1597499922,25
2020/8/15 20:58,1597499887,1597499881,6
2020/8/15 20:57,1597499827,1597499798,29
2020/8/15 20:56,1597499767,1597499767,0
2020/8/15 20:55,1597499707,1597499708,-1
2020/8/15 20:54,1597499647,1597499616,31
2020/8/15 20:53,1597499587,1597499585,2
2020/8/15 20:52,1597499527,1597499528,-1
2020/8/15 20:51,1597499467,1597499453,14
2020/8/15 20:50,1597499407,1597499388,19
2020/8/15 20:49,1597499347,1597499336,11
2020/8/15 20:48,1597499287,1597499260,27
2020/8/15 20:47,1597499227,1597499171,56
2020/8/15 20:46,1597499167,1597499169,-2
2020/8/15 20:45,1597499107,1597499067,40
2020/8/15 20:44,1597499047,1597499006,41
2020/8/15 20:43,1597498987,1597498925,62
2020/8/15 20:42,1597498927,1597498925,2
2020/8/15 20:41,1597498867,1597498867,0
2020/8/15 20:40,1597498807,1597498809,-2
2020/8/15 20:39,1597498747,1597498732,15
2020/8/15 20:38,1597498687,1597498653,34
2020/8/15 20:37,1597498627,1597498622,5
2020/8/15 20:36,1597498567,1597498558,9
2020/8/15 20:35,1597498507,1597498487,20
2020/8/15 20:34,1597498447,1597498448,-1
2020/8/15 20:33,1597498387,1597498385,2
2020/8/15 20:32,1597498327,1597498294,33
2020/8/15 20:31,1597498267,1597498233,34
2020/8/15 20:30,1597498207,1597498192,15
2020/8/15 20:29,1597498147,1597498100,47
2020/8/15 20:28,1597498087,1597498055,32
2020/8/15 20:27,1597498027,1597498019,8
2020/8/15 20:26,1597497967,1597497965,2
2020/8/15 20:25,1597497907,1597497826,81
2020/8/15 20:24,1597497847,1597497826,21
2020/8/15 20:23,1597497787,1597497757,30
2020/8/15 20:22,1597497727,1597497727,0
2020/8/15 20:21,1597497667,1597497653,14
2020/8/15 20:20,1597497607,1597497603,4
2020/8/15 20:19,1597497547,1597497531,16
2020/8/15 20:18,1597497487,1597497460,27
2020/8/15 20:17,1597497427,1597497389,38
2020/8/15 20:16,1597497367,1597497325,42
2020/8/15 20:15,1597497307,1597497309,-2
2020/8/15 20:14,1597497247,1597497247,0
2020/8/15 20:13,1597497187,1597497185,2
2020/8/15 20:12,1597497127,1597497105,22
2020/8/15 20:11,1597497067,1597497065,2
2020/8/15 20:10,1597497008,1597496973,35
2020/8/15 20:09,1597496947,1597496943,4
2020/8/15 20:08,1597496887,1597496871,16
2020/8/15 20:07,1597496827,1597496829,-2
2020/8/15 20:06,1597496767,1597496763,4
2020/8/15 20:05,1597496707,1597496709,-2
2020/8/15 20:04,1597496647,1597496649,-2
2020/8/15 20:03,1597496587,1597496567,20
2020/8/15 20:02,1597496527,1597496464,63
2020/8/15 20:01,1597496467,1597496464,3
2020/8/15 20:00,1597496407,1597496301,106
2020/8/15 19:59,1597496347,1597496301,46
2020/8/15 19:58,1597496287,1597496250,37
2020/8/15 19:57,1597496227,1597496173,54
2020/8/15 19:56,1597496167,1597496169,-2
2020/8/15 19:55,1597496107,1597496108,-1
2020/8/15 19:54,1597496047,1597496026,21
2020/8/15 19:53,1597495987,1597495985,2
2020/8/15 19:52,1597495927,1597495884,43
2020/8/15 19:51,1597495867,1597495834,33
2020/8/15 19:50,1597495807,1597495803,4
2020/8/15 19:49,1597495747,1597495722,25
2020/8/15 19:48,1597495687,1597495671,16
2020/8/15 19:47,1597495627,1597495579,48
2020/8/15 19:46,1597495567,1597495518,49
2020/8/15 19:45,1597495507,1597495467,40
2020/8/15 19:44,1597495447,1597495416,31
2020/8/15 19:43,1597495387,1597495334,53
2020/8/15 19:42,1597495327,1597495302,25
2020/8/15 19:41,1597495267,1597495252,15
2020/8/15 19:40,1597495207,1597495181,26
2020/8/15 19:39,1597495147,1597495139,8
2020/8/15 19:38,1597495087,1597495068,19
2020/8/15 19:37,1597495027,1597495027,0
2020/8/15 19:36,1597494967,1597494926,41
2020/8/15 19:35,1597494907,1597494906,1
2020/8/15 19:34,1597494847,1597494824,23
2020/8/15 19:33,1597494787,1597494774,13
2020/8/15 19:32,1597494727,1597494729,-2
2020/8/15 19:31,1597494667,1597494620,47
2020/8/15 19:30,1597494607,1597494590,17
2020/8/15 19:29,1597494547,1597494548,-1
2020/8/15 19:28,1597494487,1597494481,6
2020/8/15 19:27,1597494427,1597494427,0
2020/8/15 19:26,1597494367,1597494325,42
2020/8/15 19:25,1597494307,1597494274,33
2020/8/15 19:24,1597494247,1597494244,3
2020/8/15 19:23,1597494187,1597494173,14
2020/8/15 19:22,1597494127,1597494129,-2
2020/8/15 19:21,1597494067,1597494041,26
2020/8/15 19:20,1597494007,1597493999,8
2020/8/15 19:19,1597493947,1597493898,49
2020/8/15 19:18,1597493887,1597493806,81
2020/8/15 19:17,1597493827,1597493806,21
2020/8/15 19:16,1597493767,1597493715,52
2020/8/15 19:15,1597493707,1597493684,23
2020/8/15 19:14,1597493647,1597493593,54
2020/8/15 19:13,1597493587,1597493542,45
2020/8/15 19:12,1597493528,1597493513,15
2020/8/15 19:11,1597493467,1597493437,30
2020/8/15 19:10,1597493407,1597493389,18
2020/8/15 19:09,1597493347,1597493255,92
2020/8/15 19:08,1597493287,1597493255,32
2020/8/15 19:07,1597493227,1597493228,-1
2020/8/15 19:06,1597493167,1597493075,92
2020/8/15 19:05,1597493107,1597493075,32
2020/8/15 19:04,1597493047,1597492867,180
2020/8/15 19:03,1597492987,1597492867,120
2020/8/15 19:02,1597492927,1597492867,60
2020/8/15 19:01,1597492867,1597492867,0
2020/8/15 19:00,1597492807,1597492574,233
2020/8/15 18:59,1597492747,1597492574,173
2020/8/15 18:58,1597492687,1597492574,113
2020/8/15 18:57,1597492627,1597492574,53
2020/8/15 18:56,1597492567,1597492234,333
2020/8/15 18:55,1597492507,1597492234,273
2020/8/15 18:54,1597492447,1597492234,213
2020/8/15 18:53,1597492387,1597492234,153
2020/8/15 18:52,1597492327,1597492234,93
2020/8/15 18:51,1597492267,1597492234,33
2020/8/15 18:50,1597492207,1597492080,127
2020/8/15 18:49,1597492147,1597492080,67
2020/8/15 18:48,1597492087,1597492080,7
2020/8/15 18:47,1597492027,1597492024,3
2020/8/15 18:46,1597491967,1597491909,58
2020/8/15 18:45,1597491907,1597491909,-2
2020/8/15 18:44,1597491847,1597491838,9
2020/8/15 18:43,1597491787,1597491777,10
2020/8/15 18:42,1597491727,1597491700,27
2020/8/15 18:41,1597491667,1597491660,7
2020/8/15 18:40,1597491607,1597491571,36
2020/8/15 18:39,1597491547,1597491512,35
2020/8/15 18:38,1597491487,1597491460,27
2020/8/15 18:37,1597491427,1597491429,-2
2020/8/15 18:36,1597491367,1597491360,7
2020/8/15 18:35,1597491307,1597491247,60
2020/8/15 18:34,1597491247,1597491247,0
2020/8/15 18:33,1597491187,1597491180,7
2020/8/15 18:32,1597491127,1597491044,83
2020/8/15 18:31,1597491067,1597491044,23
2020/8/15 18:30,1597491007,1597490995,12
2020/8/15 18:29,1597490947,1597490947,0
2020/8/15 18:28,1597490887,1597490880,7
2020/8/15 18:27,1597490827,1597490824,3
2020/8/15 18:26,1597490767,1597490767,0
2020/8/15 18:25,1597490707,1597490687,20
2020/8/15 18:24,1597490647,1597490636,11
2020/8/15 18:23,1597490587,1597490558,29
2020/8/15 18:22,1597490527,1597490515,12
2020/8/15 18:21,1597490467,1597490464,3
2020/8/15 18:20,1597490407,1597490382,25
2020/8/15 18:19,1597490347,1597490342,5
2020/8/15 18:18,1597490287,1597490240,47
2020/8/15 18:17,1597490227,1597490108,119
2020/8/15 18:16,1597490167,1597490108,59
2020/8/15 18:15,1597490107,1597490108,-1
2020/8/15 18:14,1597490047,1597490026,21
2020/8/15 18:13,1597489987,1597489955,32
2020/8/15 18:12,1597489927,1597489914,13
2020/8/15 18:11,1597489867,1597489819,48
2020/8/15 18:10,1597489807,1597489782,25
2020/8/15 18:09,1597489747,1597489711,36
2020/8/15 18:08,1597489687,1597489670,17
2020/8/15 18:07,1597489627,1597489568,59
2020/8/15 18:06,1597489567,1597489568,-1
2020/8/15 18:05,1597489507,1597489479,28
2020/8/15 18:04,1597489447,1597489436,11
2020/8/15 18:03,1597489387,1597489374,13
2020/8/15 18:02,1597489327,1597489328,-1
2020/8/15 18:01,1597489267,1597489220,47
2020/8/15 18:00,1597489207,1597489205,2
2020/8/15 17:59,1597489147,1597489130,17
2020/8/15 17:58,1597489087,1597489059,28
2020/8/15 17:57,1597489027,1597488978,49
2020/8/15 17:56,1597488967,1597488957,10
2020/8/15 17:55,1597488907,1597488893,14
2020/8/15 17:54,1597488847,1597488836,11
2020/8/15 17:53,1597488787,1597488765,22
2020/8/15 17:52,1597488727,1597488664,63
2020/8/15 17:51,1597488667,1597488664,3
2020/8/15 17:50,1597488608,1597488562,46
2020/8/15 17:49,1597488547,1597488460,87
2020/8/15 17:48,1597488487,1597488460,27
2020/8/15 17:47,1597488427,1597488408,19
2020/8/15 17:46,1597488367,1597488277,90
2020/8/15 17:45,1597488307,1597488277,30
2020/8/15 17:44,1597488247,1597488175,72
2020/8/15 17:43,1597488187,1597488175,12
2020/8/15 17:42,1597488127,1597488094,33
2020/8/15 17:41,1597488067,1597488023,44
2020/8/15 17:40,1597488007,1597488009,-2
2020/8/15 17:39,1597487947,1597487931,16
2020/8/15 17:38,1597487887,1597487889,-2
2020/8/15 17:37,1597487827,1597487809,18
2020/8/15 17:36,1597487767,1597487761,6
2020/8/15 17:35,1597487707,1597487708,-1
2020/8/15 17:34,1597487647,1597487647,0
2020/8/15 17:33,1597487587,1597487584,3
2020/8/15 17:32,1597487527,1597487529,-2
2020/8/15 17:31,1597487467,1597487462,5
2020/8/15 17:30,1597487407,1597487382,25
2020/8/15 17:29,1597487347,1597487339,8
2020/8/15 17:28,1597487287,1597487263,24
2020/8/15 17:27,1597487227,1597487228,-1
2020/8/15 17:26,1597487167,1597487163,4
2020/8/15 17:25,1597487107,1597487076,31
2020/8/15 17:24,1597487047,1597487011,36
2020/8/15 17:23,1597486987,1597486974,13
2020/8/15 17:22,1597486927,1597486922,5
2020/8/15 17:21,1597486867,1597486856,11
2020/8/15 17:20,1597486807,1597486777,30
2020/8/15 17:19,1597486747,1597486747,0
2020/8/15 17:18,1597486687,1597486675,12
2020/8/15 17:17,1597486627,1597486582,45
2020/8/15 17:16,1597486568,1597486552,16
2020/8/15 17:15,1597486507,1597486468,39
2020/8/15 17:14,1597486447,1597486386,61
2020/8/15 17:13,1597486387,1597486386,1
2020/8/15 17:12,1597486327,1597486294,33
2020/8/15 17:11,1597486267,1597486253,14
2020/8/15 17:10,1597486207,1597486202,5
2020/8/15 17:09,1597486147,1597486129,18
2020/8/15 17:08,1597486087,1597486056,31
2020/8/15 17:07,1597486027,1597486018,9
2020/8/15 17:06,1597485967,1597485944,23
2020/8/15 17:05,1597485907,1597485854,53
2020/8/15 17:04,1597485847,1597485824,23
2020/8/15 17:03,1597485787,1597485789,-2
2020/8/15 17:02,1597485727,1597485668,59
2020/8/15 17:01,1597485667,1597485668,-1
2020/8/15 17:00,1597485607,1597485552,55
2020/8/15 16:59,1597485547,1597485542,5
2020/8/15 16:58,1597485487,1597485485,2
2020/8/15 16:57,1597485427,1597485414,13
2020/8/15 16:56,1597485367,1597485346,21
2020/8/15 16:55,1597485307,1597485305,2
2020/8/15 16:54,1597485247,1597485212,35
2020/8/15 16:53,1597485187,1597485171,16
2020/8/15 16:52,1597485127,1597485120,7
2020/8/15 16:51,1597485067,1597485038,29
2020/8/15 16:50,1597485007,1597484976,31
2020/8/15 16:49,1597484947,1597484925,22
2020/8/15 16:48,1597484887,1597484874,13
2020/8/15 16:47,1597484827,1597484797,30
2020/8/15 16:46,1597484767,1597484718,49
2020/8/15 16:45,1597484707,1597484704,3
2020/8/15 16:44,1597484647,1597484562,85
2020/8/15 16:43,1597484587,1597484562,25
2020/8/15 16:42,1597484527,1597484486,41
2020/8/15 16:41,1597484467,1597484469,-2
2020/8/15 16:40,1597484407,1597484406,1
2020/8/15 16:39,1597484347,1597484334,13
2020/8/15 16:38,1597484287,1597484263,24
2020/8/15 16:37,1597484227,1597484149,78
2020/8/15 16:36,1597484167,1597484149,18
2020/8/15 16:35,1597484107,1597484108,-1
2020/8/15 16:34,1597484047,1597484046,1
2020/8/15 16:33,1597483987,1597483977,10
2020/8/15 16:32,1597483927,1597483882,45
2020/8/15 16:31,1597483867,1597483861,6
2020/8/15 16:30,1597483807,1597483809,-2
2020/8/15 16:29,1597483747,1597483728,19
2020/8/15 16:28,1597483687,1597483673,14
2020/8/15 16:27,1597483627,1597483615,12
2020/8/15 16:26,1597483567,1597483501,66
2020/8/15 16:25,1597483507,1597483501,6
2020/8/15 16:24,1597483447,1597483419,28
2020/8/15 16:23,1597483387,1597483363,24
2020/8/15 16:22,1597483327,1597483305,22
2020/8/15 16:21,1597483267,1597483263,4
2020/8/15 16:20,1597483207,1597483190,17
2020/8/15 16:19,1597483147,1597483118,29
2020/8/15 16:18,1597483087,1597483077,10
2020/8/15 16:17,1597483027,1597483011,16
2020/8/15 16:16,1597482967,1597482952,15
2020/8/15 16:15,1597482907,1597482879,28
2020/8/15 16:14,1597482847,1597482776,71
2020/8/15 16:13,1597482787,1597482776,11
2020/8/15 16:12,1597482727,1597482605,122
2020/8/15 16:11,1597482667,1597482605,62
2020/8/15 16:10,1597482607,1597482605,2
2020/8/15 16:09,1597482547,1597482547,0
2020/8/15 16:08,1597482487,1597482406,81
2020/8/15 16:07,1597482427,1597482406,21
2020/8/15 16:06,1597482367,1597482324,43
2020/8/15 16:05,1597482307,1597482253,54
2020/8/15 16:04,1597482247,1597482162,85
2020/8/15 16:03,1597482187,1597482162,25
2020/8/15 16:02,1597482127,1597482060,67
2020/8/15 16:01,1597482067,1597482060,7
2020/8/15 16:00,1597482007,1597481999,8
2020/8/15 15:59,1597481947,1597481873,74
2020/8/15 15:58,1597481887,1597481873,14
2020/8/15 15:57,1597481827,1597481808,19
2020/8/15 15:56,1597481767,1597481759,8
2020/8/15 15:55,1597481707,1597481671,36
2020/8/15 15:54,1597481647,1597481643,4
2020/8/15 15:53,1597481587,1597481582,5
2020/8/15 15:52,1597481527,1597481465,62
2020/8/15 15:51,1597481467,1597481465,2
2020/8/15 15:50,1597481407,1597481400,7
2020/8/15 15:49,1597481347,1597481319,28
2020/8/15 15:48,1597481287,1597481288,-1
2020/8/15 15:47,1597481227,1597481205,22
2020/8/15 15:46,1597481167,1597481167,0
2020/8/15 15:45,1597481107,1597480944,163
2020/8/15 15:44,1597481047,1597480944,103
2020/8/15 15:43,1597480987,1597480944,43
2020/8/15 15:42,1597480927,1597480872,55
2020/8/15 15:41,1597480867,1597480837,30
2020/8/15 15:40,1597480807,1597480796,11
2020/8/15 15:39,1597480747,1597480740,7
2020/8/15 15:38,1597480687,1597480676,11
2020/8/15 15:37,1597480627,1597480619,8
2020/8/15 15:36,1597480567,1597480558,9
2020/8/15 15:35,1597480507,1597480487,20
2020/8/15 15:34,1597480447,1597480435,12
2020/8/15 15:33,1597480387,1597480375,12
2020/8/15 15:32,1597480327,1597480327,0
2020/8/15 15:31,1597480267,1597480172,95
2020/8/15 15:30,1597480207,1597480172,35
2020/8/15 15:29,1597480147,1597480070,77
2020/8/15 15:28,1597480087,1597480070,17
2020/8/15 15:27,1597480027,1597479989,38
2020/8/15 15:26,1597479967,1597479965,2
2020/8/15 15:25,1597479907,1597479907,0
2020/8/15 15:24,1597479847,1597479806,41
2020/8/15 15:23,1597479787,1597479774,13
2020/8/15 15:22,1597479727,1597479663,64
2020/8/15 15:21,1597479667,1597479663,4
2020/8/15 15:20,1597479607,1597479589,18
2020/8/15 15:19,1597479547,1597479541,6
2020/8/15 15:18,1597479487,1597479471,16
2020/8/15 15:17,1597479427,1597479379,48
2020/8/15 15:16,1597479367,1597479338,29
2020/8/15 15:15,1597479307,1597479279,28
2020/8/15 15:14,1597479247,1597479226,21
2020/8/15 15:13,1597479187,1597479185,2
2020/8/15 15:12,1597479127,1597479074,53
2020/8/15 15:11,1597479067,1597479054,13
2020/8/15 15:10,1597479007,1597479003,4
2020/8/15 15:09,1597478947,1597478901,46
2020/8/15 15:08,1597478887,1597478830,57
2020/8/15 15:07,1597478827,1597478800,27
2020/8/15 15:06,1597478767,1597478728,39
2020/8/15 15:05,1597478707,1597478708,-1
2020/8/15 15:04,1597478647,1597478596,51
2020/8/15 15:03,1597478588,1597478464,124
2020/8/15 15:02,1597478527,1597478464,63
2020/8/15 15:01,1597478467,1597478464,3
2020/8/15 15:00,1597478407,1597478382,25
2020/8/15 14:59,1597478347,1597478346,1
2020/8/15 14:58,1597478287,1597478271,16
2020/8/15 14:57,1597478227,1597478220,7
2020/8/15 14:56,1597478167,1597478159,8
2020/8/15 14:55,1597478107,1597478104,3
2020/8/15 14:54,1597478047,1597478037,10
2020/8/15 14:53,1597477987,1597477956,31
2020/8/15 14:52,1597477927,1597477925,2
2020/8/15 14:51,1597477867,1597477859,8
2020/8/15 14:50,1597477807,1597477804,3
2020/8/15 14:49,1597477747,1597477743,4
2020/8/15 14:48,1597477687,1597477671,16
2020/8/15 14:47,1597477627,1597477628,-1
2020/8/15 14:46,1597477567,1597477550,17
2020/8/15 14:45,1597477507,1597477499,8
2020/8/15 14:44,1597477447,1597477438,9
2020/8/15 14:43,1597477387,1597477375,12
2020/8/15 14:42,1597477327,1597477328,-1
2020/8/15 14:41,1597477267,1597477243,24
2020/8/15 14:40,1597477207,1597477202,5
2020/8/15 14:39,1597477147,1597477002,145
2020/8/15 14:38,1597477087,1597477002,85
2020/8/15 14:37,1597477027,1597477002,25
2020/8/15 14:36,1597476967,1597476941,26
2020/8/15 14:35,1597476907,1597476860,47
2020/8/15 14:34,1597476847,1597476809,38
2020/8/15 14:33,1597476787,1597476728,59
2020/8/15 14:32,1597476727,1597476728,-1
2020/8/15 14:31,1597476667,1597476657,10
2020/8/15 14:30,1597476607,1597476555,52
2020/8/15 14:29,1597476547,1597476474,73
2020/8/15 14:28,1597476487,1597476474,13
2020/8/15 14:27,1597476427,1597476425,2
2020/8/15 14:26,1597476367,1597476364,3
2020/8/15 14:25,1597476307,1597476261,46
2020/8/15 14:24,1597476247,1597476160,87
2020/8/15 14:23,1597476187,1597476160,27
2020/8/15 14:22,1597476127,1597476068,59
2020/8/15 14:21,1597476067,1597476068,-1
2020/8/15 14:20,1597476007,1597475957,50
2020/8/15 14:19,1597475947,1597475915,32
2020/8/15 14:18,1597475887,1597475886,1
2020/8/15 14:17,1597475827,1597475817,10
2020/8/15 14:16,1597475767,1597475750,17
2020/8/15 14:15,1597475707,1597475708,-1
2020/8/15 14:14,1597475647,1597475612,35
2020/8/15 14:13,1597475587,1597475580,7
2020/8/15 14:12,1597475527,1597475521,6
2020/8/15 14:11,1597475467,1597475457,10
2020/8/15 14:10,1597475407,1597475388,19
2020/8/15 14:09,1597475347,1597475327,20
2020/8/15 14:08,1597475287,1597475205,82
2020/8/15 14:07,1597475227,1597475205,22
2020/8/15 14:06,1597475167,1597474921,246
2020/8/15 14:05,1597475107,1597474921,186
2020/8/15 14:04,1597475047,1597474921,126
2020/8/15 14:03,1597474987,1597474921,66
2020/8/15 14:02,1597474927,1597474921,6
2020/8/15 14:01,1597474867,1597474790,77
2020/8/15 14:00,1597474807,1597474790,17
2020/8/15 13:59,1597474747,1597474746,1
2020/8/15 13:58,1597474687,1597474647,40
2020/8/15 13:57,1597474627,1597474627,0
2020/8/15 13:56,1597474567,1597474557,10
2020/8/15 13:55,1597474507,1597474502,5
2020/8/15 13:54,1597474447,1597474444,3
2020/8/15 13:53,1597474387,1597474355,32
2020/8/15 13:52,1597474327,1597474315,12
2020/8/15 13:51,1597474267,1597474260,7
2020/8/15 13:50,1597474207,1597474077,130
2020/8/15 13:49,1597474147,1597474077,70
2020/8/15 13:48,1597474087,1597474077,10
2020/8/15 13:47,1597474027,1597474016,11
2020/8/15 13:46,1597473967,1597473969,-2
2020/8/15 13:45,1597473907,1597473853,54
2020/8/15 13:44,1597473847,1597473833,14
2020/8/15 13:43,1597473787,1597473783,4
2020/8/15 13:42,1597473727,1597473715,12
2020/8/15 13:41,1597473667,1597473619,48
2020/8/15 13:40,1597473607,1597473518,89
2020/8/15 13:39,1597473547,1597473518,29
2020/8/15 13:38,1597473487,1597473488,-1
2020/8/15 13:37,1597473427,1597473428,-1
2020/8/15 13:36,1597473367,1597473315,52
2020/8/15 13:35,1597473307,1597473254,53
2020/8/15 13:34,1597473247,1597473183,64
2020/8/15 13:33,1597473187,1597473183,4
2020/8/15 13:32,1597473127,1597473081,46
2020/8/15 13:31,1597473067,1597473068,-1
2020/8/15 13:30,1597473007,1597472980,27
2020/8/15 13:29,1597472947,1597472888,59
2020/8/15 13:28,1597472887,1597472888,-1
2020/8/15 13:27,1597472827,1597472789,38
2020/8/15 13:26,1597472767,1597472757,10
2020/8/15 13:25,1597472707,1597472675,32
2020/8/15 13:24,1597472647,1597472637,10
2020/8/15 13:23,1597472587,1597472551,36
2020/8/15 13:22,1597472527,1597472512,15
2020/8/15 13:21,1597472467,1597472467,0
2020/8/15 13:20,1597472407,1597472360,47
2020/8/15 13:19,1597472347,1597472309,38
2020/8/15 13:18,1597472287,1597472278,9
2020/8/15 13:17,1597472227,1597472217,10
2020/8/15 13:16,1597472167,1597472156,11
2020/8/15 13:15,1597472107,1597472075,32
2020/8/15 13:14,1597472047,1597472049,-2
2020/8/15 13:13,1597471987,1597471982,5
2020/8/15 13:12,1597471927,1597471903,24
2020/8/15 13:11,1597471867,1597471740,127
2020/8/15 13:10,1597471807,1597471740,67
2020/8/15 13:09,1597471747,1597471740,7
2020/8/15 13:08,1597471687,1597471607,80
2020/8/15 13:07,1597471627,1597471607,20
2020/8/15 13:06,1597471567,1597471547,20
2020/8/15 13:05,1597471507,1597471492,15
2020/8/15 13:04,1597471447,1597471414,33
2020/8/15 13:03,1597471387,1597471241,146
2020/8/15 13:02,1597471327,1597471241,86
2020/8/15 13:01,1597471267,1597471241,26
2020/8/15 13:00,1597471207,1597471129,78
2020/8/15 12:59,1597471147,1597471129,18
2020/8/15 12:58,1597471087,1597471055,32
2020/8/15 12:57,1597471027,1597471007,20
2020/8/15 12:56,1597470967,1597470968,-1
2020/8/15 12:55,1597470907,1597470862,45
2020/8/15 12:54,1597470847,1597470847,0
2020/8/15 12:53,1597470787,1597470753,34
2020/8/15 12:52,1597470727,1597470652,75
2020/8/15 12:51,1597470667,1597470652,15
2020/8/15 12:50,1597470607,1597470601,6
2020/8/15 12:49,1597470547,1597470520,27
2020/8/15 12:48,1597470487,1597470489,-2
2020/8/15 12:47,1597470427,1597470408,19
2020/8/15 12:46,1597470367,1597470347,20
2020/8/15 12:45,1597470307,1597470304,3
2020/8/15 12:44,1597470247,1597470249,-2
2020/8/15 12:43,1597470187,1597470103,84
2020/8/15 12:42,1597470127,1597470103,24
2020/8/15 12:41,1597470067,1597470063,4
2020/8/15 12:40,1597470007,1597469964,43
2020/8/15 12:39,1597469947,1597469941,6
2020/8/15 12:38,1597469887,1597469880,7
2020/8/15 12:37,1597469827,1597469798,29
2020/8/15 12:36,1597469767,1597469738,29
2020/8/15 12:35,1597469707,1597469709,-2
2020/8/15 12:34,1597469647,1597469616,31
2020/8/15 12:33,1597469587,1597469586,1
2020/8/15 12:32,1597469527,1597469474,53
2020/8/15 12:31,1597469467,1597469453,14
2020/8/15 12:30,1597469407,1597469403,4
2020/8/15 12:29,1597469347,1597469341,6
2020/8/15 12:28,1597469287,1597469230,57
2020/8/15 12:27,1597469228,1597469168,60
2020/8/15 12:26,1597469167,1597469168,-1
2020/8/15 12:25,1597469107,1597469098,9
2020/8/15 12:24,1597469047,1597469041,6
2020/8/15 12:23,1597468987,1597468950,37
2020/8/15 12:22,1597468927,1597468904,23
2020/8/15 12:21,1597468867,1597468854,13
2020/8/15 12:20,1597468807,1597468806,1
2020/8/15 12:19,1597468747,1597468731,16
2020/8/15 12:18,1597468687,1597468650,37
2020/8/15 12:17,1597468627,1597468616,11
2020/8/15 12:16,1597468567,1597468558,9
2020/8/15 12:15,1597468507,1597468508,-1
2020/8/15 12:14,1597468447,1597468416,31
2020/8/15 12:13,1597468387,1597468365,22
2020/8/15 12:12,1597468327,1597468322,5
2020/8/15 12:11,1597468267,1597468253,14
2020/8/15 12:10,1597468207,1597468162,45
2020/8/15 12:09,1597468147,1597468111,36
2020/8/15 12:08,1597468087,1597468030,57
2020/8/15 12:07,1597468027,1597467868,159
2020/8/15 12:06,1597467967,1597467868,99
2020/8/15 12:05,1597467907,1597467868,39
2020/8/15 12:04,1597467847,1597467807,40
2020/8/15 12:03,1597467787,1597467746,41
2020/8/15 12:02,1597467727,1597467705,22
2020/8/15 12:01,1597467667,1597467634,33
2020/8/15 12:00,1597467607,1597467607,0
2020/8/15 11:59,1597467547,1597467522,25
2020/8/15 11:58,1597467487,1597467462,25
2020/8/15 11:57,1597467427,1597467421,6
2020/8/15 11:56,1597467368,1597467350,18
2020/8/15 11:55,1597467307,1597467307,0
2020/8/15 11:54,1597467247,1597467249,-2
2020/8/15 11:53,1597467187,1597467178,9
2020/8/15 11:52,1597467127,1597467117,10
2020/8/15 11:51,1597467067,1597467016,51
2020/8/15 11:50,1597467007,1597467008,-1
2020/8/15 11:49,1597466947,1597466924,23
2020/8/15 11:48,1597466887,1597466864,23
2020/8/15 11:47,1597466827,1597466802,25
2020/8/15 11:46,1597466767,1597466727,40
2020/8/15 11:45,1597466707,1597466682,25
2020/8/15 11:44,1597466647,1597466641,6
2020/8/15 11:43,1597466587,1597466587,0
2020/8/15 11:42,1597466527,1597466528,-1
2020/8/15 11:41,1597466467,1597466447,20
2020/8/15 11:40,1597466407,1597466365,42
2020/8/15 11:39,1597466347,1597466339,8
2020/8/15 11:38,1597466287,1597466253,34
2020/8/15 11:37,1597466227,1597466206,21
2020/8/15 11:36,1597466167,1597466161,6
2020/8/15 11:35,1597466107,1597466097,10
2020/8/15 11:34,1597466047,1597466015,32
2020/8/15 11:33,1597465987,1597465976,11
2020/8/15 11:32,1597465927,1597465846,81
2020/8/15 11:31,1597465867,1597465846,21
2020/8/15 11:30,1597465807,1597465683,124
2020/8/15 11:29,1597465747,1597465683,64
2020/8/15 11:28,1597465687,1597465683,4
2020/8/15 11:27,1597465627,1597465592,35
2020/8/15 11:26,1597465567,1597465561,6
2020/8/15 11:25,1597465507,1597465488,19
2020/8/15 11:24,1597465447,1597465443,4
2020/8/15 11:23,1597465387,1597465347,40
2020/8/15 11:22,1597465327,1597465324,3
2020/8/15 11:21,1597465267,1597465246,21
2020/8/15 11:20,1597465207,1597465185,22
2020/8/15 11:19,1597465147,1597465148,-1
2020/8/15 11:18,1597465087,1597465084,3
2020/8/15 11:17,1597465027,1597465025,2
2020/8/15 11:16,1597464967,1597464961,6
2020/8/15 11:15,1597464907,1597464880,27
2020/8/15 11:14,1597464847,1597464819,28
2020/8/15 11:13,1597464787,1597464758,29
2020/8/15 11:12,1597464727,1597464616,111
2020/8/15 11:11,1597464667,1597464616,51
2020/8/15 11:10,1597464607,1597464575,32
2020/8/15 11:09,1597464547,1597464495,52
2020/8/15 11:08,1597464487,1597464312,175
2020/8/15 11:07,1597464427,1597464312,115
2020/8/15 11:06,1597464367,1597464312,55
2020/8/15 11:05,1597464307,1597464251,56
2020/8/15 11:04,1597464247,1597464170,77
2020/8/15 11:03,1597464187,1597464170,17
2020/8/15 11:02,1597464127,1597464036,91
2020/8/15 11:01,1597464067,1597464036,31
2020/8/15 11:00,1597464007,1597463947,60
2020/8/15 10:59,1597463947,1597463947,0
2020/8/15 10:58,1597463887,1597463879,8
2020/8/15 10:57,1597463827,1597463703,124
2020/8/15 10:56,1597463767,1597463703,64
2020/8/15 10:55,1597463707,1597463703,4
2020/8/15 10:54,1597463647,1597463602,45
2020/8/15 10:53,1597463587,1597463585,2
2020/8/15 10:52,1597463527,1597463498,29
2020/8/15 10:51,1597463467,1597463468,-1
2020/8/15 10:50,1597463407,1597463409,-2
2020/8/15 10:49,1597463347,1597463347,0
2020/8/15 10:48,1597463287,1597463249,38
2020/8/15 10:47,1597463227,1597463228,-1
2020/8/15 10:46,1597463167,1597463125,42
2020/8/15 10:45,1597463107,1597463054,53
2020/8/15 10:44,1597463047,1597463033,14
2020/8/15 10:43,1597462987,1597462962,25
2020/8/15 10:42,1597462927,1597462831,96
2020/8/15 10:41,1597462867,1597462831,36
2020/8/15 10:40,1597462807,1597462760,47
2020/8/15 10:39,1597462747,1597462709,38
2020/8/15 10:38,1597462687,1597462665,22
2020/8/15 10:37,1597462627,1597462618,9
2020/8/15 10:36,1597462567,1597462536,31
2020/8/15 10:35,1597462507,1597462486,21
2020/8/15 10:34,1597462447,1597462445,2
2020/8/15 10:33,1597462387,1597462376,11
2020/8/15 10:32,1597462327,1597462271,56
2020/8/15 10:31,1597462267,1597462221,46
2020/8/15 10:30,1597462207,1597462133,74
2020/8/15 10:29,1597462147,1597462133,14
2020/8/15 10:28,1597462087,1597462089,-2
2020/8/15 10:27,1597462027,1597462008,19
2020/8/15 10:26,1597461967,1597461957,10
2020/8/15 10:25,1597461907,1597461885,22
2020/8/15 10:24,1597461847,1597461831,16
2020/8/15 10:23,1597461787,1597461784,3
2020/8/15 10:22,1597461727,1597461689,38
2020/8/15 10:21,1597461667,1597461652,15
2020/8/15 10:20,1597461607,1597461580,27
2020/8/15 10:19,1597461547,1597461447,100
2020/8/15 10:18,1597461487,1597461447,40
2020/8/15 10:17,1597461427,1597461427,0
2020/8/15 10:16,1597461367,1597461325,42
2020/8/15 10:15,1597461307,1597461027,280
2020/8/15 10:14,1597461247,1597461027,220
2020/8/15 10:13,1597461187,1597461027,160
2020/8/15 10:12,1597461127,1597461027,100
2020/8/15 10:11,1597461067,1597461027,40
2020/8/15 10:10,1597461007,1597461008,-1
2020/8/15 10:09,1597460947,1597460929,18
2020/8/15 10:08,1597460887,1597460877,10
2020/8/15 10:07,1597460827,1597460786,41
2020/8/15 10:06,1597460767,1597460695,72
2020/8/15 10:05,1597460707,1597460695,12
2020/8/15 10:04,1597460647,1597460644,3
2020/8/15 10:03,1597460587,1597460542,45
2020/8/15 10:02,1597460527,1597460526,1
2020/8/15 10:01,1597460467,1597460459,8
2020/8/15 10:00,1597460407,1597460390,17
2020/8/15 09:59,1597460347,1597460319,28
2020/8/15 09:58,1597460287,1597460268,19
2020/8/15 09:57,1597460227,1597460228,-1
2020/8/15 09:56,1597460167,1597460164,3
2020/8/15 09:55,1597460107,1597460054,53
2020/8/15 09:54,1597460047,1597459983,64
2020/8/15 09:53,1597459987,1597459983,4
2020/8/15 09:52,1597459927,1597459922,5
2020/8/15 09:51,1597459867,1597459836,31
2020/8/15 09:50,1597459807,1597459799,8
2020/8/15 09:49,1597459747,1597459739,8
2020/8/15 09:48,1597459687,1597459689,-2
2020/8/15 09:47,1597459627,1597459616,11
2020/8/15 09:46,1597459567,1597459535,32
2020/8/15 09:45,1597459507,1597459444,63
2020/8/15 09:44,1597459447,1597459444,3
2020/8/15 09:43,1597459387,1597459301,86
2020/8/15 09:42,1597459327,1597459301,26
2020/8/15 09:41,1597459267,1597459199,68
2020/8/15 09:40,1597459207,1597459199,8
2020/8/15 09:39,1597459147,1597459108,39
2020/8/15 09:38,1597459087,1597459082,5
2020/8/15 09:37,1597459027,1597459018,9
2020/8/15 09:36,1597458968,1597458955,13
2020/8/15 09:35,1597458907,1597458854,53
2020/8/15 09:34,1597458847,1597458783,64
2020/8/15 09:33,1597458787,1597458783,4
2020/8/15 09:32,1597458727,1597458661,66
2020/8/15 09:31,1597458667,1597458661,6
2020/8/15 09:30,1597458607,1597458549,58
2020/8/15 09:29,1597458547,1597458549,-2
2020/8/15 09:28,1597458487,1597458438,49
2020/8/15 09:27,1597458427,1597458411,16
2020/8/15 09:26,1597458367,1597458346,21
2020/8/15 09:25,1597458307,1597458296,11
2020/8/15 09:24,1597458247,1597458234,13
2020/8/15 09:23,1597458187,1597458185,2
2020/8/15 09:22,1597458127,1597458092,35
2020/8/15 09:21,1597458067,1597458041,26
2020/8/15 09:20,1597458007,1597457980,27
2020/8/15 09:19,1597457947,1597457909,38
2020/8/15 09:18,1597457887,1597457869,18
2020/8/15 09:17,1597457827,1597457801,26
2020/8/15 09:16,1597457767,1597457764,3
2020/8/15 09:15,1597457707,1597457705,2
2020/8/15 09:14,1597457647,1597457644,3
2020/8/15 09:13,1597457587,1597457565,22
2020/8/15 09:12,1597457527,1597457510,17
2020/8/15 09:11,1597457467,1597457450,17
2020/8/15 09:10,1597457407,1597457369,38
2020/8/15 09:09,1597457347,1597457300,47
2020/8/15 09:08,1597457287,1597457289,-2
2020/8/15 09:07,1597457227,1597457218,9
2020/8/15 09:06,1597457167,1597457163,4
2020/8/15 09:05,1597457107,1597457084,23
2020/8/15 09:04,1597457047,1597457049,-2
2020/8/15 09:03,1597456987,1597456958,29
2020/8/15 09:02,1597456927,1597456926,1
2020/8/15 09:01,1597456867,1597456835,32
2020/8/15 09:00,1597456807,1597456702,105
2020/8/15 08:59,1597456747,1597456702,45
2020/8/15 08:58,1597456687,1597456630,57
2020/8/15 08:57,1597456627,1597456561,66
2020/8/15 08:56,1597456567,1597456561,6
2020/8/15 08:55,1597456507,1597456477,30
2020/8/15 08:54,1597456447,1597456438,9
2020/8/15 08:53,1597456387,1597456389,-2
2020/8/15 08:52,1597456327,1597456318,9
2020/8/15 08:51,1597456267,1597456245,22
2020/8/15 08:50,1597456207,1597456204,3
2020/8/15 08:49,1597456147,1597456129,18
2020/8/15 08:48,1597456087,1597456057,30
2020/8/15 08:47,1597456027,1597455970,57
2020/8/15 08:46,1597455967,1597455893,74
2020/8/15 08:45,1597455907,1597455893,14
2020/8/15 08:44,1597455847,1597455832,15
2020/8/15 08:43,1597455787,1597455787,0
2020/8/15 08:42,1597455727,1597455659,68
2020/8/15 08:41,1597455667,1597455659,8
2020/8/15 08:40,1597455607,1597455605,2
2020/8/15 08:39,1597455547,1597455487,60
2020/8/15 08:38,1597455487,1597455487,0
2020/8/15 08:37,1597455427,1597455425,2
2020/8/15 08:36,1597455367,1597455369,-2
2020/8/15 08:35,1597455307,1597455292,15
2020/8/15 08:34,1597455247,1597455229,18
2020/8/15 08:33,1597455187,1597455158,29
2020/8/15 08:32,1597455127,1597455076,51
2020/8/15 08:31,1597455068,1597455046,22
2020/8/15 08:30,1597455007,1597454957,50
2020/8/15 08:29,1597454947,1597454924,23
2020/8/15 08:28,1597454887,1597454822,65
2020/8/15 08:27,1597454827,1597454822,5
2020/8/15 08:26,1597454767,1597454720,47
2020/8/15 08:25,1597454707,1597454650,57
2020/8/15 08:24,1597454647,1597454599,48
2020/8/15 08:23,1597454587,1597454537,50
2020/8/15 08:22,1597454527,1597454451,76
2020/8/15 08:21,1597454467,1597454451,16
2020/8/15 08:20,1597454407,1597454363,44
2020/8/15 08:19,1597454347,1597454310,37
2020/8/15 08:18,1597454287,1597454286,1
2020/8/15 08:17,1597454227,1597454190,37
2020/8/15 08:16,1597454167,1597454163,4
2020/8/15 08:15,1597454107,1597454094,13
2020/8/15 08:14,1597454047,1597454047,0
2020/8/15 08:13,1597453987,1597453853,134
2020/8/15 08:12,1597453927,1597453853,74
2020/8/15 08:11,1597453867,1597453853,14
2020/8/15 08:10,1597453807,1597453721,86
2020/8/15 08:09,1597453747,1597453721,26
2020/8/15 08:08,1597453687,1597453680,7
2020/8/15 08:07,1597453627,1597453629,-2
2020/8/15 08:06,1597453567,1597453517,50
2020/8/15 08:05,1597453507,1597453456,51
2020/8/15 08:04,1597453447,1597453404,43
2020/8/15 08:03,1597453387,1597453312,75
2020/8/15 08:02,1597453327,1597453312,15
2020/8/15 08:01,1597453267,1597453261,6
2020/8/15 08:00,1597453207,1597453207,0
2020/8/15 07:59,1597453147,1597453139,8
2020/8/15 07:58,1597453087,1597453078,9
2020/8/15 07:57,1597453027,1597452996,31
2020/8/15 07:56,1597452967,1597452937,30
2020/8/15 07:55,1597452907,1597452904,3
2020/8/15 07:54,1597452847,1597452752,95
2020/8/15 07:53,1597452787,1597452752,35
2020/8/15 07:52,1597452728,1597452665,63
2020/8/15 07:51,1597452667,1597452665,2
2020/8/15 07:50,1597452607,1597452580,27
2020/8/15 07:49,1597452547,1597452526,21
2020/8/15 07:48,1597452487,1597452488,-1
2020/8/15 07:47,1597452427,1597452407,20
2020/8/15 07:46,1597452367,1597452355,12
2020/8/15 07:45,1597452307,1597452304,3
2020/8/15 07:44,1597452247,1597452245,2
2020/8/15 07:43,1597452187,1597452183,4
2020/8/15 07:42,1597452127,1597452100,27
2020/8/15 07:41,1597452067,1597451967,100
2020/8/15 07:40,1597452008,1597451967,41
2020/8/15 07:39,1597451947,1597451946,1
2020/8/15 07:38,1597451887,1597451882,5
2020/8/15 07:37,1597451827,1597451783,44
2020/8/15 07:36,1597451767,1597451763,4
2020/8/15 07:35,1597451707,1597451692,15
2020/8/15 07:34,1597451647,1597451610,37
2020/8/15 07:33,1597451587,1597451498,89
2020/8/15 07:32,1597451527,1597451498,29
2020/8/15 07:31,1597451467,1597451447,20
2020/8/15 07:30,1597451407,1597451401,6
2020/8/15 07:29,1597451347,1597451324,23
2020/8/15 07:28,1597451287,1597451284,3
2020/8/15 07:27,1597451227,1597451223,4
2020/8/15 07:26,1597451167,1597451164,3
2020/8/15 07:25,1597451107,1597451048,59
2020/8/15 07:24,1597451047,1597451048,-1
2020/8/15 07:23,1597450987,1597450966,21
2020/8/15 07:22,1597450927,1597450885,42
2020/8/15 07:21,1597450867,1597450824,43
2020/8/15 07:20,1597450807,1597450804,3
2020/8/15 07:19,1597450747,1597450713,34
2020/8/15 07:18,1597450687,1597450667,20
2020/8/15 07:17,1597450627,1597450620,7
2020/8/15 07:16,1597450567,1597450556,11
2020/8/15 07:15,1597450507,1597450447,60
2020/8/15 07:14,1597450447,1597450447,0
2020/8/15 07:13,1597450387,1597450366,21
2020/8/15 07:12,1597450327,1597450274,53
2020/8/15 07:11,1597450267,1597450164,103
2020/8/15 07:10,1597450207,1597450164,43
2020/8/15 07:09,1597450147,1597450121,26
2020/8/15 07:08,1597450087,1597449491,596
2020/8/15 07:07,1597450027,1597449491,536
2020/8/15 07:06,1597449967,1597449491,476
2020/8/15 07:05,1597449907,1597449491,416
2020/8/15 07:04,1597449847,1597449491,356
2020/8/15 07:03,1597449787,1597449491,296
2020/8/15 07:02,1597449727,1597449491,236
2020/8/15 07:01,1597449667,1597449491,176
2020/8/15 07:00,1597449607,1597449491,116
2020/8/15 06:59,1597449547,1597449491,56
2020/8/15 06:58,1597449487,1597449332,155
2020/8/15 06:57,1597449427,1597449332,95
2020/8/15 06:56,1597449367,1597449332,35
2020/8/15 06:55,1597449307,1597449145,162
2020/8/15 06:54,1597449247,1597449145,102
2020/8/15 06:53,1597449187,1597449145,42
2020/8/15 06:52,1597449127,1597448737,390
2020/8/15 06:51,1597449067,1597448737,330
2020/8/15 06:50,1597449007,1597448737,270
2020/8/15 06:49,1597448947,1597448737,210
2020/8/15 06:48,1597448887,1597448737,150
2020/8/15 06:47,1597448827,1597448737,90
2020/8/15 06:46,1597448767,1597448737,30
2020/8/15 06:45,1597448707,1597448543,164
2020/8/15 06:44,1597448647,1597448543,104
2020/8/15 06:43,1597448587,1597448543,44
2020/8/15 06:42,1597448527,1597448513,14
2020/8/15 06:41,1597448467,1597448411,56
2020/8/15 06:40,1597448407,1597448360,47
2020/8/15 06:39,1597448347,1597448225,122
2020/8/15 06:38,1597448287,1597448225,62
2020/8/15 06:37,1597448227,1597448225,2
2020/8/15 06:36,1597448167,1597448116,51
2020/8/15 06:35,1597448107,1597448106,1
2020/8/15 06:34,1597448047,1597447832,215
2020/8/15 06:33,1597447987,1597447832,155
2020/8/15 06:32,1597447927,1597447832,95
2020/8/15 06:31,1597447867,1597447832,35
2020/8/15 06:30,1597447807,1597447718,89
2020/8/15 06:29,1597447747,1597447718,29
2020/8/15 06:28,1597447687,1597447651,36
2020/8/15 06:27,1597447627,1597447623,4
2020/8/15 06:26,1597447567,1597447502,65
2020/8/15 06:25,1597447507,1597447502,5
2020/8/15 06:24,1597447447,1597447442,5
2020/8/15 06:23,1597447387,1597447370,17
2020/8/15 06:22,1597447327,1597447246,81
2020/8/15 06:21,1597447267,1597447246,21
2020/8/15 06:20,1597447207,1597447209,-2
2020/8/15 06:19,1597447147,1597447137,10
2020/8/15 06:18,1597447087,1597447086,1
2020/8/15 06:17,1597447027,1597446972,55
2020/8/15 06:16,1597446967,1597446960,7
2020/8/15 06:15,1597446907,1597446851,56
2020/8/15 06:14,1597446847,1597446760,87
2020/8/15 06:13,1597446787,1597446760,27
2020/8/15 06:12,1597446727,1597446545,182
2020/8/15 06:11,1597446667,1597446545,122
2020/8/15 06:10,1597446607,1597446545,62
2020/8/15 06:09,1597446547,1597446545,2
2020/8/15 06:08,1597446487,1597446393,94
2020/8/15 06:07,1597446427,1597446393,34
2020/8/15 06:06,1597446367,1597446342,25
2020/8/15 06:05,1597446307,1597446230,77
2020/8/15 06:04,1597446247,1597446230,17
2020/8/15 06:03,1597446187,1597446150,37
2020/8/15 06:02,1597446127,1597446048,79
2020/8/15 06:01,1597446067,1597446048,19
2020/8/15 06:00,1597446007,1597445967,40
2020/8/15 05:59,1597445947,1597445936,11
2020/8/15 05:58,1597445887,1597445762,125
2020/8/15 05:57,1597445827,1597445762,65
2020/8/15 05:56,1597445767,1597445762,5
2020/8/15 05:55,1597445707,1597445661,46
2020/8/15 05:54,1597445647,1597445549,98
2020/8/15 05:53,1597445587,1597445549,38
2020/8/15 05:52,1597445527,1597445524,3
2020/8/15 05:51,1597445467,1597445344,123
2020/8/15 05:50,1597445407,1597445344,63
2020/8/15 05:49,1597445347,1597445344,3
2020/8/15 05:48,1597445287,1597445273,14
2020/8/15 05:47,1597445227,1597445215,12
2020/8/15 05:46,1597445168,1597445163,5
2020/8/15 05:45,1597445107,1597445032,75
2020/8/15 05:44,1597445047,1597445032,15
2020/8/15 05:43,1597444987,1597444983,4
2020/8/15 05:42,1597444927,1597444875,52
2020/8/15 05:41,1597444867,1597444833,34
2020/8/15 05:40,1597444807,1597444809,-2
2020/8/15 05:39,1597444747,1597444701,46
2020/8/15 05:38,1597444687,1597444630,57
2020/8/15 05:37,1597444627,1597444599,28
2020/8/15 05:36,1597444567,1597444568,-1
2020/8/15 05:35,1597444507,1597444437,70
2020/8/15 05:34,1597444447,1597444437,10
2020/8/15 05:33,1597444387,1597444370,17
2020/8/15 05:32,1597444327,1597444233,94
2020/8/15 05:31,1597444267,1597444233,34
2020/8/15 05:30,1597444207,1597444140,67
2020/8/15 05:29,1597444147,1597444140,7
2020/8/15 05:28,1597444087,1597444062,25
2020/8/15 05:27,1597444027,1597444019,8
2020/8/15 05:26,1597443967,1597443967,0
2020/8/15 05:25,1597443907,1597443896,11
2020/8/15 05:24,1597443847,1597443826,21
2020/8/15 05:23,1597443787,1597443774,13
2020/8/15 05:22,1597443727,1597443723,4
2020/8/15 05:21,1597443667,1597443603,64
2020/8/15 05:20,1597443607,1597443603,4
2020/8/15 05:19,1597443547,1597443547,0
2020/8/15 05:18,1597443487,1597443479,8
2020/8/15 05:17,1597443427,1597443378,49
2020/8/15 05:16,1597443367,1597443337,30
2020/8/15 05:15,1597443307,1597443266,41
2020/8/15 05:14,1597443247,1597443225,22
2020/8/15 05:13,1597443187,1597443114,73
2020/8/15 05:12,1597443127,1597443114,13
2020/8/15 05:11,1597443067,1597442984,83
2020/8/15 05:10,1597443007,1597442984,23
2020/8/15 05:09,1597442947,1597442933,14
2020/8/15 05:08,1597442887,1597442880,7
2020/8/15 05:07,1597442827,1597442828,-1
2020/8/15 05:06,1597442767,1597442757,10
2020/8/15 05:05,1597442707,1597442706,1
2020/8/15 05:04,1597442647,1597442648,-1
2020/8/15 05:03,1597442587,1597442564,23
2020/8/15 05:02,1597442527,1597442523,4
2020/8/15 05:01,1597442467,1597442452,15
2020/8/15 05:00,1597442407,1597442357,50
2020/8/15 04:59,1597442347,1597442341,6
2020/8/15 04:58,1597442287,1597442288,-1
2020/8/15 04:57,1597442227,1597442197,30
2020/8/15 04:56,1597442167,1597442148,19
2020/8/15 04:55,1597442107,1597442095,12
2020/8/15 04:54,1597442047,1597442034,13
2020/8/15 04:53,1597441987,1597441932,55
2020/8/15 04:52,1597441927,1597441911,16
2020/8/15 04:51,1597441867,1597441830,37
2020/8/15 04:50,1597441807,1597441748,59
2020/8/15 04:49,1597441747,1597441748,-1
2020/8/15 04:48,1597441687,1597441534,153
2020/8/15 04:47,1597441627,1597441534,93
2020/8/15 04:46,1597441567,1597441534,33
2020/8/15 04:45,1597441507,1597441473,34
2020/8/15 04:44,1597441447,1597441432,15
2020/8/15 04:43,1597441387,1597441368,19
2020/8/15 04:42,1597441327,1597441309,18
2020/8/15 04:41,1597441267,1597441210,57
2020/8/15 04:40,1597441207,1597441209,-2
2020/8/15 04:39,1597441147,1597441136,11
2020/8/15 04:38,1597441087,1597441058,29
2020/8/15 04:37,1597441027,1597441024,3
2020/8/15 04:36,1597440967,1597440922,45
2020/8/15 04:35,1597440907,1597440851,56
2020/8/15 04:34,1597440847,1597440790,57
2020/8/15 04:33,1597440787,1597440769,18
2020/8/15 04:32,1597440727,1597440723,4
2020/8/15 04:31,1597440667,1597440669,-2
2020/8/15 04:30,1597440607,1597440593,14
2020/8/15 04:29,1597440547,1597440452,95
2020/8/15 04:28,1597440487,1597440452,35
2020/8/15 04:27,1597440427,1597440392,35
2020/8/15 04:26,1597440367,1597440352,15
2020/8/15 04:25,1597440307,1597440280,27
2020/8/15 04:24,1597440247,1597440238,9
2020/8/15 04:23,1597440187,1597440188,-1
2020/8/15 04:22,1597440127,1597440108,19
2020/8/15 04:21,1597440067,1597440061,6
2020/8/15 04:20,1597440007,1597439952,55
2020/8/15 04:19,1597439947,1597439799,148
2020/8/15 04:18,1597439887,1597439799,88
2020/8/15 04:17,1597439827,1597439799,28
2020/8/15 04:16,1597439767,1597439769,-2
2020/8/15 04:15,1597439707,1597439708,-1
2020/8/15 04:14,1597439647,1597439648,-1
2020/8/15 04:13,1597439587,1597439583,4
2020/8/15 04:12,1597439527,1597439473,54
2020/8/15 04:11,1597439467,1597439432,35
2020/8/15 04:10,1597439407,1597439392,15
2020/8/15 04:09,1597439347,1597439324,23
2020/8/15 04:08,1597439287,1597439288,-1
2020/8/15 04:07,1597439227,1597439228,-1
2020/8/15 04:06,1597439167,1597439137,30
2020/8/15 04:05,1597439107,1597439098,9
2020/8/15 04:04,1597439047,1597439048,-1
2020/8/15 04:03,1597438987,1597438984,3
2020/8/15 04:02,1597438927,1597438892,35
2020/8/15 04:01,1597438867,1597438851,16
2020/8/15 04:00,1597438807,1597438785,22
2020/8/15 03:59,1597438747,1597438657,90
2020/8/15 03:58,1597438687,1597438657,30
2020/8/15 03:57,1597438627,1597438598,29
2020/8/15 03:56,1597438567,1597438555,12
2020/8/15 03:55,1597438507,1597438453,54
2020/8/15 03:54,1597438447,1597438264,183
2020/8/15 03:53,1597438387,1597438264,123
2020/8/15 03:52,1597438328,1597438264,64
2020/8/15 03:51,1597438267,1597438264,3
2020/8/15 03:50,1597438207,1597438196,11
2020/8/15 03:49,1597438147,1597438043,104
2020/8/15 03:48,1597438087,1597438043,44
2020/8/15 03:47,1597438027,1597437921,106
2020/8/15 03:46,1597437967,1597437921,46
2020/8/15 03:45,1597437907,1597437890,17
2020/8/15 03:44,1597437847,1597437779,68
2020/8/15 03:43,1597437787,1597437779,8
2020/8/15 03:42,1597437727,1597437697,30
2020/8/15 03:41,1597437667,1597437595,72
2020/8/15 03:40,1597437607,1597437595,12
2020/8/15 03:39,1597437547,1597437471,76
2020/8/15 03:38,1597437487,1597437471,16
2020/8/15 03:37,1597437427,1597437410,17
2020/8/15 03:36,1597437367,1597437368,-1
2020/8/15 03:35,1597437307,1597437267,40
2020/8/15 03:34,1597437247,1597437114,133
2020/8/15 03:33,1597437187,1597437114,73
2020/8/15 03:32,1597437127,1597437114,13
2020/8/15 03:31,1597437067,1597437063,4
2020/8/15 03:30,1597437007,1597437002,5
2020/8/15 03:29,1597436947,1597436940,7
2020/8/15 03:28,1597436887,1597436858,29
2020/8/15 03:27,1597436827,1597436815,12
2020/8/15 03:26,1597436767,1597436746,21
2020/8/15 03:25,1597436707,1597436673,34
2020/8/15 03:24,1597436647,1597436642,5
2020/8/15 03:23,1597436587,1597436470,117
2020/8/15 03:22,1597436527,1597436470,57
2020/8/15 03:21,1597436467,1597436383,84
2020/8/15 03:20,1597436407,1597436383,24
2020/8/15 03:19,1597436347,1597436347,0
2020/8/15 03:18,1597436287,1597436245,42
2020/8/15 03:17,1597436227,1597436184,43
2020/8/15 03:16,1597436167,1597436141,26
2020/8/15 03:15,1597436107,1597436078,29
2020/8/15 03:14,1597436047,1597435980,67
2020/8/15 03:13,1597435987,1597435980,7
2020/8/15 03:12,1597435927,1597435920,7
2020/8/15 03:11,1597435867,1597435863,4
2020/8/15 03:10,1597435807,1597435786,21
2020/8/15 03:09,1597435747,1597435697,50
2020/8/15 03:08,1597435687,1597435686,1
2020/8/15 03:07,1597435627,1597435628,-1
2020/8/15 03:06,1597435567,1597435481,86
2020/8/15 03:05,1597435507,1597435481,26
2020/8/15 03:04,1597435447,1597435427,20
2020/8/15 03:03,1597435387,1597435287,100
2020/8/15 03:02,1597435327,1597435287,40
2020/8/15 03:01,1597435267,1597435144,123
2020/8/15 03:00,1597435207,1597435144,63
2020/8/15 02:59,1597435147,1597435144,3
2020/8/15 02:58,1597435087,1597435043,44
2020/8/15 02:57,1597435027,1597434880,147
2020/8/15 02:56,1597434967,1597434880,87
2020/8/15 02:55,1597434907,1597434880,27
2020/8/15 02:54,1597434847,1597434789,58
2020/8/15 02:53,1597434787,1597434788,-1
2020/8/15 02:52,1597434727,1597434718,9
2020/8/15 02:51,1597434667,1597434585,82
2020/8/15 02:50,1597434607,1597434585,22
2020/8/15 02:49,1597434547,1597434545,2
2020/8/15 02:48,1597434487,1597434488,-1
2020/8/15 02:47,1597434427,1597434412,15
2020/8/15 02:46,1597434367,1597434361,6
2020/8/15 02:45,1597434307,1597434249,58
2020/8/15 02:44,1597434247,1597434249,-2
2020/8/15 02:43,1597434187,1597434151,36
2020/8/15 02:42,1597434127,1597434045,82
2020/8/15 02:41,1597434067,1597434045,22
2020/8/15 02:40,1597434008,1597434005,3
2020/8/15 02:39,1597433947,1597433948,-1
2020/8/15 02:38,1597433887,1597433883,4
2020/8/15 02:37,1597433827,1597433740,87
2020/8/15 02:36,1597433767,1597433740,27
2020/8/15 02:35,1597433707,1597433708,-1
2020/8/15 02:34,1597433647,1597433616,31
2020/8/15 02:33,1597433587,1597433578,9
2020/8/15 02:32,1597433527,1597433495,32
2020/8/15 02:31,1597433467,1597433414,53
2020/8/15 02:30,1597433407,1597433396,11
2020/8/15 02:29,1597433347,1597433330,17
2020/8/15 02:28,1597433287,1597433281,6
2020/8/15 02:27,1597433227,1597433216,11
2020/8/15 02:26,1597433167,1597433149,18
2020/8/15 02:25,1597433107,1597433027,80
2020/8/15 02:24,1597433047,1597433027,20
2020/8/15 02:23,1597432987,1597432988,-1
2020/8/15 02:22,1597432927,1597432892,35
2020/8/15 02:21,1597432867,1597432851,16
2020/8/15 02:20,1597432807,1597432762,45
2020/8/15 02:19,1597432747,1597432722,25
2020/8/15 02:18,1597432687,1597432660,27
2020/8/15 02:17,1597432627,1597432578,49
2020/8/15 02:16,1597432567,1597432506,61
2020/8/15 02:15,1597432507,1597432506,1
2020/8/15 02:14,1597432447,1597432415,32
2020/8/15 02:13,1597432387,1597432376,11
2020/8/15 02:12,1597432327,1597432313,14
2020/8/15 02:11,1597432267,1597432231,36
2020/8/15 02:10,1597432207,1597432200,7
2020/8/15 02:09,1597432147,1597432084,63
2020/8/15 02:08,1597432087,1597432084,3
2020/8/15 02:07,1597432027,1597432027,0
2020/8/15 02:06,1597431967,1597431946,21
2020/8/15 02:05,1597431907,1597431894,13
2020/8/15 02:04,1597431847,1597431773,74
2020/8/15 02:03,1597431787,1597431773,14
2020/8/15 02:02,1597431727,1597431724,3
2020/8/15 02:01,1597431667,1597431630,37
2020/8/15 02:00,1597431607,1597431569,38
2020/8/15 01:59,1597431547,1597431521,26
2020/8/15 01:58,1597431487,1597431467,20
2020/8/15 01:57,1597431427,1597431421,6
2020/8/15 01:56,1597431367,1597431355,12
2020/8/15 01:55,1597431307,1597431301,6
2020/8/15 01:54,1597431247,1597431234,13
2020/8/15 01:53,1597431187,1597431172,15
2020/8/15 01:52,1597431127,1597431111,16
2020/8/15 01:51,1597431067,1597431056,11
2020/8/15 01:50,1597431007,1597430978,29
2020/8/15 01:49,1597430947,1597430948,-1
2020/8/15 01:48,1597430887,1597430874,13
2020/8/15 01:47,1597430827,1597430804,23
2020/8/15 01:46,1597430767,1597430754,13
2020/8/15 01:45,1597430707,1597430700,7
2020/8/15 01:44,1597430647,1597430632,15
2020/8/15 01:43,1597430587,1597430581,6
2020/8/15 01:42,1597430527,1597430451,76
2020/8/15 01:41,1597430467,1597430451,16
2020/8/15 01:40,1597430407,1597430357,50
2020/8/15 01:39,1597430347,1597430300,47
2020/8/15 01:38,1597430287,1597430288,-1
2020/8/15 01:37,1597430227,1597430184,43
2020/8/15 01:36,1597430167,1597430163,4
2020/8/15 01:35,1597430107,1597430061,46
2020/8/15 01:34,1597430047,1597430031,16
2020/8/15 01:33,1597429987,1597429960,27
2020/8/15 01:32,1597429927,1597429888,39
2020/8/15 01:31,1597429867,1597429858,9
2020/8/15 01:30,1597429807,1597429806,1
2020/8/15 01:29,1597429747,1597429734,13
2020/8/15 01:28,1597429687,1597429685,2
2020/8/15 01:27,1597429627,1597429612,15
2020/8/15 01:26,1597429567,1597429561,6
2020/8/15 01:25,1597429507,1597429502,5
2020/8/15 01:24,1597429447,1597429398,49
2020/8/15 01:23,1597429388,1597429387,1
2020/8/15 01:22,1597429327,1597429163,164
2020/8/15 01:21,1597429267,1597429163,104
2020/8/15 01:20,1597429207,1597429163,44
2020/8/15 01:19,1597429148,1597429133,15
2020/8/15 01:18,1597429087,1597428990,97
2020/8/15 01:17,1597429027,1597428990,37
2020/8/15 01:16,1597428967,1597428949,18
2020/8/15 01:15,1597428907,1597428866,41
2020/8/15 01:14,1597428847,1597428817,30
2020/8/15 01:13,1597428787,1597428778,9
2020/8/15 01:12,1597428727,1597428661,66
2020/8/15 01:11,1597428667,1597428661,6
2020/8/15 01:10,1597428607,1597428559,48
2020/8/15 01:09,1597428547,1597428508,39
2020/8/15 01:08,1597428487,1597428406,81
2020/8/15 01:07,1597428427,1597428406,21
2020/8/15 01:06,1597428367,1597428304,63
2020/8/15 01:05,1597428307,1597428304,3
2020/8/15 01:04,1597428247,1597428249,-2
2020/8/15 01:03,1597428187,1597428151,36
2020/8/15 01:02,1597428127,1597428069,58
2020/8/15 01:01,1597428067,1597428059,8
2020/8/15 01:00,1597428007,1597427998,9
2020/8/15 00:59,1597427947,1597427946,1
2020/8/15 00:58,1597427887,1597427875,12
2020/8/15 00:57,1597427827,1597427803,24
2020/8/15 00:56,1597427767,1597427752,15
2020/8/15 00:55,1597427707,1597427701,6
2020/8/15 00:54,1597427647,1597427639,8
2020/8/15 00:53,1597427587,1597427565,22
2020/8/15 00:52,1597427527,1597427487,40
2020/8/15 00:51,1597427467,1597427467,0
2020/8/15 00:50,1597427407,1597427403,4
2020/8/15 00:49,1597427347,1597427337,10
2020/8/15 00:48,1597427287,1597427232,55
2020/8/15 00:47,1597427227,1597427201,26
2020/8/15 00:46,1597427167,1597427100,67
2020/8/15 00:45,1597427107,1597427100,7
2020/8/15 00:44,1597427047,1597427028,19
2020/8/15 00:43,1597426987,1597426926,61
2020/8/15 00:42,1597426927,1597426926,1
2020/8/15 00:41,1597426867,1597426804,63
2020/8/15 00:40,1597426807,1597426804,3
2020/8/15 00:39,1597426747,1597426713,34
2020/8/15 00:38,1597426687,1597426650,37
2020/8/15 00:37,1597426627,1597426605,22
2020/8/15 00:36,1597426567,1597426539,28
2020/8/15 00:35,1597426507,1597426499,8
2020/8/15 00:34,1597426447,1597426448,-1
2020/8/15 00:33,1597426387,1597426367,20
2020/8/15 00:32,1597426327,1597426296,31
2020/8/15 00:31,1597426267,1597426246,21
2020/8/15 00:30,1597426207,1597426196,11
2020/8/15 00:29,1597426147,1597426141,6
2020/8/15 00:28,1597426087,1597426041,46
2020/8/15 00:27,1597426027,1597426021,6
2020/8/15 00:26,1597425967,1597425929,38
2020/8/15 00:25,1597425907,1597425878,29
2020/8/15 00:24,1597425847,1597425848,-1
2020/8/15 00:23,1597425787,1597425780,7
2020/8/15 00:22,1597425727,1597425718,9
2020/8/15 00:21,1597425667,1597425654,13
2020/8/15 00:20,1597425607,1597425583,24
2020/8/15 00:19,1597425547,1597425532,15
2020/8/15 00:18,1597425487,1597425486,1
2020/8/15 00:17,1597425427,1597425429,-2
2020/8/15 00:16,1597425367,1597425348,19
2020/8/15 00:15,1597425307,1597425308,-1
2020/8/15 00:14,1597425247,1597425245,2
2020/8/15 00:13,1597425187,1597425184,3
2020/8/15 00:12,1597425127,1597425085,42
2020/8/15 00:11,1597425067,1597424978,89
2020/8/15 00:10,1597425007,1597424978,29
2020/8/15 00:09,1597424947,1597424933,14
2020/8/15 00:08,1597424887,1597424839,48
2020/8/15 00:07,1597424827,1597424767,60
2020/8/15 00:06,1597424767,1597424767,0
2020/8/15 00:05,1597424707,1597424696,11
2020/8/15 00:04,1597424647,1597424605,42
2020/8/15 00:03,1597424587,1597424531,56
2020/8/15 00:02,1597424527,1597424503,24
2020/8/15 00:01,1597424467,1597424452,15
2020/8/15 00:00,1597424407,1597424408,-1
2020/8/14 23:59,1597424347,1597424269,78
2020/8/14 23:58,1597424287,1597424269,18
2020/8/14 23:57,1597424227,1597424208,19
2020/8/14 23:56,1597424167,1597424106,61
2020/8/14 23:55,1597424107,1597424106,1
2020/8/14 23:54,1597424047,1597424028,19
2020/8/14 23:53,1597423987,1597423958,29
2020/8/14 23:52,1597423927,1597423882,45
2020/8/14 23:51,1597423867,1597423868,-1
2020/8/14 23:50,1597423807,1597423770,37
2020/8/14 23:49,1597423747,1597423688,59
2020/8/14 23:48,1597423687,1597423688,-1
2020/8/14 23:47,1597423627,1597423586,41
2020/8/14 23:46,1597423567,1597423556,11
2020/8/14 23:45,1597423507,1597423449,58
2020/8/14 23:44,1597423447,1597423449,-2
2020/8/14 23:43,1597423387,1597423382,5
2020/8/14 23:42,1597423327,1597423230,97
2020/8/14 23:41,1597423267,1597423230,37
2020/8/14 23:40,1597423207,1597423138,69
2020/8/14 23:39,1597423147,1597423138,9
2020/8/14 23:38,1597423087,1597423016,71
2020/8/14 23:37,1597423027,1597423016,11
2020/8/14 23:36,1597422967,1597422945,22
2020/8/14 23:35,1597422907,1597422884,23
2020/8/14 23:34,1597422847,1597422783,64
2020/8/14 23:33,1597422787,1597422783,4
2020/8/14 23:32,1597422727,1597422728,-1
2020/8/14 23:31,1597422667,1597422610,57
2020/8/14 23:30,1597422607,1597422597,10
2020/8/14 23:29,1597422547,1597422487,60
2020/8/14 23:28,1597422487,1597422487,0
2020/8/14 23:27,1597422427,1597422425,2
2020/8/14 23:26,1597422367,1597422341,26
2020/8/14 23:25,1597422307,1597422303,4
2020/8/14 23:24,1597422247,1597422245,2
2020/8/14 23:23,1597422187,1597422161,26
2020/8/14 23:22,1597422127,1597422100,27
2020/8/14 23:21,1597422067,1597422049,18
2020/8/14 23:20,1597422007,1597421998,9
2020/8/14 23:19,1597421947,1597421896,51
2020/8/14 23:18,1597421887,1597421885,2
2020/8/14 23:17,1597421827,1597421823,4
2020/8/14 23:16,1597421767,1597421753,14
2020/8/14 23:15,1597421707,1597421692,15
2020/8/14 23:14,1597421647,1597421580,67
2020/8/14 23:13,1597421587,1597421580,7
2020/8/14 23:12,1597421527,1597421488,39
2020/8/14 23:11,1597421467,1597421459,8
2020/8/14 23:10,1597421407,1597421335,72
2020/8/14 23:09,1597421347,1597421335,12
2020/8/14 23:08,1597421287,1597421244,43
2020/8/14 23:07,1597421227,1597421209,18
2020/8/14 23:06,1597421167,1597421060,107
2020/8/14 23:05,1597421107,1597421060,47
2020/8/14 23:04,1597421047,1597420989,58
2020/8/14 23:03,1597420987,1597420974,13
2020/8/14 23:02,1597420927,1597420877,50
2020/8/14 23:01,1597420867,1597420857,10
2020/8/14 23:00,1597420807,1597420809,-2
2020/8/14 22:59,1597420747,1597420746,1
2020/8/14 22:58,1597420687,1597420632,55
2020/8/14 22:57,1597420627,1597420629,-2
2020/8/14 22:56,1597420567,1597420551,16
2020/8/14 22:55,1597420507,1597420507,0
2020/8/14 22:54,1597420447,1597420399,48
2020/8/14 22:53,1597420387,1597420328,59
2020/8/14 22:52,1597420327,1597420328,-1
2020/8/14 22:51,1597420267,1597420176,91
2020/8/14 22:50,1597420207,1597420176,31
2020/8/14 22:49,1597420147,1597420104,43
2020/8/14 22:48,1597420087,1597420054,33
2020/8/14 22:47,1597420027,1597419952,75
2020/8/14 22:46,1597419967,1597419952,15
2020/8/14 22:45,1597419907,1597419870,37
2020/8/14 22:44,1597419847,1597419839,8
2020/8/14 22:43,1597419787,1597419778,9
2020/8/14 22:42,1597419727,1597419686,41
2020/8/14 22:41,1597419667,1597419667,0
2020/8/14 22:40,1597419608,1597419592,16
2020/8/14 22:39,1597419547,1597419512,35
2020/8/14 22:38,1597419487,1597419440,47
2020/8/14 22:37,1597419427,1597419428,-1
2020/8/14 22:36,1597419367,1597419342,25
2020/8/14 22:35,1597419307,1597419287,20
2020/8/14 22:34,1597419247,1597419186,61
2020/8/14 22:33,1597419187,1597419186,1
2020/8/14 22:32,1597419127,1597419023,104
2020/8/14 22:31,1597419067,1597419023,44
2020/8/14 22:30,1597419007,1597418952,55
2020/8/14 22:29,1597418947,1597418947,0
2020/8/14 22:28,1597418887,1597418819,68
2020/8/14 22:27,1597418827,1597418819,8
2020/8/14 22:26,1597418767,1597418706,61
2020/8/14 22:25,1597418707,1597418706,1
2020/8/14 22:24,1597418647,1597418646,1
2020/8/14 22:23,1597418587,1597418523,64
2020/8/14 22:22,1597418527,1597418523,4
2020/8/14 22:21,1597418467,1597418468,-1
2020/8/14 22:20,1597418407,1597418386,21
2020/8/14 22:19,1597418347,1597418228,119
2020/8/14 22:18,1597418287,1597418228,59
2020/8/14 22:17,1597418227,1597418228,-1
2020/8/14 22:16,1597418167,1597418141,26
2020/8/14 22:15,1597418107,1597418109,-2
2020/8/14 22:14,1597418047,1597418014,33
2020/8/14 22:13,1597417987,1597417904,83
2020/8/14 22:12,1597417927,1597417904,23
2020/8/14 22:11,1597417867,1597417851,16
2020/8/14 22:10,1597417807,1597417781,26
2020/8/14 22:09,1597417747,1597417713,34
2020/8/14 22:08,1597417687,1597417679,8
2020/8/14 22:07,1597417627,1597417628,-1
2020/8/14 22:06,1597417567,1597417528,39
2020/8/14 22:05,1597417507,1597417445,62
2020/8/14 22:04,1597417447,1597417445,2
2020/8/14 22:03,1597417387,1597417376,11
2020/8/14 22:02,1597417327,1597417322,5
2020/8/14 22:01,1597417267,1597417249,18
2020/8/14 22:00,1597417207,1597417149,58
2020/8/14 21:59,1597417147,1597417129,18
2020/8/14 21:58,1597417087,1597417088,-1
2020/8/14 21:57,1597417027,1597416997,30
2020/8/14 21:56,1597416967,1597416936,31
2020/8/14 21:55,1597416907,1597416875,32
2020/8/14 21:54,1597416847,1597416829,18
2020/8/14 21:53,1597416787,1597416763,24
2020/8/14 21:52,1597416727,1597416712,15
2020/8/14 21:51,1597416667,1597416659,8
2020/8/14 21:50,1597416607,1597416606,1
2020/8/14 21:49,1597416547,1597416541,6
2020/8/14 21:48,1597416487,1597416461,26
2020/8/14 21:47,1597416427,1597416424,3
2020/8/14 21:46,1597416367,1597416335,32
2020/8/14 21:45,1597416307,1597416291,16
2020/8/14 21:44,1597416247,1597416234,13
2020/8/14 21:43,1597416187,1597416172,15
2020/8/14 21:42,1597416127,1597416070,57
2020/8/14 21:41,1597416067,1597416009,58
2020/8/14 21:40,1597416007,1597416009,-2
2020/8/14 21:39,1597415947,1597415938,9
2020/8/14 21:38,1597415887,1597415862,25
2020/8/14 21:37,1597415827,1597415816,11
2020/8/14 21:36,1597415767,1597415732,35
2020/8/14 21:35,1597415707,1597415643,64
2020/8/14 21:34,1597415647,1597415643,4
2020/8/14 21:33,1597415587,1597415490,97
2020/8/14 21:32,1597415527,1597415490,37
2020/8/14 21:31,1597415467,1597415458,9
2020/8/14 21:30,1597415407,1597415337,70
2020/8/14 21:29,1597415347,1597415337,10
2020/8/14 21:28,1597415287,1597415276,11
2020/8/14 21:27,1597415227,1597415219,8
2020/8/14 21:26,1597415167,1597415168,-1
2020/8/14 21:25,1597415107,1597415065,42
2020/8/14 21:24,1597415047,1597415039,8
2020/8/14 21:23,1597414987,1597414940,47
2020/8/14 21:22,1597414927,1597414859,68
2020/8/14 21:21,1597414867,1597414859,8
2020/8/14 21:20,1597414807,1597414716,91
2020/8/14 21:19,1597414747,1597414716,31
2020/8/14 21:18,1597414687,1597414668,19
2020/8/14 21:17,1597414627,1597414544,83
2020/8/14 21:16,1597414567,1597414544,23
2020/8/14 21:15,1597414507,1597414495,12
2020/8/14 21:14,1597414447,1597414429,18
2020/8/14 21:13,1597414387,1597414369,18
2020/8/14 21:12,1597414327,1597414290,37
2020/8/14 21:11,1597414268,1597414199,69
2020/8/14 21:10,1597414207,1597414199,8
2020/8/14 21:09,1597414147,1597414124,23
2020/8/14 21:08,1597414087,1597414011,76
2020/8/14 21:07,1597414027,1597414011,16
2020/8/14 21:06,1597413967,1597413900,67
2020/8/14 21:05,1597413907,1597413900,7
2020/8/14 21:04,1597413847,1597413834,13
2020/8/14 21:03,1597413787,1597413767,20
2020/8/14 21:02,1597413727,1597413728,-1
2020/8/14 21:01,1597413667,1597413655,12
2020/8/14 21:00,1597413607,1597413563,44
2020/8/14 20:59,1597413547,1597413543,4
2020/8/14 20:58,1597413487,1597413487,0
2020/8/14 20:57,1597413427,1597413421,6
2020/8/14 20:56,1597413367,1597413313,54
2020/8/14 20:55,1597413307,1597413309,-2
2020/8/14 20:54,1597413247,1597413248,-1
2020/8/14 20:53,1597413187,1597413147,40
2020/8/14 20:52,1597413127,1597413075,52
2020/8/14 20:51,1597413067,1597413003,64
2020/8/14 20:50,1597413007,1597413003,4
2020/8/14 20:49,1597412947,1597412934,13
2020/8/14 20:48,1597412887,1597412869,18
2020/8/14 20:47,1597412827,1597412815,12
2020/8/14 20:46,1597412767,1597412750,17
2020/8/14 20:45,1597412707,1597412707,0
2020/8/14 20:44,1597412647,1597412607,40
2020/8/14 20:43,1597412587,1597412485,102
2020/8/14 20:42,1597412527,1597412485,42
2020/8/14 20:41,1597412467,1597412424,43
2020/8/14 20:40,1597412407,1597412383,24
2020/8/14 20:39,1597412347,1597412282,65
2020/8/14 20:38,1597412287,1597412282,5
2020/8/14 20:37,1597412227,1597412221,6
2020/8/14 20:36,1597412167,1597412159,8
2020/8/14 20:35,1597412107,1597412099,8
2020/8/14 20:34,1597412047,1597412047,0
2020/8/14 20:33,1597411987,1597411982,5
2020/8/14 20:32,1597411927,1597411927,0
2020/8/14 20:31,1597411868,1597411868,0
2020/8/14 20:30,1597411807,1597411802,5
2020/8/14 20:29,1597411747,1597411749,-2
2020/8/14 20:28,1597411687,1597411655,32
2020/8/14 20:27,1597411627,1597411609,18
2020/8/14 20:26,1597411567,1597411568,-1
2020/8/14 20:25,1597411507,1597411499,8
2020/8/14 20:24,1597411447,1597411355,92
2020/8/14 20:23,1597411387,1597411355,32
2020/8/14 20:22,1597411327,1597411273,54
2020/8/14 20:21,1597411267,1597411235,32
2020/8/14 20:20,1597411207,1597411201,6
2020/8/14 20:19,1597411147,1597411141,6
2020/8/14 20:18,1597411087,1597411088,-1
2020/8/14 20:17,1597411027,1597411008,19
2020/8/14 20:16,1597410967,1597410952,15
2020/8/14 20:15,1597410907,1597410876,31
2020/8/14 20:14,1597410847,1597410794,53
2020/8/14 20:13,1597410787,1597410765,22
2020/8/14 20:12,1597410727,1597410693,34
2020/8/14 20:11,1597410667,1597410621,46
2020/8/14 20:10,1597410607,1597410504,103
2020/8/14 20:09,1597410547,1597410504,43
2020/8/14 20:08,1597410487,1597410407,80
2020/8/14 20:07,1597410427,1597410407,20
2020/8/14 20:06,1597410367,1597410347,20
2020/8/14 20:05,1597410307,1597410275,32
2020/8/14 20:04,1597410247,1597410234,13
2020/8/14 20:03,1597410187,1597410162,25
2020/8/14 20:02,1597410127,1597410118,9
2020/8/14 20:01,1597410067,1597409969,98
2020/8/14 20:00,1597410007,1597409969,38
2020/8/14 19:59,1597409947,1597409933,14
2020/8/14 19:58,1597409887,1597409836,51
2020/8/14 19:57,1597409827,1597409766,61
2020/8/14 19:56,1597409767,1597409766,1
2020/8/14 19:55,1597409707,1597409673,34
2020/8/14 19:54,1597409647,1597409530,117
2020/8/14 19:53,1597409587,1597409530,57
2020/8/14 19:52,1597409527,1597409376,151
2020/8/14 19:51,1597409467,1597409376,91
2020/8/14 19:50,1597409407,1597409376,31
2020/8/14 19:49,1597409347,1597409305,42
2020/8/14 19:48,1597409287,1597409233,54
2020/8/14 19:47,1597409227,1597409183,44
2020/8/14 19:46,1597409167,1597409050,117
2020/8/14 19:45,1597409107,1597409050,57
2020/8/14 19:44,1597409047,1597409030,17
2020/8/14 19:43,1597408987,1597408949,38
2020/8/14 19:42,1597408927,1597408866,61
2020/8/14 19:41,1597408867,1597408866,1
2020/8/14 19:40,1597408807,1597408784,23
2020/8/14 19:39,1597408747,1597408723,24
2020/8/14 19:38,1597408687,1597408639,48
2020/8/14 19:37,1597408627,1597408621,6
2020/8/14 19:36,1597408567,1597408568,-1
2020/8/14 19:35,1597408507,1597408479,28
2020/8/14 19:34,1597408447,1597408438,9
2020/8/14 19:33,1597408387,1597408376,11
2020/8/14 19:32,1597408327,1597408305,22
2020/8/14 19:31,1597408267,1597408265,2
2020/8/14 19:30,1597408207,1597408182,25
2020/8/14 19:29,1597408147,1597408123,24
2020/8/14 19:28,1597408088,1597408030,58
2020/8/14 19:27,1597408027,1597407990,37
2020/8/14 19:26,1597407967,1597407946,21
2020/8/14 19:25,1597407907,1597407867,40
2020/8/14 19:24,1597407847,1597407821,26
2020/8/14 19:23,1597407787,1597407765,22
2020/8/14 19:22,1597407727,1597407727,0
2020/8/14 19:21,1597407667,1597407500,167
2020/8/14 19:20,1597407607,1597407500,107
2020/8/14 19:19,1597407547,1597407500,47
2020/8/14 19:18,1597407487,1597407417,70
2020/8/14 19:17,1597407427,1597407417,10
2020/8/14 19:16,1597407367,1597407347,20
2020/8/14 19:15,1597407307,1597407215,92
2020/8/14 19:14,1597407247,1597407215,32
2020/8/14 19:13,1597407187,1597407159,28
2020/8/14 19:12,1597407127,1597407113,14
2020/8/14 19:11,1597407067,1597407042,25
2020/8/14 19:10,1597407007,1597406485,522
2020/8/14 19:09,1597406947,1597406485,462
2020/8/14 19:08,1597406887,1597406485,402
2020/8/14 19:07,1597406827,1597406485,342
2020/8/14 19:06,1597406767,1597406485,282
2020/8/14 19:05,1597406707,1597406485,222
2020/8/14 19:04,1597406647,1597406485,162
2020/8/14 19:03,1597406587,1597406485,102
2020/8/14 19:02,1597406527,1597406485,42
2020/8/14 19:01,1597406467,1597406421,46
2020/8/14 19:00,1597406407,1597406224,183
2020/8/14 18:59,1597406347,1597406224,123
2020/8/14 18:58,1597406287,1597406224,63
2020/8/14 18:57,1597406227,1597406224,3
2020/8/14 18:56,1597406167,1597406047,120
2020/8/14 18:55,1597406107,1597406047,60
2020/8/14 18:54,1597406047,1597406047,0
2020/8/14 18:53,1597405987,1597405893,94
2020/8/14 18:52,1597405927,1597405893,34
2020/8/14 18:51,1597405867,1597405760,107
2020/8/14 18:50,1597405807,1597405760,47
2020/8/14 18:49,1597405747,1597405649,98
2020/8/14 18:48,1597405687,1597405649,38
2020/8/14 18:47,1597405627,1597405618,9
2020/8/14 18:46,1597405567,1597405564,3
2020/8/14 18:45,1597405507,1597405503,4
2020/8/14 18:44,1597405447,1597405435,12
2020/8/14 18:43,1597405387,1597405384,3
2020/8/14 18:42,1597405327,1597405219,108
2020/8/14 18:41,1597405267,1597405219,48
2020/8/14 18:40,1597405207,1597405190,17
2020/8/14 18:39,1597405147,1597405083,64
2020/8/14 18:38,1597405087,1597405083,4
2020/8/14 18:37,1597405027,1597405022,5
2020/8/14 18:36,1597404968,1597404931,37
2020/8/14 18:35,1597404907,1597404895,12
2020/8/14 18:34,1597404847,1597404832,15
2020/8/14 18:33,1597404787,1597404767,20
2020/8/14 18:32,1597404727,1597404728,-1
2020/8/14 18:31,1597404667,1597404666,1
2020/8/14 18:30,1597404607,1597404605,2
2020/8/14 18:29,1597404547,1597404539,8
2020/8/14 18:28,1597404488,1597404405,83
2020/8/14 18:27,1597404427,1597404405,22
2020/8/14 18:26,1597404367,1597404337,30
2020/8/14 18:25,1597404307,1597404306,1
2020/8/14 18:24,1597404247,1597404230,17
2020/8/14 18:23,1597404187,1597404169,18
2020/8/14 18:22,1597404127,1597404103,24
2020/8/14 18:21,1597404067,1597404062,5
2020/8/14 18:20,1597404007,1597403957,50
2020/8/14 18:19,1597403947,1597403911,36
2020/8/14 18:18,1597403887,1597403866,21
2020/8/14 18:17,1597403827,1597403814,13
2020/8/14 18:16,1597403767,1597403734,33
2020/8/14 18:15,1597403707,1597403652,55
2020/8/14 18:14,1597403647,1597403623,24
2020/8/14 18:13,1597403587,1597403571,16
2020/8/14 18:12,1597403527,1597403514,13
2020/8/14 18:11,1597403467,1597403459,8
2020/8/14 18:10,1597403407,1597403398,9
2020/8/14 18:09,1597403347,1597403347,0
2020/8/14 18:08,1597403287,1597403285,2
2020/8/14 18:07,1597403227,1597403225,2
2020/8/14 18:06,1597403167,1597403154,13
2020/8/14 18:05,1597403107,1597403104,3
2020/8/14 18:04,1597403047,1597403042,5
2020/8/14 18:03,1597402987,1597402981,6
2020/8/14 18:02,1597402927,1597402926,1
2020/8/14 18:01,1597402867,1597402778,89
2020/8/14 18:00,1597402807,1597402778,29
2020/8/14 17:59,1597402747,1597402656,91
2020/8/14 17:58,1597402687,1597402656,31
2020/8/14 17:57,1597402627,1597402595,32
2020/8/14 17:56,1597402567,1597402529,38
2020/8/14 17:55,1597402507,1597402483,24
2020/8/14 17:54,1597402447,1597402442,5
2020/8/14 17:53,1597402387,1597402278,109
2020/8/14 17:52,1597402327,1597402278,49
2020/8/14 17:51,1597402267,1597402210,57
2020/8/14 17:50,1597402207,1597402197,10
2020/8/14 17:49,1597402147,1597402075,72
2020/8/14 17:48,1597402087,1597402075,12
2020/8/14 17:47,1597402027,1597401984,43
2020/8/14 17:46,1597401967,1597401924,43
2020/8/14 17:45,1597401907,1597401903,4
2020/8/14 17:44,1597401847,1597401848,-1
2020/8/14 17:43,1597401787,1597401783,4
2020/8/14 17:42,1597401727,1597401709,18
2020/8/14 17:41,1597401667,1597401658,9
2020/8/14 17:40,1597401607,1597401608,-1
2020/8/14 17:39,1597401547,1597401515,32
2020/8/14 17:38,1597401487,1597401442,45
2020/8/14 17:37,1597401427,1597401424,3
2020/8/14 17:36,1597401367,1597401336,31
2020/8/14 17:35,1597401307,1597401303,4
2020/8/14 17:34,1597401247,1597401201,46
2020/8/14 17:33,1597401188,1597401149,39
2020/8/14 17:32,1597401127,1597401068,59
2020/8/14 17:31,1597401067,1597401068,-1
2020/8/14 17:30,1597401007,1597400926,81
2020/8/14 17:29,1597400947,1597400926,21
2020/8/14 17:28,1597400887,1597400854,33
2020/8/14 17:27,1597400827,1597400753,74
2020/8/14 17:26,1597400767,1597400753,14
2020/8/14 17:25,1597400707,1597400700,7
2020/8/14 17:24,1597400647,1597400612,35
2020/8/14 17:23,1597400587,1597400570,17
2020/8/14 17:22,1597400527,1597400528,-1
2020/8/14 17:21,1597400467,1597400448,19
2020/8/14 17:20,1597400408,1597400386,22
2020/8/14 17:19,1597400347,1597400297,50
2020/8/14 17:18,1597400287,1597400287,0
2020/8/14 17:17,1597400227,1597400222,5
2020/8/14 17:16,1597400167,1597400162,5
2020/8/14 17:15,1597400107,1597400075,32
2020/8/14 17:14,1597400047,1597400031,16
2020/8/14 17:13,1597399987,1597399989,-2
2020/8/14 17:12,1597399927,1597399928,-1
2020/8/14 17:11,1597399867,1597399846,21
2020/8/14 17:10,1597399807,1597399764,43
2020/8/14 17:09,1597399747,1597399693,54
2020/8/14 17:08,1597399687,1597399590,97
2020/8/14 17:07,1597399627,1597399590,37
2020/8/14 17:06,1597399567,1597399509,58
2020/8/14 17:05,1597399507,1597399508,-1
2020/8/14 17:04,1597399447,1597399447,0
2020/8/14 17:03,1597399387,1597399386,1
2020/8/14 17:02,1597399327,1597399314,13
2020/8/14 17:01,1597399267,1597399152,115
2020/8/14 17:00,1597399207,1597399152,55
2020/8/14 16:59,1597399147,1597399069,78
2020/8/14 16:58,1597399087,1597399069,18
2020/8/14 16:57,1597399027,1597398997,30
2020/8/14 16:56,1597398967,1597398968,-1
2020/8/14 16:55,1597398907,1597398843,64
2020/8/14 16:54,1597398847,1597398843,4
2020/8/14 16:53,1597398787,1597398751,36
2020/8/14 16:52,1597398727,1597398722,5
2020/8/14 16:51,1597398667,1597398593,74
2020/8/14 16:50,1597398607,1597398593,14
2020/8/14 16:49,1597398547,1597398507,40
2020/8/14 16:48,1597398487,1597398486,1
2020/8/14 16:47,1597398427,1597398384,43
2020/8/14 16:46,1597398367,1597398314,53
2020/8/14 16:45,1597398307,1597398293,14
2020/8/14 16:44,1597398247,1597398211,36
2020/8/14 16:43,1597398187,1597398180,7
2020/8/14 16:42,1597398127,1597398118,9
2020/8/14 16:41,1597398067,1597398046,21
2020/8/14 16:40,1597398007,1597398003,4
2020/8/14 16:39,1597397948,1597397862,86
2020/8/14 16:38,1597397887,1597397862,25
2020/8/14 16:37,1597397827,1597397777,50
2020/8/14 16:36,1597397767,1597397753,14
2020/8/14 16:35,1597397707,1597397648,59
2020/8/14 16:34,1597397647,1597397648,-1
2020/8/14 16:33,1597397587,1597397587,0
2020/8/14 16:32,1597397527,1597397528,-1
2020/8/14 16:31,1597397467,1597397424,43
2020/8/14 16:30,1597397407,1597397383,24
2020/8/14 16:29,1597397347,1597397260,87
2020/8/14 16:28,1597397287,1597397260,27
2020/8/14 16:27,1597397227,1597397130,97
2020/8/14 16:26,1597397167,1597397130,37
2020/8/14 16:25,1597397107,1597397108,-1
2020/8/14 16:24,1597397047,1597397048,-1
2020/8/14 16:23,1597396987,1597396972,15
2020/8/14 16:22,1597396927,1597396891,36
2020/8/14 16:21,1597396867,1597396840,27
2020/8/14 16:20,1597396807,1597396805,2
2020/8/14 16:19,1597396747,1597396739,8
2020/8/14 16:18,1597396687,1597396681,6
2020/8/14 16:17,1597396627,1597396605,22
2020/8/14 16:16,1597396567,1597396554,13
2020/8/14 16:15,1597396507,1597396508,-1
2020/8/14 16:14,1597396447,1597396416,31
2020/8/14 16:13,1597396387,1597396387,0
2020/8/14 16:12,1597396327,1597396300,27
2020/8/14 16:11,1597396267,1597396196,71
2020/8/14 16:10,1597396207,1597396196,11
2020/8/14 16:09,1597396147,1597396021,126
2020/8/14 16:08,1597396087,1597396021,66
2020/8/14 16:07,1597396027,1597396021,6
2020/8/14 16:06,1597395967,1597395958,9
2020/8/14 16:05,1597395907,1597395899,8
2020/8/14 16:04,1597395847,1597395757,90
2020/8/14 16:03,1597395787,1597395757,30
2020/8/14 16:02,1597395727,1597395724,3
2020/8/14 16:01,1597395667,1597395664,3
2020/8/14 16:00,1597395607,1597395584,23
2020/8/14 15:59,1597395547,1597395548,-1
2020/8/14 15:58,1597395487,1597395486,1
2020/8/14 15:57,1597395427,1597395381,46
2020/8/14 15:56,1597395367,1597395280,87
2020/8/14 15:55,1597395307,1597395280,27
2020/8/14 15:54,1597395247,1597395221,26
2020/8/14 15:53,1597395187,1597395127,60
2020/8/14 15:52,1597395127,1597395127,0
2020/8/14 15:51,1597395067,1597394986,81
2020/8/14 15:50,1597395007,1597394986,21
2020/8/14 15:49,1597394947,1597394899,48
2020/8/14 15:48,1597394887,1597394888,-1
2020/8/14 15:47,1597394827,1597394794,33
2020/8/14 15:46,1597394767,1597394752,15
2020/8/14 15:45,1597394707,1597394630,77
2020/8/14 15:44,1597394647,1597394630,17
2020/8/14 15:43,1597394587,1597394569,18
2020/8/14 15:42,1597394527,1597394451,76
2020/8/14 15:41,1597394467,1597394451,16
2020/8/14 15:40,1597394407,1597394396,11
2020/8/14 15:39,1597394347,1597394335,12
2020/8/14 15:38,1597394287,1597394276,11
2020/8/14 15:37,1597394227,1597394223,4
2020/8/14 15:36,1597394167,1597394152,15
2020/8/14 15:35,1597394107,1597394091,16
2020/8/14 15:34,1597394047,1597393989,58
2020/8/14 15:33,1597393987,1597393898,89
2020/8/14 15:32,1597393927,1597393898,29
2020/8/14 15:31,1597393867,1597393844,23
2020/8/14 15:30,1597393807,1597393806,1
2020/8/14 15:29,1597393747,1597393746,1
2020/8/14 15:28,1597393687,1597393675,12
2020/8/14 15:27,1597393627,1597393624,3
2020/8/14 15:26,1597393567,1597393556,11
2020/8/14 15:25,1597393507,1597393482,25
2020/8/14 15:24,1597393447,1597393446,1
2020/8/14 15:23,1597393387,1597393381,6
2020/8/14 15:22,1597393327,1597393322,5
2020/8/14 15:21,1597393267,1597393244,23
2020/8/14 15:20,1597393207,1597393147,60
2020/8/14 15:19,1597393147,1597393147,0
2020/8/14 15:18,1597393087,1597393070,17
2020/8/14 15:17,1597393027,1597393022,5
2020/8/14 15:16,1597392967,1597392940,27
2020/8/14 15:15,1597392907,1597392898,9
2020/8/14 15:14,1597392847,1597392833,14
2020/8/14 15:13,1597392787,1597392786,1
2020/8/14 15:12,1597392727,1597392700,27
2020/8/14 15:11,1597392667,1597392662,5
2020/8/14 15:10,1597392607,1597392598,9
2020/8/14 15:09,1597392547,1597392517,30
2020/8/14 15:08,1597392487,1597392436,51
2020/8/14 15:07,1597392427,1597392406,21
2020/8/14 15:06,1597392367,1597392348,19
2020/8/14 15:05,1597392307,1597392308,-1
2020/8/14 15:04,1597392247,1597392243,4
2020/8/14 15:03,1597392187,1597392182,5
2020/8/14 15:02,1597392127,1597392030,97
2020/8/14 15:01,1597392067,1597392030,37
2020/8/14 15:00,1597392007,1597391956,51
2020/8/14 14:59,1597391947,1597391928,19
2020/8/14 14:58,1597391887,1597391887,0
2020/8/14 14:57,1597391827,1597391785,42
2020/8/14 14:56,1597391767,1597391765,2
2020/8/14 14:55,1597391707,1597391663,44
2020/8/14 14:54,1597391647,1597391614,33
2020/8/14 14:53,1597391587,1597391582,5
2020/8/14 14:52,1597391527,1597391523,4
2020/8/14 14:51,1597391467,1597391459,8
2020/8/14 14:50,1597391407,1597391359,48
2020/8/14 14:49,1597391347,1597391339,8
2020/8/14 14:48,1597391287,1597391272,15
2020/8/14 14:47,1597391227,1597391217,10
2020/8/14 14:46,1597391167,1597391136,31
2020/8/14 14:45,1597391107,1597391096,11
2020/8/14 14:44,1597391047,1597391040,7
2020/8/14 14:43,1597390987,1597390983,4
2020/8/14 14:42,1597390927,1597390927,0
2020/8/14 14:41,1597390867,1597390864,3
2020/8/14 14:40,1597390807,1597390791,16
2020/8/14 14:39,1597390747,1597390720,27
2020/8/14 14:38,1597390687,1597390648,39
2020/8/14 14:37,1597390627,1597390628,-1
2020/8/14 14:36,1597390567,1597390554,13
2020/8/14 14:35,1597390507,1597390508,-1
2020/8/14 14:34,1597390447,1597390435,12
2020/8/14 14:33,1597390387,1597390343,44
2020/8/14 14:32,1597390327,1597390262,65
2020/8/14 14:31,1597390267,1597390262,5
2020/8/14 14:30,1597390207,1597390171,36
2020/8/14 14:29,1597390147,1597390135,12
2020/8/14 14:28,1597390087,1597390076,11
2020/8/14 14:27,1597390027,1597390008,19
2020/8/14 14:26,1597389967,1597389967,0
2020/8/14 14:25,1597389907,1597389865,42
2020/8/14 14:24,1597389847,1597389784,63
2020/8/14 14:23,1597389787,1597389784,3
2020/8/14 14:22,1597389727,1597389690,37
2020/8/14 14:21,1597389667,1597389662,5
2020/8/14 14:20,1597389607,1597389591,16
2020/8/14 14:19,1597389547,1597389510,37
2020/8/14 14:18,1597389487,1597389480,7
2020/8/14 14:17,1597389427,1597389428,-1
2020/8/14 14:16,1597389367,1597389363,4
2020/8/14 14:15,1597389307,1597389295,12
2020/8/14 14:14,1597389247,1597389239,8
2020/8/14 14:13,1597389187,1597389185,2
2020/8/14 14:12,1597389127,1597389109,18
2020/8/14 14:11,1597389067,1597389032,35
2020/8/14 14:10,1597389007,1597389002,5
2020/8/14 14:09,1597388947,1597388948,-1
2020/8/14 14:08,1597388887,1597388880,7
2020/8/14 14:07,1597388827,1597388817,10
2020/8/14 14:06,1597388767,1597388758,9
2020/8/14 14:05,1597388707,1597388706,1
2020/8/14 14:04,1597388647,1597388606,41
2020/8/14 14:03,1597388587,1597388584,3
2020/8/14 14:02,1597388527,1597388499,28
2020/8/14 14:01,1597388467,1597388463,4
2020/8/14 14:00,1597388407,1597388392,15
2020/8/14 13:59,1597388347,1597388344,3
2020/8/14 13:58,1597388287,1597388280,7
2020/8/14 13:57,1597388227,1597388219,8
2020/8/14 13:56,1597388167,1597388144,23
2020/8/14 13:55,1597388107,1597388087,20
2020/8/14 13:54,1597388047,1597388041,6
2020/8/14 13:53,1597387987,1597387955,32
2020/8/14 13:52,1597387927,1597387922,5
2020/8/14 13:51,1597387867,1597387853,14
2020/8/14 13:50,1597387807,1597387792,15
2020/8/14 13:49,1597387747,1597387731,16
2020/8/14 13:48,1597387687,1597387654,33
2020/8/14 13:47,1597387627,1597387609,18
2020/8/14 13:46,1597387567,1597387528,39
2020/8/14 13:45,1597387507,1597387466,41
2020/8/14 13:44,1597387447,1597387437,10
2020/8/14 13:43,1597387387,1597387365,22
2020/8/14 13:42,1597387327,1597387304,23
2020/8/14 13:41,1597387267,1597387244,23
2020/8/14 13:40,1597387207,1597387009,198
2020/8/14 13:39,1597387147,1597387009,138
2020/8/14 13:38,1597387087,1597387009,78
2020/8/14 13:37,1597387027,1597387009,18
2020/8/14 13:36,1597386967,1597386958,9
2020/8/14 13:35,1597386907,1597386854,53
2020/8/14 13:34,1597386847,1597386785,62
2020/8/14 13:33,1597386787,1597386785,2
2020/8/14 13:32,1597386727,1597386713,14
2020/8/14 13:31,1597386667,1597386654,13
2020/8/14 13:30,1597386607,1597386558,49
2020/8/14 13:29,1597386547,1597386542,5
2020/8/14 13:28,1597386487,1597386480,7
2020/8/14 13:27,1597386427,1597386390,37
2020/8/14 13:26,1597386367,1597386323,44
2020/8/14 13:25,1597386307,1597386295,12
2020/8/14 13:24,1597386247,1597386237,10
2020/8/14 13:23,1597386187,1597386044,143
2020/8/14 13:22,1597386127,1597386044,83
2020/8/14 13:21,1597386067,1597386044,23
2020/8/14 13:20,1597386007,1597385969,38
2020/8/14 13:19,1597385947,1597385939,8
2020/8/14 13:18,1597385887,1597385840,47
2020/8/14 13:17,1597385827,1597385759,68
2020/8/14 13:16,1597385767,1597385759,8
2020/8/14 13:15,1597385707,1597385708,-1
2020/8/14 13:14,1597385647,1597385638,9
2020/8/14 13:13,1597385587,1597385505,82
2020/8/14 13:12,1597385527,1597385505,22
2020/8/14 13:11,1597385467,1597385458,9
2020/8/14 13:10,1597385407,1597385357,50
2020/8/14 13:09,1597385347,1597385291,56
2020/8/14 13:08,1597385287,1597385236,51
2020/8/14 13:07,1597385227,1597385212,15
2020/8/14 13:06,1597385167,1597385117,50
2020/8/14 13:05,1597385107,1597385108,-1
2020/8/14 13:04,1597385047,1597385027,20
2020/8/14 13:03,1597384987,1597384987,0
2020/8/14 13:02,1597384927,1597384916,11
2020/8/14 13:01,1597384867,1597384844,23
2020/8/14 13:00,1597384807,1597384807,0
2020/8/14 12:59,1597384747,1597384723,24
2020/8/14 12:58,1597384687,1597384680,7
2020/8/14 12:57,1597384627,1597384604,23
2020/8/14 12:56,1597384567,1597384529,38
2020/8/14 12:55,1597384507,1597384476,31
2020/8/14 12:54,1597384447,1597384448,-1
2020/8/14 12:53,1597384387,1597384387,0
2020/8/14 12:52,1597384327,1597384276,51
2020/8/14 12:51,1597384267,1597384255,12
2020/8/14 12:50,1597384207,1597384205,2
2020/8/14 12:49,1597384147,1597384143,4
2020/8/14 12:48,1597384087,1597384063,24
2020/8/14 12:47,1597384027,1597384001,26
2020/8/14 12:46,1597383967,1597383964,3
2020/8/14 12:45,1597383907,1597383902,5
2020/8/14 12:44,1597383847,1597383788,59
2020/8/14 12:43,1597383787,1597383788,-1
2020/8/14 12:42,1597383727,1597383685,42
2020/8/14 12:41,1597383667,1597383635,32
2020/8/14 12:40,1597383607,1597383585,22
2020/8/14 12:39,1597383547,1597383462,85
2020/8/14 12:38,1597383487,1597383462,25
2020/8/14 12:37,1597383428,1597383422,6
2020/8/14 12:36,1597383367,1597383320,47
2020/8/14 12:35,1597383307,1597383259,48
2020/8/14 12:34,1597383247,1597383200,47
2020/8/14 12:33,1597383187,1597383117,70
2020/8/14 12:32,1597383127,1597383117,10
2020/8/14 12:31,1597383067,1597383036,31
2020/8/14 12:30,1597383007,1597382981,26
2020/8/14 12:29,1597382947,1597382924,23
2020/8/14 12:28,1597382887,1597382872,15
2020/8/14 12:27,1597382827,1597382716,111
2020/8/14 12:26,1597382767,1597382716,51
2020/8/14 12:25,1597382707,1597382679,28
2020/8/14 12:24,1597382647,1597382637,10
2020/8/14 12:23,1597382587,1597382584,3
2020/8/14 12:22,1597382527,1597382528,-1
2020/8/14 12:21,1597382467,1597382395,72
2020/8/14 12:20,1597382407,1597382395,12
2020/8/14 12:19,1597382347,1597382324,23
2020/8/14 12:18,1597382287,1597382286,1
2020/8/14 12:17,1597382227,1597382214,13
2020/8/14 12:16,1597382167,1597382039,128
2020/8/14 12:15,1597382107,1597382039,68
2020/8/14 12:14,1597382047,1597382039,8
2020/8/14 12:13,1597381987,1597381978,9
2020/8/14 12:12,1597381927,1597381907,20
2020/8/14 12:11,1597381867,1597381825,42
2020/8/14 12:10,1597381807,1597381775,32
2020/8/14 12:09,1597381747,1597381745,2
2020/8/14 12:08,1597381687,1597381652,35
2020/8/14 12:07,1597381627,1597381622,5
2020/8/14 12:06,1597381567,1597381565,2
2020/8/14 12:05,1597381507,1597381500,7
2020/8/14 12:04,1597381447,1597381327,120
2020/8/14 12:03,1597381387,1597381327,60
2020/8/14 12:02,1597381327,1597381327,0
2020/8/14 12:01,1597381267,1597381175,92
2020/8/14 12:00,1597381207,1597381175,32
2020/8/14 11:59,1597381147,1597381137,10
2020/8/14 11:58,1597381087,1597381063,24
2020/8/14 11:57,1597381027,1597380981,46
2020/8/14 11:56,1597380967,1597380930,37
2020/8/14 11:55,1597380907,1597380901,6
2020/8/14 11:54,1597380847,1597380822,25
2020/8/14 11:53,1597380787,1597380767,20
2020/8/14 11:52,1597380727,1597380707,20
2020/8/14 11:51,1597380667,1597380666,1
2020/8/14 11:50,1597380607,1597380574,33
2020/8/14 11:49,1597380547,1597380532,15
2020/8/14 11:48,1597380487,1597380483,4
2020/8/14 11:47,1597380427,1597380390,37
2020/8/14 11:46,1597380367,1597380321,46
2020/8/14 11:45,1597380307,1597380239,68
2020/8/14 11:44,1597380247,1597380239,8
2020/8/14 11:43,1597380187,1597380189,-2
2020/8/14 11:42,1597380127,1597380115,12
2020/8/14 11:41,1597380067,1597380045,22
2020/8/14 11:40,1597380007,1597379988,19
2020/8/14 11:39,1597379947,1597379944,3
2020/8/14 11:38,1597379887,1597379878,9
2020/8/14 11:37,1597379827,1597379792,35
2020/8/14 11:36,1597379767,1597379692,75
2020/8/14 11:35,1597379707,1597379692,15
2020/8/14 11:34,1597379647,1597379640,7
2020/8/14 11:33,1597379587,1597379549,38
2020/8/14 11:32,1597379527,1597379441,86
2020/8/14 11:31,1597379467,1597379441,26
2020/8/14 11:30,1597379407,1597379404,3
2020/8/14 11:29,1597379347,1597379329,18
2020/8/14 11:28,1597379287,1597379274,13
2020/8/14 11:27,1597379227,1597379010,217
2020/8/14 11:26,1597379167,1597379010,157
2020/8/14 11:25,1597379107,1597379010,97
2020/8/14 11:24,1597379047,1597379010,37
2020/8/14 11:23,1597378987,1597378928,59
2020/8/14 11:22,1597378927,1597378928,-1
2020/8/14 11:21,1597378867,1597378862,5
2020/8/14 11:20,1597378807,1597378786,21
2020/8/14 11:19,1597378747,1597378735,12
2020/8/14 11:18,1597378687,1597378634,53
2020/8/14 11:17,1597378627,1597378575,52
2020/8/14 11:16,1597378567,1597378522,45
2020/8/14 11:15,1597378507,1597378407,100
2020/8/14 11:14,1597378447,1597378407,40
2020/8/14 11:13,1597378387,1597378369,18
2020/8/14 11:12,1597378327,1597378309,18
2020/8/14 11:11,1597378267,1597378135,132
2020/8/14 11:10,1597378207,1597378135,72
2020/8/14 11:09,1597378147,1597378135,12
2020/8/14 11:08,1597378087,1597377952,135
2020/8/14 11:07,1597378027,1597377952,75
2020/8/14 11:06,1597377967,1597377952,15
2020/8/14 11:05,1597377907,1597377861,46
2020/8/14 11:04,1597377847,1597377830,17
2020/8/14 11:03,1597377787,1597377647,140
2020/8/14 11:02,1597377727,1597377647,80
2020/8/14 11:01,1597377667,1597377647,20
2020/8/14 11:00,1597377607,1597377545,62
2020/8/14 10:59,1597377547,1597377545,2
2020/8/14 10:58,1597377487,1597377412,75
2020/8/14 10:57,1597377427,1597377412,15
2020/8/14 10:56,1597377367,1597377311,56
2020/8/14 10:55,1597377307,1597377270,37
2020/8/14 10:54,1597377247,1597377229,18
2020/8/14 10:53,1597377187,1597377087,100
2020/8/14 10:52,1597377127,1597377087,40
2020/8/14 10:51,1597377067,1597376995,72
2020/8/14 10:50,1597377007,1597376995,12
2020/8/14 10:49,1597376947,1597376944,3
2020/8/14 10:48,1597376887,1597376812,75
2020/8/14 10:47,1597376827,1597376812,15
2020/8/14 10:46,1597376767,1597376768,-1
2020/8/14 10:45,1597376707,1597376619,88
2020/8/14 10:44,1597376647,1597376619,28
2020/8/14 10:43,1597376587,1597376560,27
2020/8/14 10:42,1597376527,1597376437,90
2020/8/14 10:41,1597376467,1597376437,30
2020/8/14 10:40,1597376407,1597376345,62
2020/8/14 10:39,1597376347,1597376345,2
2020/8/14 10:38,1597376287,1597376280,7
2020/8/14 10:37,1597376227,1597376215,12
2020/8/14 10:36,1597376167,1597376151,16
2020/8/14 10:35,1597376107,1597376079,28
2020/8/14 10:34,1597376047,1597376041,6
2020/8/14 10:33,1597375987,1597375983,4
2020/8/14 10:32,1597375927,1597375866,61
2020/8/14 10:31,1597375867,1597375866,1
2020/8/14 10:30,1597375807,1597375764,43
2020/8/14 10:29,1597375747,1597375703,44
2020/8/14 10:28,1597375687,1597375633,54
2020/8/14 10:27,1597375627,1597375583,44
2020/8/14 10:26,1597375567,1597375521,46
2020/8/14 10:25,1597375507,1597375480,27
2020/8/14 10:24,1597375447,1597375432,15
2020/8/14 10:23,1597375387,1597375349,38
2020/8/14 10:22,1597375327,1597375308,19
2020/8/14 10:21,1597375267,1597375186,81
2020/8/14 10:20,1597375207,1597375186,21
2020/8/14 10:19,1597375147,1597375082,65
2020/8/14 10:18,1597375087,1597375082,5
2020/8/14 10:17,1597375027,1597374987,40
2020/8/14 10:16,1597374967,1597374960,7
2020/8/14 10:15,1597374907,1597374889,18
2020/8/14 10:14,1597374847,1597374848,-1
2020/8/14 10:13,1597374787,1597374665,122
2020/8/14 10:12,1597374727,1597374665,62
2020/8/14 10:11,1597374667,1597374665,2
2020/8/14 10:10,1597374607,1597374594,13
2020/8/14 10:09,1597374547,1597374544,3
2020/8/14 10:08,1597374487,1597374451,36
2020/8/14 10:07,1597374427,1597374391,36
2020/8/14 10:06,1597374367,1597374268,99
2020/8/14 10:05,1597374307,1597374268,39
2020/8/14 10:04,1597374247,1597374239,8
2020/8/14 10:03,1597374187,1597374167,20
2020/8/14 10:02,1597374127,1597374107,20
2020/8/14 10:01,1597374067,1597374065,2
2020/8/14 10:00,1597374007,1597373994,13
2020/8/14 09:59,1597373947,1597373910,37
2020/8/14 09:58,1597373887,1597373885,2
2020/8/14 09:57,1597373827,1597373780,47
2020/8/14 09:56,1597373767,1597373762,5
2020/8/14 09:55,1597373707,1597373688,19
2020/8/14 09:54,1597373647,1597373628,19
2020/8/14 09:53,1597373587,1597373536,51
2020/8/14 09:52,1597373527,1597373467,60
2020/8/14 09:51,1597373467,1597373467,0
2020/8/14 09:50,1597373407,1597373353,54
2020/8/14 09:49,1597373347,1597373333,14
2020/8/14 09:48,1597373287,1597373288,-1
2020/8/14 09:47,1597373227,1597373165,62
2020/8/14 09:46,1597373167,1597373165,2
2020/8/14 09:45,1597373107,1597373048,59
2020/8/14 09:44,1597373047,1597373048,-1
2020/8/14 09:43,1597372987,1597372976,11
2020/8/14 09:42,1597372927,1597372923,4
2020/8/14 09:41,1597372867,1597372833,34
2020/8/14 09:40,1597372807,1597372740,67
2020/8/14 09:39,1597372747,1597372740,7
2020/8/14 09:38,1597372687,1597372682,5
2020/8/14 09:37,1597372627,1597372623,4
2020/8/14 09:36,1597372567,1597372568,-1
2020/8/14 09:35,1597372507,1597372466,41
2020/8/14 09:34,1597372447,1597372445,2
2020/8/14 09:33,1597372387,1597372328,59
2020/8/14 09:32,1597372327,1597372328,-1
2020/8/14 09:31,1597372267,1597372206,61
2020/8/14 09:30,1597372207,1597372206,1
2020/8/14 09:29,1597372147,1597371961,186
2020/8/14 09:28,1597372087,1597371961,126
2020/8/14 09:27,1597372027,1597371961,66
2020/8/14 09:26,1597371967,1597371961,6
2020/8/14 09:25,1597371907,1597371851,56
2020/8/14 09:24,1597371847,1597371835,12
2020/8/14 09:23,1597371787,1597371748,39
2020/8/14 09:22,1597371727,1597371560,167
2020/8/14 09:21,1597371667,1597371560,107
2020/8/14 09:20,1597371607,1597371560,47
2020/8/14 09:19,1597371547,1597371465,82
2020/8/14 09:18,1597371487,1597371465,22
2020/8/14 09:17,1597371427,1597371424,3
2020/8/14 09:16,1597371367,1597371346,21
2020/8/14 09:15,1597371307,1597371302,5
2020/8/14 09:14,1597371247,1597371230,17
2020/8/14 09:13,1597371187,1597371140,47
2020/8/14 09:12,1597371128,1597371120,8
2020/8/14 09:11,1597371067,1597371064,3
2020/8/14 09:10,1597371007,1597370981,26
2020/8/14 09:09,1597370947,1597370858,89
2020/8/14 09:08,1597370887,1597370858,29
2020/8/14 09:07,1597370827,1597370755,72
2020/8/14 09:06,1597370767,1597370755,12
2020/8/14 09:05,1597370707,1597370699,8
2020/8/14 09:04,1597370647,1597370641,6
2020/8/14 09:03,1597370587,1597370567,20
2020/8/14 09:02,1597370527,1597370526,1
2020/8/14 09:01,1597370467,1597370467,0
2020/8/14 09:00,1597370407,1597370364,43
2020/8/14 08:59,1597370347,1597370329,18
2020/8/14 08:58,1597370287,1597370278,9
2020/8/14 08:57,1597370227,1597370222,5
2020/8/14 08:56,1597370167,1597370135,32
2020/8/14 08:55,1597370107,1597370077,30
2020/8/14 08:54,1597370047,1597370009,38
2020/8/14 08:53,1597369987,1597369963,24
2020/8/14 08:52,1597369927,1597369927,0
2020/8/14 08:51,1597369867,1597369846,21
2020/8/14 08:50,1597369807,1597369804,3
2020/8/14 08:49,1597369747,1597369730,17
2020/8/14 08:48,1597369687,1597369687,0
2020/8/14 08:47,1597369627,1597369608,19
2020/8/14 08:46,1597369567,1597369497,70
2020/8/14 08:45,1597369507,1597369497,10
2020/8/14 08:44,1597369447,1597369430,17
2020/8/14 08:43,1597369387,1597369385,2
2020/8/14 08:42,1597369327,1597369263,64
2020/8/14 08:41,1597369267,1597369263,4
2020/8/14 08:40,1597369207,1597369070,137
2020/8/14 08:39,1597369147,1597369070,77
2020/8/14 08:38,1597369087,1597369070,17
2020/8/14 08:37,1597369027,1597369018,9
2020/8/14 08:36,1597368967,1597368948,19
2020/8/14 08:35,1597368907,1597368784,123
2020/8/14 08:34,1597368847,1597368784,63
2020/8/14 08:33,1597368787,1597368784,3
2020/8/14 08:32,1597368727,1597368681,46
2020/8/14 08:31,1597368667,1597368651,16
2020/8/14 08:30,1597368607,1597368569,38
2020/8/14 08:29,1597368547,1597368478,69
2020/8/14 08:28,1597368487,1597368478,9
2020/8/14 08:27,1597368427,1597368386,41
2020/8/14 08:26,1597368367,1597368354,13
2020/8/14 08:25,1597368307,1597368193,114
2020/8/14 08:24,1597368247,1597368193,54
2020/8/14 08:23,1597368187,1597368185,2
2020/8/14 08:22,1597368127,1597368083,44
2020/8/14 08:21,1597368067,1597368030,37
2020/8/14 08:20,1597368007,1597368006,1
2020/8/14 08:19,1597367948,1597367927,21
2020/8/14 08:18,1597367887,1597367836,51
2020/8/14 08:17,1597367827,1597367821,6
2020/8/14 08:16,1597367767,1597367764,3
2020/8/14 08:15,1597367707,1597367708,-1
2020/8/14 08:14,1597367647,1597367615,32
2020/8/14 08:13,1597367587,1597367586,1
2020/8/14 08:12,1597367527,1597367469,58
2020/8/14 08:11,1597367467,1597367437,30
2020/8/14 08:10,1597367407,1597367398,9
2020/8/14 08:09,1597367347,1597367344,3
2020/8/14 08:08,1597367287,1597367285,2
2020/8/14 08:07,1597367227,1597367225,2
2020/8/14 08:06,1597367167,1597367124,43
2020/8/14 08:05,1597367107,1597367062,45
2020/8/14 08:04,1597367047,1597367039,8
2020/8/14 08:03,1597366987,1597366971,16
2020/8/14 08:02,1597366927,1597366869,58
2020/8/14 08:01,1597366867,1597366849,18
2020/8/14 08:00,1597366807,1597366798,9
2020/8/14 07:59,1597366747,1597366737,10
2020/8/14 07:58,1597366687,1597366616,71
2020/8/14 07:57,1597366627,1597366616,11
2020/8/14 07:56,1597366567,1597366554,13
2020/8/14 07:55,1597366507,1597366508,-1
2020/8/14 07:54,1597366447,1597366439,8
2020/8/14 07:53,1597366387,1597366383,4
2020/8/14 07:52,1597366327,1597366271,56
2020/8/14 07:51,1597366267,1597366228,39
2020/8/14 07:50,1597366207,1597366159,48
2020/8/14 07:49,1597366147,1597366133,14
2020/8/14 07:48,1597366087,1597366068,19
2020/8/14 07:47,1597366027,1597366027,0
2020/8/14 07:46,1597365967,1597365943,24
2020/8/14 07:45,1597365907,1597365898,9
2020/8/14 07:44,1597365847,1597365825,22
2020/8/14 07:43,1597365787,1597365733,54
2020/8/14 07:42,1597365727,1597365712,15
2020/8/14 07:41,1597365667,1597365668,-1
2020/8/14 07:40,1597365607,1597365567,40
2020/8/14 07:39,1597365547,1597365502,45
2020/8/14 07:38,1597365487,1597365458,29
2020/8/14 07:37,1597365427,1597365426,1
2020/8/14 07:36,1597365367,1597365343,24
2020/8/14 07:35,1597365307,1597365203,104
2020/8/14 07:34,1597365247,1597365203,44
2020/8/14 07:33,1597365187,1597365101,86
2020/8/14 07:32,1597365127,1597365101,26
2020/8/14 07:31,1597365067,1597365051,16
2020/8/14 07:30,1597365007,1597365007,0
2020/8/14 07:29,1597364947,1597364946,1
2020/8/14 07:28,1597364887,1597364889,-2
2020/8/14 07:27,1597364827,1597364787,40
2020/8/14 07:26,1597364767,1597364666,101
2020/8/14 07:25,1597364707,1597364666,41
2020/8/14 07:24,1597364647,1597364613,34
2020/8/14 07:23,1597364587,1597364554,33
2020/8/14 07:22,1597364527,1597364520,7
2020/8/14 07:21,1597364467,1597364412,55
2020/8/14 07:20,1597364407,1597364322,85
2020/8/14 07:19,1597364347,1597364322,25
2020/8/14 07:18,1597364287,1597364240,47
2020/8/14 07:17,1597364227,1597364199,28
2020/8/14 07:16,1597364168,1597364167,1
2020/8/14 07:15,1597364107,1597364005,102
2020/8/14 07:14,1597364047,1597364005,42
2020/8/14 07:13,1597363987,1597363960,27
2020/8/14 07:12,1597363927,1597363922,5
2020/8/14 07:11,1597363867,1597363072,795
2020/8/14 07:10,1597363807,1597363072,735
2020/8/14 07:09,1597363747,1597363072,675
2020/8/14 07:08,1597363687,1597363072,615
2020/8/14 07:07,1597363627,1597363072,555
2020/8/14 07:06,1597363567,1597363072,495
2020/8/14 07:05,1597363507,1597363072,435
2020/8/14 07:04,1597363447,1597363072,375
2020/8/14 07:03,1597363387,1597363072,315
2020/8/14 07:02,1597363327,1597363072,255
2020/8/14 07:01,1597363267,1597363072,195
2020/8/14 07:00,1597363207,1597363072,135
2020/8/14 06:59,1597363147,1597363072,75
2020/8/14 06:58,1597363087,1597363072,15
2020/8/14 06:57,1597363027,1597362905,122
2020/8/14 06:56,1597362967,1597362905,62
2020/8/14 06:55,1597362907,1597362905,2
2020/8/14 06:54,1597362847,1597362717,130
2020/8/14 06:53,1597362787,1597362717,70
2020/8/14 06:52,1597362727,1597362717,10
2020/8/14 06:51,1597362667,1597362626,41
2020/8/14 06:50,1597362607,1597362535,72
2020/8/14 06:49,1597362547,1597362535,12
2020/8/14 06:48,1597362487,1597362393,94
2020/8/14 06:47,1597362427,1597362393,34
2020/8/14 06:46,1597362367,1597362362,5
2020/8/14 06:45,1597362307,1597362140,167
2020/8/14 06:44,1597362247,1597362140,107
2020/8/14 06:43,1597362187,1597362140,47
2020/8/14 06:42,1597362127,1597362068,59
2020/8/14 06:41,1597362067,1597362068,-1
2020/8/14 06:40,1597362007,1597361977,30
2020/8/14 06:39,1597361947,1597361946,1
2020/8/14 06:38,1597361887,1597361875,12
2020/8/14 06:37,1597361827,1597361753,74
2020/8/14 06:36,1597361767,1597361753,14
2020/8/14 06:35,1597361707,1597361672,35
2020/8/14 06:34,1597361647,1597361641,6
2020/8/14 06:33,1597361587,1597361550,37
2020/8/14 06:32,1597361527,1597361510,17
2020/8/14 06:31,1597361467,1597361429,38
2020/8/14 06:30,1597361407,1597361377,30
2020/8/14 06:29,1597361347,1597361297,50
2020/8/14 06:28,1597361287,1597361185,102
2020/8/14 06:27,1597361227,1597361185,42
2020/8/14 06:26,1597361167,1597361094,73
2020/8/14 06:25,1597361107,1597361094,13
2020/8/14 06:24,1597361047,1597360951,96
2020/8/14 06:23,1597360987,1597360951,36
2020/8/14 06:22,1597360927,1597360860,67
2020/8/14 06:21,1597360867,1597360860,7
2020/8/14 06:20,1597360807,1597360779,28
2020/8/14 06:19,1597360747,1597360688,59
2020/8/14 06:18,1597360687,1597360688,-1
2020/8/14 06:17,1597360627,1597360627,0
2020/8/14 06:16,1597360567,1597360515,52
2020/8/14 06:15,1597360507,1597360475,32
2020/8/14 06:14,1597360447,1597360399,48
2020/8/14 06:13,1597360387,1597360384,3
2020/8/14 06:12,1597360327,1597360323,4
2020/8/14 06:11,1597360267,1597360180,87
2020/8/14 06:10,1597360207,1597360180,27
2020/8/14 06:09,1597360147,1597360028,119
2020/8/14 06:08,1597360087,1597360028,59
2020/8/14 06:07,1597360027,1597360028,-1
2020/8/14 06:06,1597359967,1597359889,78
2020/8/14 06:05,1597359907,1597359889,18
2020/8/14 06:04,1597359847,1597359845,2
2020/8/14 06:03,1597359787,1597359785,2
2020/8/14 06:02,1597359727,1597359709,18
2020/8/14 06:01,1597359667,1597359653,14
2020/8/14 06:00,1597359607,1597359551,56
2020/8/14 05:59,1597359547,1597359491,56
2020/8/14 05:58,1597359487,1597359488,-1
2020/8/14 05:57,1597359427,1597359419,8
2020/8/14 05:56,1597359367,1597359338,29
2020/8/14 05:55,1597359307,1597359239,68
2020/8/14 05:54,1597359247,1597359239,8
2020/8/14 05:53,1597359187,1597359175,12
2020/8/14 05:52,1597359127,1597359033,94
2020/8/14 05:51,1597359067,1597359033,34
2020/8/14 05:50,1597359007,1597358831,176
2020/8/14 05:49,1597358947,1597358831,116
2020/8/14 05:48,1597358887,1597358831,56
2020/8/14 05:47,1597358827,1597358821,6
2020/8/14 05:46,1597358767,1597358750,17
2020/8/14 05:45,1597358707,1597358598,109
2020/8/14 05:44,1597358647,1597358598,49
2020/8/14 05:43,1597358587,1597358567,20
2020/8/14 05:42,1597358527,1597358526,1
2020/8/14 05:41,1597358467,1597358435,32
2020/8/14 05:40,1597358407,1597358404,3
2020/8/14 05:39,1597358347,1597358333,14
2020/8/14 05:38,1597358287,1597358256,31
2020/8/14 05:37,1597358227,1597358221,6
2020/8/14 05:36,1597358167,1597358162,5
2020/8/14 05:35,1597358107,1597358071,36
2020/8/14 05:34,1597358047,1597358018,29
2020/8/14 05:33,1597357987,1597357947,40
2020/8/14 05:32,1597357927,1597357876,51
2020/8/14 05:31,1597357867,1597357865,2
2020/8/14 05:30,1597357807,1597357765,42
2020/8/14 05:29,1597357747,1597357746,1
2020/8/14 05:28,1597357687,1597357683,4
2020/8/14 05:27,1597357627,1597357612,15
2020/8/14 05:26,1597357567,1597357531,36
2020/8/14 05:25,1597357507,1597357502,5
2020/8/14 05:24,1597357447,1597357430,17
2020/8/14 05:23,1597357387,1597357369,18
2020/8/14 05:22,1597357327,1597357308,19
2020/8/14 05:21,1597357267,1597357219,48
2020/8/14 05:20,1597357207,1597357201,6
2020/8/14 05:19,1597357147,1597357148,-1
2020/8/14 05:18,1597357087,1597357074,13
2020/8/14 05:17,1597357027,1597357008,19
2020/8/14 05:16,1597356967,1597356932,35
2020/8/14 05:15,1597356907,1597356908,-1
2020/8/14 05:14,1597356847,1597356831,16
2020/8/14 05:13,1597356787,1597356694,93
2020/8/14 05:12,1597356727,1597356694,33
2020/8/14 05:11,1597356667,1597356658,9
2020/8/14 05:10,1597356607,1597356577,30
2020/8/14 05:09,1597356547,1597356526,21
2020/8/14 05:08,1597356487,1597356483,4
2020/8/14 05:07,1597356427,1597356418,9
2020/8/14 05:06,1597356367,1597356367,0
2020/8/14 05:05,1597356307,1597356283,24
2020/8/14 05:04,1597356247,1597356242,5
2020/8/14 05:03,1597356187,1597356182,5
2020/8/14 05:02,1597356127,1597356128,-1
2020/8/14 05:01,1597356067,1597356059,8
2020/8/14 05:00,1597356007,1597355957,50
2020/8/14 04:59,1597355947,1597355937,10
2020/8/14 04:58,1597355887,1597355866,21
2020/8/14 04:57,1597355827,1597355828,-1
2020/8/14 04:56,1597355767,1597355765,2
2020/8/14 04:55,1597355707,1597355703,4
2020/8/14 04:54,1597355647,1597355623,24
2020/8/14 04:53,1597355587,1597355562,25
2020/8/14 04:52,1597355527,1597355493,34
2020/8/14 04:51,1597355467,1597355379,88
2020/8/14 04:50,1597355407,1597355379,28
2020/8/14 04:49,1597355347,1597355338,9
2020/8/14 04:48,1597355287,1597355287,0
2020/8/14 04:47,1597355227,1597355196,31
2020/8/14 04:46,1597355167,1597355155,12
2020/8/14 04:45,1597355107,1597355054,53
2020/8/14 04:44,1597355047,1597355040,7
2020/8/14 04:43,1597354987,1597354948,39
2020/8/14 04:42,1597354927,1597354902,25
2020/8/14 04:41,1597354867,1597354841,26
2020/8/14 04:40,1597354807,1597354780,27
2020/8/14 04:39,1597354747,1597354733,14
2020/8/14 04:38,1597354687,1597354678,9
2020/8/14 04:37,1597354627,1597354618,9
2020/8/14 04:36,1597354567,1597354557,10
2020/8/14 04:35,1597354507,1597354496,11
2020/8/14 04:34,1597354447,1597354415,32
2020/8/14 04:33,1597354387,1597354323,64
2020/8/14 04:32,1597354327,1597354323,4
2020/8/14 04:31,1597354267,1597354267,0
2020/8/14 04:30,1597354207,1597354202,5
2020/8/14 04:29,1597354147,1597354141,6
2020/8/14 04:28,1597354087,1597354070,17
2020/8/14 04:27,1597354027,1597353994,33
2020/8/14 04:26,1597353967,1597353938,29
2020/8/14 04:25,1597353907,1597353827,80
2020/8/14 04:24,1597353847,1597353827,20
2020/8/14 04:23,1597353787,1597353755,32
2020/8/14 04:22,1597353727,1597353674,53
2020/8/14 04:21,1597353667,1597353637,30
2020/8/14 04:20,1597353607,1597353482,125
2020/8/14 04:19,1597353547,1597353482,65
2020/8/14 04:18,1597353487,1597353482,5
2020/8/14 04:17,1597353427,1597353418,9
2020/8/14 04:16,1597353367,1597353368,-1
2020/8/14 04:15,1597353307,1597353268,39
2020/8/14 04:14,1597353247,1597353242,5
2020/8/14 04:13,1597353187,1597353167,20
2020/8/14 04:12,1597353127,1597353055,72
2020/8/14 04:11,1597353067,1597353055,12
2020/8/14 04:10,1597353007,1597352944,63
2020/8/14 04:09,1597352947,1597352944,3
2020/8/14 04:08,1597352887,1597352832,55
2020/8/14 04:07,1597352827,1597352791,36
2020/8/14 04:06,1597352767,1597352764,3
2020/8/14 04:05,1597352707,1597352700,7
2020/8/14 04:04,1597352647,1597352557,90
2020/8/14 04:03,1597352588,1597352557,31
2020/8/14 04:02,1597352527,1597352467,60
2020/8/14 04:01,1597352467,1597352467,0
2020/8/14 04:00,1597352407,1597352395,12
2020/8/14 03:59,1597352347,1597352344,3
2020/8/14 03:58,1597352287,1597352274,13
2020/8/14 03:57,1597352227,1597352223,4
2020/8/14 03:56,1597352167,1597352130,37
2020/8/14 03:55,1597352107,1597352094,13
2020/8/14 03:54,1597352047,1597352043,4
2020/8/14 03:53,1597351987,1597351825,162
2020/8/14 03:52,1597351927,1597351825,102
2020/8/14 03:51,1597351867,1597351825,42
2020/8/14 03:50,1597351807,1597351754,53
2020/8/14 03:49,1597351747,1597351724,23
2020/8/14 03:48,1597351687,1597351687,0
2020/8/14 03:47,1597351627,1597351510,117
2020/8/14 03:46,1597351567,1597351510,57
2020/8/14 03:45,1597351507,1597351497,10
2020/8/14 03:44,1597351447,1597351429,18
2020/8/14 03:43,1597351387,1597351348,39
2020/8/14 03:42,1597351327,1597351328,-1
2020/8/14 03:41,1597351267,1597351236,31
2020/8/14 03:40,1597351207,1597351109,98
2020/8/14 03:39,1597351147,1597351109,38
2020/8/14 03:38,1597351087,1597351064,23
2020/8/14 03:37,1597351027,1597350983,44
2020/8/14 03:36,1597350967,1597350801,166
2020/8/14 03:35,1597350907,1597350801,106
2020/8/14 03:34,1597350847,1597350801,46
2020/8/14 03:33,1597350787,1597350750,37
2020/8/14 03:32,1597350727,1597350679,48
2020/8/14 03:31,1597350667,1597350658,9
2020/8/14 03:30,1597350607,1597350567,40
2020/8/14 03:29,1597350547,1597350526,21
2020/8/14 03:28,1597350487,1597350461,26
2020/8/14 03:27,1597350427,1597350428,-1
2020/8/14 03:26,1597350367,1597350358,9
2020/8/14 03:25,1597350307,1597350307,0
2020/8/14 03:24,1597350247,1597350239,8
2020/8/14 03:23,1597350187,1597350180,7
2020/8/14 03:22,1597350127,1597350090,37
2020/8/14 03:21,1597350067,1597350054,13
2020/8/14 03:20,1597350007,1597349968,39
2020/8/14 03:19,1597349947,1597349948,-1
2020/8/14 03:18,1597349887,1597349837,50
2020/8/14 03:17,1597349827,1597349796,31
2020/8/14 03:16,1597349767,1597349735,32
2020/8/14 03:15,1597349707,1597349684,23
2020/8/14 03:14,1597349647,1597349632,15
2020/8/14 03:13,1597349587,1597349542,45
2020/8/14 03:12,1597349527,1597349508,19
2020/8/14 03:11,1597349467,1597349288,179
2020/8/14 03:10,1597349407,1597349288,119
2020/8/14 03:09,1597349347,1597349288,59
2020/8/14 03:08,1597349287,1597349288,-1
2020/8/14 03:07,1597349227,1597349197,30
2020/8/14 03:06,1597349167,1597349163,4
2020/8/14 03:05,1597349107,1597349105,2
2020/8/14 03:04,1597349047,1597349044,3
2020/8/14 03:03,1597348987,1597348988,-1
2020/8/14 03:02,1597348927,1597348842,85
2020/8/14 03:01,1597348867,1597348842,25
2020/8/14 03:00,1597348807,1597348740,67
2020/8/14 02:59,1597348747,1597348740,7
2020/8/14 02:58,1597348687,1597348685,2
2020/8/14 02:57,1597348627,1597348567,60
2020/8/14 02:56,1597348567,1597348567,0
2020/8/14 02:55,1597348507,1597348507,0
2020/8/14 02:54,1597348447,1597348365,82
2020/8/14 02:53,1597348387,1597348365,22
2020/8/14 02:52,1597348327,1597348304,23
2020/8/14 02:51,1597348267,1597348268,-1
2020/8/14 02:50,1597348207,1597348192,15
2020/8/14 02:49,1597348147,1597348136,11
2020/8/14 02:48,1597348087,1597348013,74
2020/8/14 02:47,1597348027,1597348013,14
2020/8/14 02:46,1597347967,1597347918,49
2020/8/14 02:45,1597347907,1597347839,68
2020/8/14 02:44,1597347847,1597347839,8
2020/8/14 02:43,1597347787,1597347756,31
2020/8/14 02:42,1597347727,1597347665,62
2020/8/14 02:41,1597347667,1597347665,2
2020/8/14 02:40,1597347607,1597347608,-1
2020/8/14 02:39,1597347547,1597347546,1
2020/8/14 02:38,1597347487,1597347470,17
2020/8/14 02:37,1597347427,1597347421,6
2020/8/14 02:36,1597347367,1597347360,7
2020/8/14 02:35,1597347307,1597347249,58
2020/8/14 02:34,1597347247,1597347210,37
2020/8/14 02:33,1597347187,1597347187,0
2020/8/14 02:32,1597347127,1597347123,4
2020/8/14 02:31,1597347067,1597347066,1
2020/8/14 02:30,1597347007,1597346933,74
2020/8/14 02:29,1597346947,1597346933,14
2020/8/14 02:28,1597346887,1597346843,44
2020/8/14 02:27,1597346827,1597346813,14
2020/8/14 02:26,1597346767,1597346694,73
2020/8/14 02:25,1597346707,1597346694,13
2020/8/14 02:24,1597346647,1597346610,37
2020/8/14 02:23,1597346587,1597346533,54
2020/8/14 02:22,1597346527,1597346522,5
2020/8/14 02:21,1597346467,1597346454,13
2020/8/14 02:20,1597346407,1597346397,10
2020/8/14 02:19,1597346347,1597346306,41
2020/8/14 02:18,1597346287,1597346275,12
2020/8/14 02:17,1597346227,1597346194,33
2020/8/14 02:16,1597346167,1597346163,4
2020/8/14 02:15,1597346107,1597346104,3
2020/8/14 02:14,1597346047,1597346021,26
2020/8/14 02:13,1597345987,1597345961,26
2020/8/14 02:12,1597345927,1597345922,5
2020/8/14 02:11,1597345867,1597345839,28
2020/8/14 02:10,1597345807,1597345758,49
2020/8/14 02:09,1597345747,1597345606,141
2020/8/14 02:08,1597345687,1597345606,81
2020/8/14 02:07,1597345627,1597345606,21
2020/8/14 02:06,1597345567,1597345561,6
2020/8/14 02:05,1597345507,1597345393,114
2020/8/14 02:04,1597345447,1597345393,54
2020/8/14 02:03,1597345387,1597345271,116
2020/8/14 02:02,1597345327,1597345271,56
2020/8/14 02:01,1597345268,1597345210,58
2020/8/14 02:00,1597345207,1597345175,32
2020/8/14 01:59,1597345147,1597345108,39
2020/8/14 01:58,1597345087,1597345053,34
2020/8/14 01:57,1597345027,1597345018,9
2020/8/14 01:56,1597344967,1597344936,31
2020/8/14 01:55,1597344908,1597344906,2
2020/8/14 01:54,1597344847,1597344821,26
2020/8/14 01:53,1597344787,1597344753,34
2020/8/14 01:52,1597344727,1597344682,45
2020/8/14 01:51,1597344667,1597344621,46
2020/8/14 01:50,1597344607,1597344561,46
2020/8/14 01:49,1597344547,1597344530,17
2020/8/14 01:48,1597344487,1597344459,28
2020/8/14 01:47,1597344427,1597344398,29
2020/8/14 01:46,1597344367,1597344328,39
2020/8/14 01:45,1597344307,1597344256,51
2020/8/14 01:44,1597344247,1597344248,-1
2020/8/14 01:43,1597344187,1597344134,53
2020/8/14 01:42,1597344127,1597344029,98
2020/8/14 01:41,1597344067,1597344029,38
2020/8/14 01:40,1597344007,1597343952,55
2020/8/14 01:39,1597343947,1597343891,56
2020/8/14 01:38,1597343887,1597343789,98
2020/8/14 01:37,1597343827,1597343789,38
2020/8/14 01:36,1597343767,1597343748,19
2020/8/14 01:35,1597343707,1597343668,39
2020/8/14 01:34,1597343647,1597343597,50
2020/8/14 01:33,1597343587,1597343586,1
2020/8/14 01:32,1597343527,1597343403,124
2020/8/14 01:31,1597343467,1597343403,64
2020/8/14 01:30,1597343407,1597343403,4
2020/8/14 01:29,1597343347,1597343314,33
2020/8/14 01:28,1597343287,1597343279,8
2020/8/14 01:27,1597343227,1597343200,27
2020/8/14 01:26,1597343167,1597343068,99
2020/8/14 01:25,1597343107,1597343068,39
2020/8/14 01:24,1597343047,1597342916,131
2020/8/14 01:23,1597342987,1597342916,71
2020/8/14 01:22,1597342927,1597342916,11
2020/8/14 01:21,1597342867,1597342845,22
2020/8/14 01:20,1597342807,1597342763,44
2020/8/14 01:19,1597342747,1597342662,85
2020/8/14 01:18,1597342687,1597342662,25
2020/8/14 01:17,1597342627,1597342598,29
2020/8/14 01:16,1597342567,1597342520,47
2020/8/14 01:15,1597342507,1597342418,89
2020/8/14 01:14,1597342447,1597342418,29
2020/8/14 01:13,1597342387,1597342337,50
2020/8/14 01:12,1597342327,1597342287,40
2020/8/14 01:11,1597342267,1597342165,102
2020/8/14 01:10,1597342207,1597342165,42
2020/8/14 01:09,1597342147,1597342044,103
2020/8/14 01:08,1597342087,1597342044,43
2020/8/14 01:07,1597342027,1597342023,4
2020/8/14 01:06,1597341967,1597341952,15
2020/8/14 01:05,1597341907,1597341895,12
2020/8/14 01:04,1597341847,1597341830,17
2020/8/14 01:03,1597341787,1597341779,8
2020/8/14 01:02,1597341727,1597341712,15
2020/8/14 01:01,1597341667,1597341665,2
2020/8/14 01:00,1597341607,1597341586,21
2020/8/14 00:59,1597341547,1597341485,62
2020/8/14 00:58,1597341487,1597341485,2
2020/8/14 00:57,1597341427,1597341424,3
2020/8/14 00:56,1597341367,1597341352,15
2020/8/14 00:55,1597341307,1597341303,4
2020/8/14 00:54,1597341247,1597341211,36
2020/8/14 00:53,1597341187,1597341172,15
2020/8/14 00:52,1597341127,1597341118,9
2020/8/14 00:51,1597341067,1597341026,41
2020/8/14 00:50,1597341007,1597340916,91
2020/8/14 00:49,1597340947,1597340916,31
2020/8/14 00:48,1597340887,1597340795,92
2020/8/14 00:47,1597340827,1597340795,32
2020/8/14 00:46,1597340767,1597340693,74
2020/8/14 00:45,1597340707,1597340693,14
2020/8/14 00:44,1597340647,1597340644,3
2020/8/14 00:43,1597340587,1597340551,36
2020/8/14 00:42,1597340527,1597340490,37
2020/8/14 00:41,1597340467,1597340357,110
2020/8/14 00:40,1597340407,1597340357,50
2020/8/14 00:39,1597340347,1597340290,57
2020/8/14 00:38,1597340287,1597340288,-1
2020/8/14 00:37,1597340227,1597340226,1
2020/8/14 00:36,1597340167,1597340112,55
2020/8/14 00:35,1597340107,1597340083,24
2020/8/14 00:34,1597340047,1597340033,14
2020/8/14 00:33,1597339987,1597339964,23
2020/8/14 00:32,1597339927,1597339921,6
2020/8/14 00:31,1597339867,1597339859,8
2020/8/14 00:30,1597339807,1597339758,49
2020/8/14 00:29,1597339747,1597339698,49
2020/8/14 00:28,1597339687,1597339677,10
2020/8/14 00:27,1597339627,1597339585,42
2020/8/14 00:26,1597339567,1597339484,83
2020/8/14 00:25,1597339507,1597339484,23
2020/8/14 00:24,1597339447,1597339383,64
2020/8/14 00:23,1597339387,1597339383,4
2020/8/14 00:22,1597339327,1597339270,57
2020/8/14 00:21,1597339267,1597339230,37
2020/8/14 00:20,1597339207,1597339168,39
2020/8/14 00:19,1597339147,1597339148,-1
2020/8/14 00:18,1597339087,1597339076,11
2020/8/14 00:17,1597339027,1597339015,12
2020/8/14 00:16,1597338967,1597338943,24
2020/8/14 00:15,1597338907,1597338873,34
2020/8/14 00:14,1597338847,1597338792,55
2020/8/14 00:13,1597338787,1597338722,65
2020/8/14 00:12,1597338727,1597338722,5
2020/8/14 00:11,1597338667,1597338663,4
2020/8/14 00:10,1597338607,1597338580,27
2020/8/14 00:09,1597338547,1597338527,20
2020/8/14 00:08,1597338487,1597338462,25
2020/8/14 00:07,1597338427,1597338417,10
2020/8/14 00:06,1597338367,1597338356,11
2020/8/14 00:05,1597338307,1597338305,2
2020/8/14 00:04,1597338247,1597338203,44
2020/8/14 00:03,1597338187,1597338163,24
2020/8/14 00:02,1597338127,1597338034,93
2020/8/14 00:01,1597338067,1597338034,33
2020/8/14 00:00,1597338007,1597337807,200
2020/8/13 23:59,1597337947,1597337807,140
2020/8/13 23:58,1597337887,1597337807,80
2020/8/13 23:57,1597337827,1597337807,20
2020/8/13 23:56,1597337767,1597337767,0
2020/8/13 23:55,1597337707,1597337675,32
2020/8/13 23:54,1597337647,1597337553,94
2020/8/13 23:53,1597337587,1597337553,34
2020/8/13 23:52,1597337527,1597337483,44
2020/8/13 23:51,1597337467,1597337381,86
2020/8/13 23:50,1597337407,1597337381,26
2020/8/13 23:49,1597337347,1597337290,57
2020/8/13 23:48,1597337287,1597337254,33
2020/8/13 23:47,1597337227,1597337214,13
2020/8/13 23:46,1597337167,1597337137,30
2020/8/13 23:45,1597337107,1597337107,0
2020/8/13 23:44,1597337047,1597337037,10
2020/8/13 23:43,1597336987,1597336954,33
2020/8/13 23:42,1597336927,1597336872,55
2020/8/13 23:41,1597336867,1597336858,9
2020/8/13 23:40,1597336807,1597336781,26
2020/8/13 23:39,1597336747,1597336740,7
2020/8/13 23:38,1597336687,1597336671,16
2020/8/13 23:37,1597336627,1597336599,28
2020/8/13 23:36,1597336567,1597336507,60
2020/8/13 23:35,1597336507,1597336507,0
2020/8/13 23:34,1597336447,1597336442,5
2020/8/13 23:33,1597336387,1597336375,12
2020/8/13 23:32,1597336327,1597336313,14
2020/8/13 23:31,1597336267,1597336182,85
2020/8/13 23:30,1597336207,1597336182,25
2020/8/13 23:29,1597336147,1597336120,27
2020/8/13 23:28,1597336087,1597336062,25
2020/8/13 23:27,1597336027,1597335996,31
2020/8/13 23:26,1597335967,1597335958,9
2020/8/13 23:25,1597335907,1597335855,52
2020/8/13 23:24,1597335847,1597335842,5
2020/8/13 23:23,1597335787,1597335775,12
2020/8/13 23:22,1597335727,1597335667,60
2020/8/13 23:21,1597335667,1597335667,0
2020/8/13 23:20,1597335607,1597335590,17
2020/8/13 23:19,1597335547,1597335542,5
2020/8/13 23:18,1597335487,1597335460,27
2020/8/13 23:17,1597335427,1597335427,0
2020/8/13 23:16,1597335367,1597335226,141
2020/8/13 23:15,1597335307,1597335226,81
2020/8/13 23:14,1597335247,1597335226,21
2020/8/13 23:13,1597335187,1597335084,103
2020/8/13 23:12,1597335127,1597335084,43
2020/8/13 23:11,1597335067,1597334962,105
2020/8/13 23:10,1597335007,1597334962,45
2020/8/13 23:09,1597334947,1597334913,34
2020/8/13 23:08,1597334887,1597334729,158
2020/8/13 23:07,1597334827,1597334729,98
2020/8/13 23:06,1597334767,1597334729,38
2020/8/13 23:05,1597334707,1597334567,140
2020/8/13 23:04,1597334647,1597334567,80
2020/8/13 23:03,1597334587,1597334567,20
2020/8/13 23:02,1597334527,1597334475,52
2020/8/13 23:01,1597334467,1597334445,22
2020/8/13 23:00,1597334407,1597334323,84
2020/8/13 22:59,1597334347,1597334323,24
2020/8/13 22:58,1597334287,1597334260,27
2020/8/13 22:57,1597334227,1597334192,35
2020/8/13 22:56,1597334167,1597334148,19
2020/8/13 22:55,1597334107,1597334100,7
2020/8/13 22:54,1597334047,1597334013,34
2020/8/13 22:53,1597333987,1597333971,16
2020/8/13 22:52,1597333927,1597333877,50
2020/8/13 22:51,1597333867,1597333858,9
2020/8/13 22:50,1597333807,1597333805,2
2020/8/13 22:49,1597333747,1597333747,0
2020/8/13 22:48,1597333687,1597333552,135
2020/8/13 22:47,1597333627,1597333552,75
2020/8/13 22:46,1597333567,1597333552,15
2020/8/13 22:45,1597333507,1597333388,119
2020/8/13 22:44,1597333447,1597333388,59
2020/8/13 22:43,1597333387,1597333369,18
2020/8/13 22:42,1597333327,1597333277,50
2020/8/13 22:41,1597333267,1597333196,71
2020/8/13 22:40,1597333207,1597333196,11
2020/8/13 22:39,1597333147,1597333125,22
2020/8/13 22:38,1597333087,1597333013,74
2020/8/13 22:37,1597333027,1597333013,14
2020/8/13 22:36,1597332967,1597332962,5
2020/8/13 22:35,1597332907,1597332901,6
2020/8/13 22:34,1597332847,1597332789,58
2020/8/13 22:33,1597332787,1597332738,49
2020/8/13 22:32,1597332727,1597332708,19
2020/8/13 22:31,1597332667,1597332616,51
2020/8/13 22:30,1597332607,1597332575,32
2020/8/13 22:29,1597332547,1597332525,22
2020/8/13 22:28,1597332487,1597332454,33
2020/8/13 22:27,1597332427,1597332419,8
2020/8/13 22:26,1597332367,1597332292,75
2020/8/13 22:25,1597332307,1597332292,15
2020/8/13 22:24,1597332247,1597332202,45
2020/8/13 22:23,1597332187,1597332186,1
2020/8/13 22:22,1597332127,1597332121,6
2020/8/13 22:21,1597332067,1597331945,122
2020/8/13 22:20,1597332007,1597331945,62
2020/8/13 22:19,1597331947,1597331945,2
2020/8/13 22:18,1597331887,1597331813,74
2020/8/13 22:17,1597331827,1597331813,14
2020/8/13 22:16,1597331767,1597331701,66
2020/8/13 22:15,1597331707,1597331701,6
2020/8/13 22:14,1597331647,1597331589,58
2020/8/13 22:13,1597331587,1597331518,69
2020/8/13 22:12,1597331527,1597331518,9
2020/8/13 22:11,1597331467,1597331447,20
2020/8/13 22:10,1597331407,1597331396,11
2020/8/13 22:09,1597331347,1597331322,25
2020/8/13 22:08,1597331287,1597331263,24
2020/8/13 22:07,1597331227,1597331213,14
2020/8/13 22:06,1597331167,1597331152,15
2020/8/13 22:05,1597331107,1597331101,6
2020/8/13 22:04,1597331047,1597330995,52
2020/8/13 22:03,1597330987,1597330973,14
2020/8/13 22:02,1597330927,1597330878,49
2020/8/13 22:01,1597330867,1597330827,40
2020/8/13 22:00,1597330807,1597330797,10
2020/8/13 21:59,1597330747,1597330735,12
2020/8/13 21:58,1597330687,1597330664,23
2020/8/13 21:57,1597330627,1597330624,3
2020/8/13 21:56,1597330567,1597330544,23
2020/8/13 21:55,1597330508,1597330461,47
2020/8/13 21:54,1597330447,1597330446,1
2020/8/13 21:53,1597330387,1597330309,78
2020/8/13 21:52,1597330327,1597330309,18
2020/8/13 21:51,1597330267,1597330247,20
2020/8/13 21:50,1597330207,1597330206,1
2020/8/13 21:49,1597330147,1597330115,32
2020/8/13 21:48,1597330087,1597329993,94
2020/8/13 21:47,1597330027,1597329993,34
2020/8/13 21:46,1597329967,1597329957,10
2020/8/13 21:45,1597329907,1597329861,46
2020/8/13 21:44,1597329847,1597329790,57
2020/8/13 21:43,1597329787,1597329711,76
2020/8/13 21:42,1597329727,1597329711,16
2020/8/13 21:41,1597329667,1597329637,30
2020/8/13 21:40,1597329607,1597329556,51
2020/8/13 21:39,1597329547,1597329535,12
2020/8/13 21:38,1597329487,1597329429,58
2020/8/13 21:37,1597329427,1597329428,-1
2020/8/13 21:36,1597329367,1597329352,15
2020/8/13 21:35,1597329307,1597329300,7
2020/8/13 21:34,1597329247,1597329230,17
2020/8/13 21:33,1597329187,1597329140,47
2020/8/13 21:32,1597329127,1597329107,20
2020/8/13 21:31,1597329067,1597329017,50
2020/8/13 21:30,1597329007,1597328955,52
2020/8/13 21:29,1597328947,1597328940,7
2020/8/13 21:28,1597328887,1597328854,33
2020/8/13 21:27,1597328828,1597328782,46
2020/8/13 21:26,1597328767,1597328711,56
2020/8/13 21:25,1597328707,1597328631,76
2020/8/13 21:24,1597328647,1597328631,16
2020/8/13 21:23,1597328587,1597328519,68
2020/8/13 21:22,1597328527,1597328519,8
2020/8/13 21:21,1597328467,1597328457,10
2020/8/13 21:20,1597328407,1597328391,16
2020/8/13 21:19,1597328347,1597328315,32
2020/8/13 21:18,1597328287,1597328259,28
2020/8/13 21:17,1597328227,1597328194,33
2020/8/13 21:16,1597328167,1597328163,4
2020/8/13 21:15,1597328107,1597328061,46
2020/8/13 21:14,1597328047,1597328031,16
2020/8/13 21:13,1597327987,1597327970,17
2020/8/13 21:12,1597327927,1597327767,160
2020/8/13 21:11,1597327867,1597327767,100
2020/8/13 21:10,1597327807,1597327767,40
2020/8/13 21:09,1597327747,1597327734,13
2020/8/13 21:08,1597327687,1597327655,32
2020/8/13 21:07,1597327627,1597327472,155
2020/8/13 21:06,1597327567,1597327472,95
2020/8/13 21:05,1597327507,1597327472,35
2020/8/13 21:04,1597327447,1597327432,15
2020/8/13 21:03,1597327387,1597327347,40
2020/8/13 21:02,1597327327,1597327279,48
2020/8/13 21:01,1597327267,1597327147,120
2020/8/13 21:00,1597327207,1597327147,60
2020/8/13 20:59,1597327147,1597327147,0
2020/8/13 20:58,1597327087,1597327036,51
2020/8/13 20:57,1597327027,1597326995,32
2020/8/13 20:56,1597326967,1597326924,43
2020/8/13 20:55,1597326907,1597326887,20
2020/8/13 20:54,1597326847,1597326832,15
2020/8/13 20:53,1597326787,1597326781,6
2020/8/13 20:52,1597326727,1597326680,47
2020/8/13 20:51,1597326667,1597326598,69
2020/8/13 20:50,1597326607,1597326598,9
2020/8/13 20:49,1597326547,1597326526,21
2020/8/13 20:48,1597326487,1597326404,83
2020/8/13 20:47,1597326427,1597326404,23
2020/8/13 20:46,1597326367,1597326364,3
2020/8/13 20:45,1597326307,1597326293,14
2020/8/13 20:44,1597326247,1597326247,0
2020/8/13 20:43,1597326187,1597326150,37
2020/8/13 20:42,1597326127,1597326080,47
2020/8/13 20:41,1597326068,1597326068,0
2020/8/13 20:40,1597326007,1597325968,39
2020/8/13 20:39,1597325947,1597325917,30
2020/8/13 20:38,1597325887,1597325880,7
2020/8/13 20:37,1597325827,1597325826,1
2020/8/13 20:36,1597325767,1597325767,0
2020/8/13 20:35,1597325707,1597325673,34
2020/8/13 20:34,1597325647,1597325643,4
2020/8/13 20:33,1597325587,1597325570,17
2020/8/13 20:32,1597325527,1597325525,2
2020/8/13 20:31,1597325467,1597325427,40
2020/8/13 20:30,1597325407,1597325390,17
2020/8/13 20:29,1597325347,1597325325,22
2020/8/13 20:28,1597325287,1597325237,50
2020/8/13 20:27,1597325227,1597325176,51
2020/8/13 20:26,1597325167,1597325074,93
2020/8/13 20:25,1597325107,1597325074,33
2020/8/13 20:24,1597325047,1597325044,3
2020/8/13 20:23,1597324987,1597324983,4
2020/8/13 20:22,1597324927,1597324912,15
2020/8/13 20:21,1597324867,1597324867,0
2020/8/13 20:20,1597324807,1597324782,25
2020/8/13 20:19,1597324747,1597324748,-1
2020/8/13 20:18,1597324687,1597324684,3
2020/8/13 20:17,1597324627,1597324608,19
2020/8/13 20:16,1597324567,1597324568,-1
2020/8/13 20:15,1597324507,1597324505,2
2020/8/13 20:14,1597324447,1597324424,23
2020/8/13 20:13,1597324387,1597324369,18
2020/8/13 20:12,1597324327,1597324327,0
2020/8/13 20:11,1597324267,1597324264,3
2020/8/13 20:10,1597324207,1597324205,2
2020/8/13 20:09,1597324147,1597324132,15
2020/8/13 20:08,1597324087,1597324072,15
2020/8/13 20:07,1597324027,1597324012,15
2020/8/13 20:06,1597323967,1597323937,30
2020/8/13 20:05,1597323907,1597323886,21
2020/8/13 20:04,1597323847,1597323774,73
2020/8/13 20:03,1597323787,1597323774,13
2020/8/13 20:02,1597323727,1597323713,14
2020/8/13 20:01,1597323667,1597323662,5
2020/8/13 20:00,1597323607,1597323601,6
2020/8/13 19:59,1597323547,1597323527,20
2020/8/13 19:58,1597323487,1597323480,7
2020/8/13 19:57,1597323427,1597323427,0
2020/8/13 19:56,1597323367,1597323330,37
2020/8/13 19:55,1597323307,1597323307,0
2020/8/13 19:54,1597323247,1597323243,4
2020/8/13 19:53,1597323187,1597323185,2
2020/8/13 19:52,1597323127,1597323093,34
2020/8/13 19:51,1597323067,1597323022,45
2020/8/13 19:50,1597323007,1597322982,25
2020/8/13 19:49,1597322947,1597322911,36
2020/8/13 19:48,1597322887,1597322860,27
2020/8/13 19:47,1597322827,1597322799,28
2020/8/13 19:46,1597322767,1597322680,87
2020/8/13 19:45,1597322707,1597322680,27
2020/8/13 19:44,1597322647,1597322647,0
2020/8/13 19:43,1597322587,1597322576,11
2020/8/13 19:42,1597322527,1597322484,43
2020/8/13 19:41,1597322467,1597322453,14
2020/8/13 19:40,1597322407,1597322372,35
2020/8/13 19:39,1597322347,1597322332,15
2020/8/13 19:38,1597322287,1597322281,6
2020/8/13 19:37,1597322227,1597322220,7
2020/8/13 19:36,1597322167,1597322139,28
2020/8/13 19:35,1597322107,1597322068,39
2020/8/13 19:34,1597322047,1597322011,36
2020/8/13 19:33,1597321987,1597321946,41
2020/8/13 19:32,1597321927,1597321915,12
2020/8/13 19:31,1597321867,1597321854,13
2020/8/13 19:30,1597321807,1597321796,11
2020/8/13 19:29,1597321747,1597321742,5
2020/8/13 19:28,1597321687,1597321662,25
2020/8/13 19:27,1597321627,1597321584,43
2020/8/13 19:26,1597321567,1597321529,38
2020/8/13 19:25,1597321507,1597321418,89
2020/8/13 19:24,1597321447,1597321418,29
2020/8/13 19:23,1597321387,1597321367,20
2020/8/13 19:22,1597321327,1597321287,40
2020/8/13 19:21,1597321267,1597321112,155
2020/8/13 19:20,1597321207,1597321112,95
2020/8/13 19:19,1597321147,1597321112,35
2020/8/13 19:18,1597321087,1597321084,3
2020/8/13 19:17,1597321027,1597321011,16
2020/8/13 19:16,1597320967,1597320826,141
2020/8/13 19:15,1597320907,1597320826,81
2020/8/13 19:14,1597320847,1597320826,21
2020/8/13 19:13,1597320787,1597320655,132
2020/8/13 19:12,1597320727,1597320655,72
2020/8/13 19:11,1597320667,1597320655,12
2020/8/13 19:10,1597320607,1597320545,62
2020/8/13 19:09,1597320547,1597320545,2
2020/8/13 19:08,1597320487,1597320196,291
2020/8/13 19:07,1597320427,1597320196,231
2020/8/13 19:06,1597320367,1597320196,171
2020/8/13 19:05,1597320307,1597320196,111
2020/8/13 19:04,1597320247,1597320196,51
2020/8/13 19:03,1597320187,1597320097,90
2020/8/13 19:02,1597320127,1597320097,30
2020/8/13 19:01,1597320067,1597319588,479
2020/8/13 19:00,1597320007,1597319588,419
2020/8/13 18:59,1597319947,1597319588,359
2020/8/13 18:58,1597319887,1597319588,299
2020/8/13 18:57,1597319827,1597319588,239
2020/8/13 18:56,1597319767,1597319588,179
2020/8/13 18:55,1597319707,1597319588,119
2020/8/13 18:54,1597319647,1597319588,59
2020/8/13 18:53,1597319587,1597319588,-1
2020/8/13 18:52,1597319527,1597319394,133
2020/8/13 18:51,1597319467,1597319394,73
2020/8/13 18:50,1597319407,1597319394,13
2020/8/13 18:49,1597319347,1597319195,152
2020/8/13 18:48,1597319287,1597319195,92
2020/8/13 18:47,1597319227,1597319195,32
2020/8/13 18:46,1597319167,1597319136,31
2020/8/13 18:45,1597319107,1597319105,2
2020/8/13 18:44,1597319047,1597319009,38
2020/8/13 18:43,1597318987,1597318974,13
2020/8/13 18:42,1597318927,1597318921,6
2020/8/13 18:41,1597318867,1597318865,2
2020/8/13 18:40,1597318807,1597318776,31
2020/8/13 18:39,1597318747,1597318644,103
2020/8/13 18:38,1597318687,1597318644,43
2020/8/13 18:37,1597318627,1597318624,3
2020/8/13 18:36,1597318567,1597318420,147
2020/8/13 18:35,1597318507,1597318420,87
2020/8/13 18:34,1597318447,1597318420,27
2020/8/13 18:33,1597318387,1597318287,100
2020/8/13 18:32,1597318327,1597318287,40
2020/8/13 18:31,1597318267,1597318237,30
2020/8/13 18:30,1597318207,1597318126,81
2020/8/13 18:29,1597318147,1597318126,21
2020/8/13 18:28,1597318087,1597317993,94
2020/8/13 18:27,1597318027,1597317993,34
2020/8/13 18:26,1597317967,1597317964,3
2020/8/13 18:25,1597317907,1597317882,25
2020/8/13 18:24,1597317847,1597317781,66
2020/8/13 18:23,1597317787,1597317781,6
2020/8/13 18:22,1597317727,1597317708,19
2020/8/13 18:21,1597317667,1597317538,129
2020/8/13 18:20,1597317607,1597317538,69
2020/8/13 18:19,1597317547,1597317538,9
2020/8/13 18:18,1597317487,1597317477,10
2020/8/13 18:17,1597317427,1597317386,41
2020/8/13 18:16,1597317367,1597317315,52
2020/8/13 18:15,1597317307,1597317299,8
2020/8/13 18:14,1597317247,1597317233,14
2020/8/13 18:13,1597317187,1597317143,44
2020/8/13 18:12,1597317127,1597317104,23
2020/8/13 18:11,1597317067,1597317050,17
2020/8/13 18:10,1597317007,1597317007,0
2020/8/13 18:09,1597316947,1597316929,18
2020/8/13 18:08,1597316887,1597316888,-1
2020/8/13 18:07,1597316827,1597316823,4
2020/8/13 18:06,1597316767,1597316766,1
2020/8/13 18:05,1597316707,1597316695,12
2020/8/13 18:04,1597316647,1597316641,6
2020/8/13 18:03,1597316587,1597316542,45
2020/8/13 18:02,1597316527,1597316481,46
2020/8/13 18:01,1597316467,1597316411,56
2020/8/13 18:00,1597316407,1597316349,58
2020/8/13 17:59,1597316347,1597316330,17
2020/8/13 17:58,1597316287,1597316258,29
2020/8/13 17:57,1597316227,1597316226,1
2020/8/13 17:56,1597316167,1597316075,92
2020/8/13 17:55,1597316107,1597316075,32
2020/8/13 17:54,1597316047,1597316030,17
2020/8/13 17:53,1597315987,1597315973,14
2020/8/13 17:52,1597315927,1597315925,2
2020/8/13 17:51,1597315867,1597315852,15
2020/8/13 17:50,1597315807,1597315750,57
2020/8/13 17:49,1597315747,1597315710,37
2020/8/13 17:48,1597315687,1597315638,49
2020/8/13 17:47,1597315627,1597315588,39
2020/8/13 17:46,1597315567,1597315557,10
2020/8/13 17:45,1597315507,1597315462,45
2020/8/13 17:44,1597315447,1597315448,-1
2020/8/13 17:43,1597315387,1597315385,2
2020/8/13 17:42,1597315327,1597315269,58
2020/8/13 17:41,1597315267,1597315267,0
2020/8/13 17:40,1597315207,1597315182,25
2020/8/13 17:39,1597315147,1597315112,35
2020/8/13 17:38,1597315087,1597315060,27
2020/8/13 17:37,1597315027,1597315005,22
2020/8/13 17:36,1597314967,1597314968,-1
2020/8/13 17:35,1597314907,1597314888,19
2020/8/13 17:34,1597314847,1597314807,40
2020/8/13 17:33,1597314787,1597314767,20
2020/8/13 17:32,1597314727,1597314727,0
2020/8/13 17:31,1597314667,1597314655,12
2020/8/13 17:30,1597314607,1597314604,3
2020/8/13 17:29,1597314547,1597314482,65
2020/8/13 17:28,1597314487,1597314482,5
2020/8/13 17:27,1597314427,1597314339,88
2020/8/13 17:26,1597314367,1597314339,28
2020/8/13 17:25,1597314307,1597314300,7
2020/8/13 17:24,1597314247,1597314218,29
2020/8/13 17:23,1597314187,1597314187,0
2020/8/13 17:22,1597314127,1597314114,13
2020/8/13 17:21,1597314067,1597314043,24
2020/8/13 17:20,1597314007,1597313979,28
2020/8/13 17:19,1597313947,1597313940,7
2020/8/13 17:18,1597313887,1597313887,0
2020/8/13 17:17,1597313827,1597313826,1
2020/8/13 17:16,1597313767,1597313765,2
2020/8/13 17:15,1597313707,1597313671,36
2020/8/13 17:14,1597313647,1597313632,15
2020/8/13 17:13,1597313587,1597313549,38
2020/8/13 17:12,1597313527,1597313477,50
2020/8/13 17:11,1597313467,1597313443,24
2020/8/13 17:10,1597313407,1597313386,21
2020/8/13 17:09,1597313347,1597313348,-1
2020/8/13 17:08,1597313287,1597313244,43
2020/8/13 17:07,1597313227,1597313203,24
2020/8/13 17:06,1597313167,1597313131,36
2020/8/13 17:05,1597313107,1597313060,47
2020/8/13 17:04,1597313047,1597313019,28
2020/8/13 17:03,1597312987,1597312979,8
2020/8/13 17:02,1597312927,1597312918,9
2020/8/13 17:01,1597312867,1597312847,20
2020/8/13 17:00,1597312807,1597312796,11
2020/8/13 16:59,1597312747,1597312745,2
2020/8/13 16:58,1597312687,1597312685,2
2020/8/13 16:57,1597312627,1597312570,57
2020/8/13 16:56,1597312567,1597312529,38
2020/8/13 16:55,1597312507,1597312489,18
2020/8/13 16:54,1597312447,1597312428,19
2020/8/13 16:53,1597312387,1597312369,18
2020/8/13 16:52,1597312327,1597312326,1
2020/8/13 16:51,1597312267,1597312265,2
2020/8/13 16:50,1597312207,1597312202,5
2020/8/13 16:49,1597312147,1597312143,4
2020/8/13 16:48,1597312087,1597312060,27
2020/8/13 16:47,1597312027,1597312023,4
2020/8/13 16:46,1597311967,1597311897,70
2020/8/13 16:45,1597311907,1597311897,10
2020/8/13 16:44,1597311847,1597311795,52
2020/8/13 16:43,1597311787,1597311775,12
2020/8/13 16:42,1597311727,1597311694,33
2020/8/13 16:41,1597311667,1597311653,14
2020/8/13 16:40,1597311607,1597311581,26
2020/8/13 16:39,1597311547,1597311531,16
2020/8/13 16:38,1597311487,1597311449,38
2020/8/13 16:37,1597311427,1597311338,89
2020/8/13 16:36,1597311367,1597311338,29
2020/8/13 16:35,1597311307,1597311256,51
2020/8/13 16:34,1597311247,1597311180,67
2020/8/13 16:33,1597311187,1597311180,7
2020/8/13 16:32,1597311127,1597311103,24
2020/8/13 16:31,1597311067,1597311011,56
2020/8/13 16:30,1597311007,1597310940,67
2020/8/13 16:29,1597310947,1597310940,7
2020/8/13 16:28,1597310887,1597310878,9
2020/8/13 16:27,1597310828,1597310786,42
2020/8/13 16:26,1597310767,1597310761,6
2020/8/13 16:25,1597310707,1597310704,3
2020/8/13 16:24,1597310647,1597310633,14
2020/8/13 16:23,1597310587,1597310572,15
2020/8/13 16:22,1597310527,1597310500,27
2020/8/13 16:21,1597310467,1597310428,39
2020/8/13 16:20,1597310407,1597310326,81
2020/8/13 16:19,1597310347,1597310326,21
2020/8/13 16:18,1597310287,1597310254,33
2020/8/13 16:17,1597310227,1597310213,14
2020/8/13 16:16,1597310167,1597310152,15
2020/8/13 16:15,1597310107,1597310070,37
2020/8/13 16:14,1597310047,1597309957,90
2020/8/13 16:13,1597309987,1597309957,30
2020/8/13 16:12,1597309927,1597309915,12
2020/8/13 16:11,1597309867,1597309833,34
2020/8/13 16:10,1597309807,1597309679,128
2020/8/13 16:09,1597309747,1597309679,68
2020/8/13 16:08,1597309687,1597309679,8
2020/8/13 16:07,1597309627,1597309596,31
2020/8/13 16:06,1597309567,1597309480,87
2020/8/13 16:05,1597309507,1597309480,27
2020/8/13 16:04,1597309447,1597309393,54
2020/8/13 16:03,1597309387,1597309358,29
2020/8/13 16:02,1597309327,1597309275,52
2020/8/13 16:01,1597309267,1597309185,82
2020/8/13 16:00,1597309207,1597309185,22
2020/8/13 15:59,1597309147,1597309143,4
2020/8/13 15:58,1597309087,1597309057,30
2020/8/13 15:57,1597309027,1597308963,64
2020/8/13 15:56,1597308967,1597308963,4
2020/8/13 15:55,1597308907,1597308884,23
2020/8/13 15:54,1597308847,1597308831,16
2020/8/13 15:53,1597308787,1597308749,38
2020/8/13 15:52,1597308727,1597308724,3
2020/8/13 15:51,1597308667,1597308650,17
2020/8/13 15:50,1597308607,1597308524,83
2020/8/13 15:49,1597308547,1597308524,23
2020/8/13 15:48,1597308487,1597308472,15
2020/8/13 15:47,1597308427,1597308393,34
2020/8/13 15:46,1597308367,1597308367,0
2020/8/13 15:45,1597308308,1597308256,52
2020/8/13 15:44,1597308247,1597308247,0
2020/8/13 15:43,1597308187,1597308153,34
2020/8/13 15:42,1597308127,1597308104,23
2020/8/13 15:41,1597308067,1597308059,8
2020/8/13 15:40,1597308007,1597307848,159
2020/8/13 15:39,1597307947,1597307848,99
2020/8/13 15:38,1597307887,1597307848,39
2020/8/13 15:37,1597307827,1597307756,71
2020/8/13 15:36,1597307767,1597307756,11
2020/8/13 15:35,1597307707,1597307665,42
2020/8/13 15:34,1597307647,1597307593,54
2020/8/13 15:33,1597307587,1597307569,18
2020/8/13 15:32,1597307527,1597307511,16
2020/8/13 15:31,1597307467,1597307460,7
2020/8/13 15:30,1597307407,1597307375,32
2020/8/13 15:29,1597307347,1597307327,20
2020/8/13 15:28,1597307287,1597307226,61
2020/8/13 15:27,1597307227,1597307226,1
2020/8/13 15:26,1597307167,1597307162,5
2020/8/13 15:25,1597307107,1597307103,4
2020/8/13 15:24,1597307047,1597307042,5
2020/8/13 15:23,1597306987,1597306848,139
2020/8/13 15:22,1597306927,1597306848,79
2020/8/13 15:21,1597306867,1597306848,19
2020/8/13 15:20,1597306807,1597306784,23
2020/8/13 15:19,1597306747,1597306685,62
2020/8/13 15:18,1597306687,1597306685,2
2020/8/13 15:17,1597306627,1597306624,3
2020/8/13 15:16,1597306567,1597306563,4
2020/8/13 15:15,1597306507,1597306494,13
2020/8/13 15:14,1597306448,1597306422,26
2020/8/13 15:13,1597306387,1597306297,90
2020/8/13 15:12,1597306327,1597306297,30
2020/8/13 15:11,1597306267,1597306245,22
2020/8/13 15:10,1597306207,1597306202,5
2020/8/13 15:09,1597306147,1597306103,44
2020/8/13 15:08,1597306087,1597306052,35
2020/8/13 15:07,1597306027,1597305991,36
2020/8/13 15:06,1597305967,1597305940,27
2020/8/13 15:05,1597305907,1597305888,19
2020/8/13 15:04,1597305847,1597305827,20
2020/8/13 15:03,1597305787,1597305756,31
2020/8/13 15:02,1597305727,1597305695,32
2020/8/13 15:01,1597305667,1597305633,34
2020/8/13 15:00,1597305607,1597305591,16
2020/8/13 14:59,1597305548,1597305481,67
2020/8/13 14:58,1597305487,1597305481,6
2020/8/13 14:57,1597305427,1597305409,18
2020/8/13 14:56,1597305367,1597305347,20
2020/8/13 14:55,1597305307,1597305286,21
2020/8/13 14:54,1597305247,1597305215,32
2020/8/13 14:53,1597305187,1597305163,24
2020/8/13 14:52,1597305127,1597305102,25
2020/8/13 14:51,1597305067,1597305062,5
2020/8/13 14:50,1597305007,1597304999,8
2020/8/13 14:49,1597304947,1597304933,14
2020/8/13 14:48,1597304887,1597304878,9
2020/8/13 14:47,1597304827,1597304817,10
2020/8/13 14:46,1597304767,1597304768,-1
2020/8/13 14:45,1597304707,1597304685,22
2020/8/13 14:44,1597304647,1597304623,24
2020/8/13 14:43,1597304587,1597304542,45
2020/8/13 14:42,1597304527,1597304527,0
2020/8/13 14:41,1597304467,1597304440,27
2020/8/13 14:40,1597304407,1597304348,59
2020/8/13 14:39,1597304348,1597304348,0
2020/8/13 14:38,1597304287,1597304282,5
2020/8/13 14:37,1597304227,1597304195,32
2020/8/13 14:36,1597304167,1597304140,27
2020/8/13 14:35,1597304107,1597304011,96
2020/8/13 14:34,1597304047,1597304011,36
2020/8/13 14:33,1597303987,1597303980,7
2020/8/13 14:32,1597303927,1597303828,99
2020/8/13 14:31,1597303867,1597303828,39
2020/8/13 14:30,1597303807,1597303808,-1
2020/8/13 14:29,1597303747,1597303746,1
2020/8/13 14:28,1597303687,1597303669,18
2020/8/13 14:27,1597303627,1597303627,0
2020/8/13 14:26,1597303567,1597303541,26
2020/8/13 14:25,1597303507,1597303503,4
2020/8/13 14:24,1597303447,1597303446,1
2020/8/13 14:23,1597303387,1597303388,-1
2020/8/13 14:22,1597303327,1597303327,0
2020/8/13 14:21,1597303268,1597303267,1
2020/8/13 14:20,1597303207,1597303184,23
2020/8/13 14:19,1597303147,1597303096,51
2020/8/13 14:18,1597303087,1597303087,0
2020/8/13 14:17,1597303027,1597302950,77
2020/8/13 14:16,1597302967,1597302950,17
2020/8/13 14:15,1597302907,1597302858,49
2020/8/13 14:14,1597302847,1597302817,30
2020/8/13 14:13,1597302787,1597302786,1
2020/8/13 14:12,1597302727,1597302705,22
2020/8/13 14:11,1597302667,1597302654,13
2020/8/13 14:10,1597302607,1597302562,45
2020/8/13 14:09,1597302547,1597302511,36
2020/8/13 14:08,1597302487,1597302485,2
2020/8/13 14:07,1597302427,1597302419,8
2020/8/13 14:06,1597302367,1597302303,64
2020/8/13 14:05,1597302307,1597302303,4
2020/8/13 14:04,1597302247,1597302205,42
2020/8/13 14:03,1597302187,1597302154,33
2020/8/13 14:02,1597302127,1597302093,34
2020/8/13 14:01,1597302067,1597302052,15
2020/8/13 14:00,1597302007,1597302007,0
2020/8/13 13:59,1597301947,1597301937,10
2020/8/13 13:58,1597301887,1597301879,8
2020/8/13 13:57,1597301827,1597301665,162
2020/8/13 13:56,1597301767,1597301665,102
2020/8/13 13:55,1597301707,1597301665,42
2020/8/13 13:54,1597301647,1597301583,64
2020/8/13 13:53,1597301587,1597301583,4
2020/8/13 13:52,1597301527,1597301521,6
2020/8/13 13:51,1597301467,1597301425,42
2020/8/13 13:50,1597301407,1597301388,19
2020/8/13 13:49,1597301347,1597301236,111
2020/8/13 13:48,1597301287,1597301236,51
2020/8/13 13:47,1597301227,1597301220,7
2020/8/13 13:46,1597301167,1597301157,10
2020/8/13 13:45,1597301107,1597301032,75
2020/8/13 13:44,1597301047,1597301032,15
2020/8/13 13:43,1597300987,1597300944,43
2020/8/13 13:42,1597300927,1597300838,89
2020/8/13 13:41,1597300867,1597300838,29
2020/8/13 13:40,1597300807,1597300799,8
2020/8/13 13:39,1597300747,1597300696,51
2020/8/13 13:38,1597300687,1597300614,73
2020/8/13 13:37,1597300627,1597300614,13
2020/8/13 13:36,1597300567,1597300563,4
2020/8/13 13:35,1597300507,1597300492,15
2020/8/13 13:34,1597300447,1597300349,98
2020/8/13 13:33,1597300387,1597300349,38
2020/8/13 13:32,1597300327,1597300328,-1
2020/8/13 13:31,1597300267,1597300187,80
2020/8/13 13:30,1597300207,1597300187,20
2020/8/13 13:29,1597300147,1597300146,1
2020/8/13 13:28,1597300087,1597300086,1
2020/8/13 13:27,1597300027,1597299994,33
2020/8/13 13:26,1597299967,1597299852,115
2020/8/13 13:25,1597299907,1597299852,55
2020/8/13 13:24,1597299847,1597299771,76
2020/8/13 13:23,1597299787,1597299771,16
2020/8/13 13:22,1597299727,1597299640,87
2020/8/13 13:21,1597299667,1597299640,27
2020/8/13 13:20,1597299607,1597299547,60
2020/8/13 13:19,1597299547,1597299547,0
2020/8/13 13:18,1597299487,1597299445,42
2020/8/13 13:17,1597299427,1597299343,84
2020/8/13 13:16,1597299367,1597299343,24
2020/8/13 13:15,1597299307,1597299221,86
2020/8/13 13:14,1597299247,1597299221,26
2020/8/13 13:13,1597299187,1597299119,68
2020/8/13 13:12,1597299127,1597299119,8
2020/8/13 13:11,1597299067,1597299048,19
2020/8/13 13:10,1597299007,1597298947,60
2020/8/13 13:09,1597298947,1597298947,0
2020/8/13 13:08,1597298887,1597298886,1
2020/8/13 13:07,1597298827,1597298744,83
2020/8/13 13:06,1597298767,1597298744,23
2020/8/13 13:05,1597298707,1597298600,107
2020/8/13 13:04,1597298647,1597298600,47
2020/8/13 13:03,1597298587,1597298587,0
2020/8/13 13:02,1597298527,1597298388,139
2020/8/13 13:01,1597298467,1597298388,79
2020/8/13 13:00,1597298407,1597298388,19
2020/8/13 12:59,1597298347,1597298184,163
2020/8/13 12:58,1597298287,1597298184,103
2020/8/13 12:57,1597298227,1597298184,43
2020/8/13 12:56,1597298167,1597298162,5
2020/8/13 12:55,1597298107,1597298072,35
2020/8/13 12:54,1597298047,1597297981,66
2020/8/13 12:53,1597297987,1597297981,6
2020/8/13 12:52,1597297927,1597297923,4
2020/8/13 12:51,1597297868,1597297818,50
2020/8/13 12:50,1597297807,1597297706,101
2020/8/13 12:49,1597297747,1597297706,41
2020/8/13 12:48,1597297687,1597297553,134
2020/8/13 12:47,1597297627,1597297553,74
2020/8/13 12:46,1597297567,1597297553,14
2020/8/13 12:45,1597297508,1597297479,29
2020/8/13 12:44,1597297447,1597297442,5
2020/8/13 12:43,1597297387,1597297186,201
2020/8/13 12:42,1597297327,1597297186,141
2020/8/13 12:41,1597297267,1597297186,81
2020/8/13 12:40,1597297207,1597297186,21
2020/8/13 12:39,1597297147,1597297012,135
2020/8/13 12:38,1597297087,1597297012,75
2020/8/13 12:37,1597297027,1597297012,15
2020/8/13 12:36,1597296967,1597296851,116
2020/8/13 12:35,1597296907,1597296851,56
2020/8/13 12:34,1597296847,1597296718,129
2020/8/13 12:33,1597296787,1597296718,69
2020/8/13 12:32,1597296727,1597296718,9
2020/8/13 12:31,1597296667,1597296616,51
2020/8/13 12:30,1597296607,1597296505,102
2020/8/13 12:29,1597296547,1597296505,42
2020/8/13 12:28,1597296487,1597296485,2
2020/8/13 12:27,1597296427,1597296323,104
2020/8/13 12:26,1597296367,1597296323,44
2020/8/13 12:25,1597296307,1597296282,25
2020/8/13 12:24,1597296247,1597296200,47
2020/8/13 12:23,1597296187,1597296129,58
2020/8/13 12:22,1597296127,1597296038,89
2020/8/13 12:21,1597296067,1597296038,29
2020/8/13 12:20,1597296007,1597295946,61
2020/8/13 12:19,1597295947,1597295946,1
2020/8/13 12:18,1597295887,1597295885,2
2020/8/13 12:17,1597295827,1597295712,115
2020/8/13 12:16,1597295767,1597295712,55
2020/8/13 12:15,1597295707,1597295601,106
2020/8/13 12:14,1597295647,1597295601,46
2020/8/13 12:13,1597295587,1597295550,37
2020/8/13 12:12,1597295527,1597295428,99
2020/8/13 12:11,1597295467,1597295428,39
2020/8/13 12:10,1597295407,1597295377,30
2020/8/13 12:09,1597295347,1597295306,41
2020/8/13 12:08,1597295287,1597295225,62
2020/8/13 12:07,1597295227,1597295225,2
2020/8/13 12:06,1597295167,1597295154,13
2020/8/13 12:05,1597295107,1597295072,35
2020/8/13 12:04,1597295047,1597295021,26
2020/8/13 12:03,1597294987,1597294981,6
2020/8/13 12:02,1597294927,1597294879,48
2020/8/13 12:01,1597294867,1597294813,54
2020/8/13 12:00,1597294807,1597294756,51
2020/8/13 11:59,1597294747,1597294705,42
2020/8/13 11:58,1597294687,1597294644,43
2020/8/13 11:57,1597294627,1597294621,6
2020/8/13 11:56,1597294567,1597294450,117
2020/8/13 11:55,1597294507,1597294450,57
2020/8/13 11:54,1597294447,1597294389,58
2020/8/13 11:53,1597294387,1597294356,31
2020/8/13 11:52,1597294327,1597294328,-1
2020/8/13 11:51,1597294267,1597294267,0
2020/8/13 11:50,1597294207,1597294136,71
2020/8/13 11:49,1597294147,1597294136,11
2020/8/13 11:48,1597294087,1597294074,13
2020/8/13 11:47,1597294027,1597293993,34
2020/8/13 11:46,1597293967,1597293961,6
2020/8/13 11:45,1597293907,1597293885,22
2020/8/13 11:44,1597293847,1597293769,78
2020/8/13 11:43,1597293787,1597293769,18
2020/8/13 11:42,1597293727,1597293687,40
2020/8/13 11:41,1597293667,1597293592,75
2020/8/13 11:40,1597293607,1597293592,15
2020/8/13 11:39,1597293547,1597293529,18
2020/8/13 11:38,1597293487,1597293452,35
2020/8/13 11:37,1597293427,1597293402,25
2020/8/13 11:36,1597293367,1597293358,9
2020/8/13 11:35,1597293307,1597293260,47
2020/8/13 11:34,1597293247,1597293199,48
2020/8/13 11:33,1597293187,1597293134,53
2020/8/13 11:32,1597293127,1597293122,5
2020/8/13 11:31,1597293067,1597293054,13
2020/8/13 11:30,1597293007,1597293005,2
2020/8/13 11:29,1597292947,1597292928,19
2020/8/13 11:28,1597292887,1597292878,9
2020/8/13 11:27,1597292827,1597292795,32
2020/8/13 11:26,1597292767,1597292765,2
2020/8/13 11:25,1597292707,1597292577,130
2020/8/13 11:24,1597292647,1597292577,70
2020/8/13 11:23,1597292587,1597292577,10
2020/8/13 11:22,1597292527,1597292486,41
2020/8/13 11:21,1597292467,1597292393,74
2020/8/13 11:20,1597292407,1597292393,14
2020/8/13 11:19,1597292347,1597292293,54
2020/8/13 11:18,1597292287,1597292272,15
2020/8/13 11:17,1597292227,1597292211,16
2020/8/13 11:16,1597292167,1597292160,7
2020/8/13 11:15,1597292107,1597292100,7
2020/8/13 11:14,1597292047,1597291955,92
2020/8/13 11:13,1597291987,1597291955,32
2020/8/13 11:12,1597291927,1597291891,36
2020/8/13 11:11,1597291867,1597291843,24
2020/8/13 11:10,1597291807,1597291772,35
2020/8/13 11:09,1597291747,1597291710,37
2020/8/13 11:08,1597291687,1597291687,0
2020/8/13 11:07,1597291627,1597291618,9
2020/8/13 11:06,1597291567,1597291548,19
2020/8/13 11:05,1597291507,1597291497,10
2020/8/13 11:04,1597291447,1597291446,1
2020/8/13 11:03,1597291387,1597291385,2
2020/8/13 11:02,1597291327,1597291304,23
2020/8/13 11:01,1597291267,1597291194,73
2020/8/13 11:00,1597291207,1597291194,13
2020/8/13 10:59,1597291147,1597291145,2
2020/8/13 10:58,1597291087,1597291049,38
2020/8/13 10:57,1597291027,1597290998,29
2020/8/13 10:56,1597290967,1597290866,101
2020/8/13 10:55,1597290907,1597290866,41
2020/8/13 10:54,1597290847,1597290794,53
2020/8/13 10:53,1597290787,1597290761,26
2020/8/13 10:52,1597290727,1597290725,2
2020/8/13 10:51,1597290667,1597290621,46
2020/8/13 10:50,1597290607,1597290589,18
2020/8/13 10:49,1597290547,1597290520,27
2020/8/13 10:48,1597290487,1597290469,18
2020/8/13 10:47,1597290427,1597290366,61
2020/8/13 10:46,1597290367,1597290366,1
2020/8/13 10:45,1597290307,1597290275,32
2020/8/13 10:44,1597290247,1597290199,48
2020/8/13 10:43,1597290187,1597290172,15
2020/8/13 10:42,1597290127,1597290122,5
2020/8/13 10:41,1597290067,1597289927,140
2020/8/13 10:40,1597290007,1597289927,80
2020/8/13 10:39,1597289947,1597289927,20
2020/8/13 10:38,1597289887,1597289876,11
2020/8/13 10:37,1597289827,1597289789,38
2020/8/13 10:36,1597289767,1597289764,3
2020/8/13 10:35,1597289707,1597289704,3
2020/8/13 10:34,1597289647,1597289643,4
2020/8/13 10:33,1597289587,1597289573,14
2020/8/13 10:32,1597289527,1597289523,4
2020/8/13 10:31,1597289467,1597289457,10
2020/8/13 10:30,1597289407,1597289395,12
2020/8/13 10:29,1597289347,1597289339,8
2020/8/13 10:28,1597289287,1597289191,96
2020/8/13 10:27,1597289227,1597289191,36
2020/8/13 10:26,1597289167,1597289167,0
2020/8/13 10:25,1597289107,1597288906,201
2020/8/13 10:24,1597289047,1597288906,141
2020/8/13 10:23,1597288987,1597288906,81
2020/8/13 10:22,1597288927,1597288906,21
2020/8/13 10:21,1597288867,1597288864,3
2020/8/13 10:20,1597288807,1597288752,55
2020/8/13 10:19,1597288747,1597288747,0
2020/8/13 10:18,1597288688,1597288676,12
2020/8/13 10:17,1597288627,1597288628,-1
2020/8/13 10:16,1597288567,1597288557,10
2020/8/13 10:15,1597288507,1597288503,4
2020/8/13 10:14,1597288447,1597288432,15
2020/8/13 10:13,1597288387,1597288381,6
2020/8/13 10:12,1597288327,1597288300,27
2020/8/13 10:11,1597288267,1597288228,39
2020/8/13 10:10,1597288207,1597288156,51
2020/8/13 10:09,1597288147,1597288054,93
2020/8/13 10:08,1597288087,1597288054,33
2020/8/13 10:07,1597288027,1597288017,10
2020/8/13 10:06,1597287967,1597287890,77
2020/8/13 10:05,1597287907,1597287890,17
2020/8/13 10:04,1597287847,1597287810,37
2020/8/13 10:03,1597287787,1597287777,10
2020/8/13 10:02,1597287727,1597287714,13
2020/8/13 10:01,1597287667,1597287665,2
2020/8/13 10:00,1597287607,1597287604,3
2020/8/13 09:59,1597287547,1597287546,1
2020/8/13 09:58,1597287487,1597287395,92
2020/8/13 09:57,1597287427,1597287395,32
2020/8/13 09:56,1597287367,1597287345,22
2020/8/13 09:55,1597287307,1597287242,65
2020/8/13 09:54,1597287247,1597287242,5
2020/8/13 09:53,1597287187,1597287188,-1
2020/8/13 09:52,1597287127,1597287110,17
2020/8/13 09:51,1597287067,1597286995,72
2020/8/13 09:50,1597287007,1597286995,12
2020/8/13 09:49,1597286947,1597286943,4
2020/8/13 09:48,1597286887,1597286850,37
2020/8/13 09:47,1597286827,1597286784,43
2020/8/13 09:46,1597286767,1597286750,17
2020/8/13 09:45,1597286707,1597286707,0
2020/8/13 09:44,1597286647,1597286634,13
2020/8/13 09:43,1597286587,1597286500,87
2020/8/13 09:42,1597286527,1597286500,27
2020/8/13 09:41,1597286467,1597286468,-1
2020/8/13 09:40,1597286407,1597286397,10
2020/8/13 09:39,1597286347,1597286334,13
2020/8/13 09:38,1597286287,1597286246,41
2020/8/13 09:37,1597286227,1597286199,28
2020/8/13 09:36,1597286167,1597286126,41
2020/8/13 09:35,1597286107,1597286093,14
2020/8/13 09:34,1597286047,1597286026,21
2020/8/13 09:33,1597285987,1597285951,36
2020/8/13 09:32,1597285927,1597285901,26
2020/8/13 09:31,1597285867,1597285851,16
2020/8/13 09:30,1597285807,1597285800,7
2020/8/13 09:29,1597285747,1597285745,2
2020/8/13 09:28,1597285687,1597285688,-1
2020/8/13 09:27,1597285627,1597285626,1
2020/8/13 09:26,1597285567,1597285565,2
2020/8/13 09:25,1597285507,1597285505,2
2020/8/13 09:24,1597285447,1597285390,57
2020/8/13 09:23,1597285387,1597285382,5
2020/8/13 09:22,1597285327,1597285322,5
2020/8/13 09:21,1597285267,1597285262,5
2020/8/13 09:20,1597285207,1597285189,18
2020/8/13 09:19,1597285147,1597285086,61
2020/8/13 09:18,1597285087,1597285086,1
2020/8/13 09:17,1597285027,1597285024,3
2020/8/13 09:16,1597284967,1597284942,25
2020/8/13 09:15,1597284907,1597284907,0
2020/8/13 09:14,1597284847,1597284847,0
2020/8/13 09:13,1597284787,1597284785,2
2020/8/13 09:12,1597284727,1597284704,23
2020/8/13 09:11,1597284667,1597284633,34
2020/8/13 09:10,1597284607,1597284591,16
2020/8/13 09:09,1597284547,1597284548,-1
2020/8/13 09:08,1597284487,1597284474,13
2020/8/13 09:07,1597284427,1597284407,20
2020/8/13 09:06,1597284367,1597284338,29
2020/8/13 09:05,1597284307,1597284257,50
2020/8/13 09:04,1597284247,1597284243,4
2020/8/13 09:03,1597284187,1597284183,4
2020/8/13 09:02,1597284127,1597284126,1
2020/8/13 09:01,1597284067,1597284067,0
2020/8/13 09:00,1597284007,1597283993,14
2020/8/13 08:59,1597283947,1597283936,11
2020/8/13 08:58,1597283887,1597283885,2
2020/8/13 08:57,1597283827,1597283824,3
2020/8/13 08:56,1597283767,1597283763,4
2020/8/13 08:55,1597283707,1597283692,15
2020/8/13 08:54,1597283647,1597283625,22
2020/8/13 08:53,1597283587,1597283570,17
2020/8/13 08:52,1597283527,1597283520,7
2020/8/13 08:51,1597283467,1597283460,7
2020/8/13 08:50,1597283407,1597283393,14
2020/8/13 08:49,1597283347,1597283336,11
2020/8/13 08:48,1597283287,1597283283,4
2020/8/13 08:47,1597283227,1597283216,11
2020/8/13 08:46,1597283167,1597283131,36
2020/8/13 08:45,1597283107,1597283087,20
2020/8/13 08:44,1597283047,1597283036,11
2020/8/13 08:43,1597282987,1597282974,13
2020/8/13 08:42,1597282927,1597282925,2
2020/8/13 08:41,1597282867,1597282848,19
2020/8/13 08:40,1597282807,1597282807,0
2020/8/13 08:39,1597282747,1597282710,37
2020/8/13 08:38,1597282687,1597282687,0
2020/8/13 08:37,1597282627,1597282623,4
2020/8/13 08:36,1597282567,1597282563,4
2020/8/13 08:35,1597282507,1597282500,7
2020/8/13 08:34,1597282447,1597282436,11
2020/8/13 08:33,1597282387,1597282335,52
2020/8/13 08:32,1597282327,1597282264,63
2020/8/13 08:31,1597282267,1597282264,3
2020/8/13 08:30,1597282207,1597282206,1
2020/8/13 08:29,1597282147,1597281991,156
2020/8/13 08:28,1597282087,1597281991,96
2020/8/13 08:27,1597282027,1597281991,36
2020/8/13 08:26,1597281967,1597281949,18
2020/8/13 08:25,1597281907,1597281768,139
2020/8/13 08:24,1597281847,1597281768,79
2020/8/13 08:23,1597281787,1597281768,19
2020/8/13 08:22,1597281727,1597281719,8
2020/8/13 08:21,1597281667,1597281665,2
2020/8/13 08:20,1597281607,1597281596,11
2020/8/13 08:19,1597281547,1597281515,32
2020/8/13 08:18,1597281487,1597281487,0
2020/8/13 08:17,1597281427,1597281394,33
2020/8/13 08:16,1597281367,1597281354,13
2020/8/13 08:15,1597281307,1597281192,115
2020/8/13 08:14,1597281247,1597281192,55
2020/8/13 08:13,1597281187,1597281172,15
2020/8/13 08:12,1597281127,1597281128,-1
2020/8/13 08:11,1597281067,1597281065,2
2020/8/13 08:10,1597281007,1597280972,35
2020/8/13 08:09,1597280947,1597280942,5
2020/8/13 08:08,1597280887,1597280840,47
2020/8/13 08:07,1597280827,1597280773,54
2020/8/13 08:06,1597280767,1597280768,-1
2020/8/13 08:05,1597280707,1597280700,7
2020/8/13 08:04,1597280647,1597280633,14
2020/8/13 08:03,1597280587,1597280551,36
2020/8/13 08:02,1597280527,1597280491,36
2020/8/13 08:01,1597280467,1597280439,28
2020/8/13 08:00,1597280407,1597280338,69
2020/8/13 07:59,1597280347,1597280338,9
2020/8/13 07:58,1597280287,1597280112,175
2020/8/13 07:57,1597280227,1597280112,115
2020/8/13 07:56,1597280167,1597280112,55
2020/8/13 07:55,1597280107,1597280055,52
2020/8/13 07:54,1597280047,1597280004,43
2020/8/13 07:53,1597279987,1597279916,71
2020/8/13 07:52,1597279927,1597279916,11
2020/8/13 07:51,1597279867,1597279802,65
2020/8/13 07:50,1597279807,1597279802,5
2020/8/13 07:49,1597279747,1597279725,22
2020/8/13 07:48,1597279687,1597279650,37
2020/8/13 07:47,1597279627,1597279627,0
2020/8/13 07:46,1597279567,1597279550,17
2020/8/13 07:45,1597279507,1597279460,47
2020/8/13 07:44,1597279447,1597279439,8
2020/8/13 07:43,1597279387,1597279388,-1
2020/8/13 07:42,1597279327,1597279263,64
2020/8/13 07:41,1597279267,1597279263,4
2020/8/13 07:40,1597279207,1597279146,61
2020/8/13 07:39,1597279147,1597279146,1
2020/8/13 07:38,1597279087,1597279028,59
2020/8/13 07:37,1597279027,1597279028,-1
2020/8/13 07:36,1597278967,1597278811,156
2020/8/13 07:35,1597278907,1597278811,96
2020/8/13 07:34,1597278847,1597278811,36
2020/8/13 07:33,1597278787,1597278740,47
2020/8/13 07:32,1597278727,1597278690,37
2020/8/13 07:31,1597278667,1597278568,99
2020/8/13 07:30,1597278607,1597278568,39
2020/8/13 07:29,1597278547,1597278497,50
2020/8/13 07:28,1597278487,1597278402,85
2020/8/13 07:27,1597278428,1597278402,26
2020/8/13 07:26,1597278367,1597278356,11
2020/8/13 07:25,1597278307,1597278114,193
2020/8/13 07:24,1597278247,1597278114,133
2020/8/13 07:23,1597278187,1597278114,73
2020/8/13 07:22,1597278127,1597278114,13
2020/8/13 07:21,1597278067,1597277821,246
2020/8/13 07:20,1597278007,1597277821,186
2020/8/13 07:19,1597277947,1597277821,126
2020/8/13 07:18,1597277887,1597277821,66
2020/8/13 07:17,1597277827,1597277821,6
2020/8/13 07:16,1597277767,1597275488,2279
2020/8/13 07:15,1597277707,1597275488,2219
2020/8/13 07:14,1597277647,1597275488,2159
2020/8/13 07:13,1597277587,1597275488,2099
2020/8/13 07:12,1597277527,1597275488,2039
2020/8/13 07:11,1597277467,1597275488,1979
2020/8/13 07:10,1597277407,1597275488,1919
2020/8/13 07:09,1597277347,1597275488,1859
2020/8/13 07:08,1597277287,1597275488,1799
2020/8/13 07:07,1597277227,1597275488,1739
2020/8/13 07:06,1597277167,1597275488,1679
2020/8/13 07:05,1597277107,1597275488,1619
2020/8/13 07:04,1597277047,1597275488,1559
2020/8/13 07:03,1597276987,1597275488,1499
2020/8/13 07:02,1597276927,1597275488,1439
2020/8/13 07:01,1597276867,1597275488,1379
2020/8/13 07:00,1597276807,1597275488,1319
2020/8/13 06:59,1597276747,1597275488,1259
2020/8/13 06:58,1597276687,1597275488,1199
2020/8/13 06:57,1597276627,1597275488,1139
2020/8/13 06:56,1597276567,1597275488,1079
2020/8/13 06:55,1597276507,1597275488,1019
2020/8/13 06:54,1597276447,1597275488,959
2020/8/13 06:53,1597276387,1597275488,899
2020/8/13 06:52,1597276327,1597275488,839
2020/8/13 06:51,1597276267,1597275488,779
2020/8/13 06:50,1597276207,1597275488,719
2020/8/13 06:49,1597276147,1597275488,659
2020/8/13 06:48,1597276087,1597275488,599
2020/8/13 06:47,1597276027,1597275488,539
2020/8/13 06:46,1597275967,1597275488,479
2020/8/13 06:45,1597275907,1597275488,419
2020/8/13 06:44,1597275847,1597275488,359
2020/8/13 06:43,1597275787,1597275488,299
2020/8/13 06:42,1597275727,1597275488,239
2020/8/13 06:41,1597275667,1597275488,179
2020/8/13 06:40,1597275607,1597275488,119
2020/8/13 06:39,1597275547,1597275488,59
2020/8/13 06:38,1597275487,1597275488,-1
2020/8/13 06:37,1597275427,1597275251,176
2020/8/13 06:36,1597275367,1597275251,116
2020/8/13 06:35,1597275307,1597275251,56
2020/8/13 06:34,1597275247,1597275247,0
2020/8/13 06:33,1597275187,1597274802,385
2020/8/13 06:32,1597275127,1597274802,325
2020/8/13 06:31,1597275067,1597274802,265
2020/8/13 06:30,1597275007,1597274802,205
2020/8/13 06:29,1597274947,1597274802,145
2020/8/13 06:28,1597274887,1597274802,85
2020/8/13 06:27,1597274827,1597274802,25
2020/8/13 06:26,1597274767,1597274641,126
2020/8/13 06:25,1597274707,1597274641,66
2020/8/13 06:24,1597274647,1597274641,6
2020/8/13 06:23,1597274587,1597274298,289
2020/8/13 06:22,1597274527,1597274298,229
2020/8/13 06:21,1597274467,1597274298,169
2020/8/13 06:20,1597274407,1597274298,109
2020/8/13 06:19,1597274347,1597274298,49
2020/8/13 06:18,1597274287,1597274011,276
2020/8/13 06:17,1597274227,1597274011,216
2020/8/13 06:16,1597274167,1597274011,156
2020/8/13 06:15,1597274107,1597274011,96
2020/8/13 06:14,1597274047,1597274011,36
2020/8/13 06:13,1597273987,1597273332,655
2020/8/13 06:12,1597273927,1597273332,595
2020/8/13 06:11,1597273867,1597273332,535
2020/8/13 06:10,1597273807,1597273332,475
2020/8/13 06:09,1597273747,1597273332,415
2020/8/13 06:08,1597273687,1597273332,355
2020/8/13 06:07,1597273627,1597273332,295
2020/8/13 06:06,1597273567,1597273332,235
2020/8/13 06:05,1597273507,1597273332,175
2020/8/13 06:04,1597273447,1597273332,115
2020/8/13 06:03,1597273387,1597273332,55
2020/8/13 06:02,1597273327,1597273238,89
2020/8/13 06:01,1597273267,1597273238,29
2020/8/13 06:00,1597273207,1597272389,818
2020/8/13 05:59,1597273147,1597272389,758
2020/8/13 05:58,1597273087,1597272389,698
2020/8/13 05:57,1597273027,1597272389,638
2020/8/13 05:56,1597272967,1597272389,578
2020/8/13 05:55,1597272907,1597272389,518
2020/8/13 05:54,1597272847,1597272389,458
2020/8/13 05:53,1597272787,1597272389,398
2020/8/13 05:52,1597272727,1597272389,338
2020/8/13 05:51,1597272667,1597272389,278
2020/8/13 05:50,1597272607,1597272389,218
2020/8/13 05:49,1597272547,1597272389,158
2020/8/13 05:48,1597272487,1597272389,98
2020/8/13 05:47,1597272427,1597272389,38
2020/8/13 05:46,1597272367,1597272047,320
2020/8/13 05:45,1597272307,1597272047,260
2020/8/13 05:44,1597272247,1597272047,200
2020/8/13 05:43,1597272187,1597272047,140
2020/8/13 05:42,1597272127,1597272047,80
2020/8/13 05:41,1597272067,1597272047,20
2020/8/13 05:40,1597272007,1597271812,195
2020/8/13 05:39,1597271947,1597271812,135
2020/8/13 05:38,1597271887,1597271812,75
2020/8/13 05:37,1597271827,1597271812,15
2020/8/13 05:36,1597271767,1597271640,127
2020/8/13 05:35,1597271707,1597271640,67
2020/8/13 05:34,1597271647,1597271640,7
2020/8/13 05:33,1597271587,1597271065,522
2020/8/13 05:32,1597271527,1597271065,462
2020/8/13 05:31,1597271467,1597271065,402
2020/8/13 05:30,1597271407,1597271065,342
2020/8/13 05:29,1597271347,1597271065,282
2020/8/13 05:28,1597271287,1597271065,222
2020/8/13 05:27,1597271227,1597271065,162
2020/8/13 05:26,1597271167,1597271065,102
2020/8/13 05:25,1597271107,1597271065,42
2020/8/13 05:24,1597271047,1597270216,831
2020/8/13 05:23,1597270987,1597270216,771
2020/8/13 05:22,1597270927,1597270216,711
2020/8/13 05:21,1597270867,1597270216,651
2020/8/13 05:20,1597270807,1597270216,591
2020/8/13 05:19,1597270747,1597270216,531
2020/8/13 05:18,1597270687,1597270216,471
2020/8/13 05:17,1597270627,1597270216,411
2020/8/13 05:16,1597270567,1597270216,351
2020/8/13 05:15,1597270507,1597270216,291
2020/8/13 05:14,1597270447,1597270216,231
2020/8/13 05:13,1597270387,1597270216,171
2020/8/13 05:12,1597270327,1597270216,111
2020/8/13 05:11,1597270267,1597270216,51
2020/8/13 05:10,1597270207,1597269688,519
2020/8/13 05:09,1597270147,1597269688,459
2020/8/13 05:08,1597270087,1597269688,399
2020/8/13 05:07,1597270027,1597269688,339
2020/8/13 05:06,1597269967,1597269688,279
2020/8/13 05:05,1597269907,1597269688,219
2020/8/13 05:04,1597269847,1597269688,159
2020/8/13 05:03,1597269787,1597269688,99
2020/8/13 05:02,1597269727,1597269688,39
2020/8/13 05:01,1597269667,1597269601,66
2020/8/13 05:00,1597269607,1597269601,6
2020/8/13 04:59,1597269547,1597269398,149
2020/8/13 04:58,1597269487,1597269398,89
2020/8/13 04:57,1597269427,1597269398,29
2020/8/13 04:56,1597269367,1597269236,131
2020/8/13 04:55,1597269307,1597269236,71
2020/8/13 04:54,1597269247,1597269236,11
2020/8/13 04:53,1597269187,1597268781,406
2020/8/13 04:52,1597269127,1597268781,346
2020/8/13 04:51,1597269067,1597268781,286
2020/8/13 04:50,1597269007,1597268781,226
2020/8/13 04:49,1597268947,1597268781,166
2020/8/13 04:48,1597268887,1597268781,106
2020/8/13 04:47,1597268827,1597268781,46
2020/8/13 04:46,1597268767,1597268296,471
2020/8/13 04:45,1597268707,1597268296,411
2020/8/13 04:44,1597268647,1597268296,351
2020/8/13 04:43,1597268587,1597268296,291
2020/8/13 04:42,1597268527,1597268296,231
2020/8/13 04:41,1597268467,1597268296,171
2020/8/13 04:40,1597268407,1597268296,111
2020/8/13 04:39,1597268347,1597268296,51
2020/8/13 04:38,1597268287,1597267520,767
2020/8/13 04:37,1597268227,1597267520,707
2020/8/13 04:36,1597268167,1597267520,647
2020/8/13 04:35,1597268107,1597267520,587
2020/8/13 04:34,1597268047,1597267520,527
2020/8/13 04:33,1597267987,1597267520,467
2020/8/13 04:32,1597267927,1597267520,407
2020/8/13 04:31,1597267867,1597267520,347
2020/8/13 04:30,1597267807,1597267520,287
2020/8/13 04:29,1597267747,1597267520,227
2020/8/13 04:28,1597267687,1597267520,167
2020/8/13 04:27,1597267627,1597267520,107
2020/8/13 04:26,1597267567,1597267520,47
2020/8/13 04:25,1597267507,1597267255,252
2020/8/13 04:24,1597267447,1597267255,192
2020/8/13 04:23,1597267387,1597267255,132
2020/8/13 04:22,1597267327,1597267255,72
2020/8/13 04:21,1597267267,1597267255,12
2020/8/13 04:20,1597267207,1597267058,149
2020/8/13 04:19,1597267147,1597267058,89
2020/8/13 04:18,1597267087,1597267058,29
2020/8/13 04:17,1597267027,1597266942,85
2020/8/13 04:16,1597266967,1597266942,25
2020/8/13 04:15,1597266907,1597266857,50
2020/8/13 04:14,1597266847,1597266126,721
2020/8/13 04:13,1597266787,1597266126,661
2020/8/13 04:12,1597266727,1597266126,601
2020/8/13 04:11,1597266667,1597266126,541
2020/8/13 04:10,1597266607,1597266126,481
2020/8/13 04:09,1597266547,1597266126,421
2020/8/13 04:08,1597266487,1597266126,361
2020/8/13 04:07,1597266427,1597266126,301
2020/8/13 04:06,1597266367,1597266126,241
2020/8/13 04:05,1597266307,1597266126,181
2020/8/13 04:04,1597266247,1597266126,121
2020/8/13 04:03,1597266187,1597266126,61
2020/8/13 04:02,1597266127,1597266126,1
2020/8/13 04:01,1597266067,1597265972,95
2020/8/13 04:00,1597266007,1597265972,35
2020/8/13 03:59,1597265947,1597265798,149
2020/8/13 03:58,1597265887,1597265798,89
2020/8/13 03:57,1597265827,1597265798,29
2020/8/13 03:56,1597265767,1597265466,301
2020/8/13 03:55,1597265707,1597265466,241
2020/8/13 03:54,1597265647,1597265466,181
2020/8/13 03:53,1597265587,1597265466,121
2020/8/13 03:52,1597265527,1597265466,61
2020/8/13 03:51,1597265467,1597265466,1
2020/8/13 03:50,1597265407,1597265051,356
2020/8/13 03:49,1597265347,1597265051,296
2020/8/13 03:48,1597265287,1597265051,236
2020/8/13 03:47,1597265227,1597265051,176
2020/8/13 03:46,1597265167,1597265051,116
2020/8/13 03:45,1597265107,1597265051,56
2020/8/13 03:44,1597265047,1597264789,258
2020/8/13 03:43,1597264987,1597264789,198
2020/8/13 03:42,1597264927,1597264789,138
2020/8/13 03:41,1597264867,1597264789,78
2020/8/13 03:40,1597264807,1597264789,18
2020/8/13 03:39,1597264747,1597264546,201
2020/8/13 03:38,1597264687,1597264546,141
2020/8/13 03:37,1597264627,1597264546,81
2020/8/13 03:36,1597264567,1597264546,21
2020/8/13 03:35,1597264507,1597264283,224
2020/8/13 03:34,1597264447,1597264283,164
2020/8/13 03:33,1597264387,1597264283,104
2020/8/13 03:32,1597264327,1597264283,44
2020/8/13 03:31,1597264267,1597264111,156
2020/8/13 03:30,1597264207,1597264111,96
2020/8/13 03:29,1597264147,1597264111,36
2020/8/13 03:28,1597264087,1597263933,154
2020/8/13 03:27,1597264027,1597263933,94
2020/8/13 03:26,1597263967,1597263933,34
2020/8/13 03:25,1597263907,1597263880,27
2020/8/13 03:24,1597263847,1597263756,91
2020/8/13 03:23,1597263787,1597263756,31
2020/8/13 03:22,1597263727,1597263647,80
2020/8/13 03:21,1597263667,1597263647,20
2020/8/13 03:20,1597263607,1597263551,56
2020/8/13 03:19,1597263547,1597263547,0
2020/8/13 03:18,1597263487,1597263364,123
2020/8/13 03:17,1597263427,1597263364,63
2020/8/13 03:16,1597263367,1597263364,3
2020/8/13 03:15,1597263307,1597263270,37
2020/8/13 03:14,1597263247,1597263122,125
2020/8/13 03:13,1597263187,1597263122,65
2020/8/13 03:12,1597263127,1597263122,5
2020/8/13 03:11,1597263067,1597263063,4
2020/8/13 03:10,1597263007,1597262990,17
2020/8/13 03:09,1597262947,1597262945,2
2020/8/13 03:08,1597262887,1597262304,583
2020/8/13 03:07,1597262827,1597262304,523
2020/8/13 03:06,1597262767,1597262304,463
2020/8/13 03:05,1597262707,1597262304,403
2020/8/13 03:04,1597262647,1597262304,343
2020/8/13 03:03,1597262587,1597262304,283
2020/8/13 03:02,1597262527,1597262304,223
2020/8/13 03:01,1597262467,1597262304,163
2020/8/13 03:00,1597262407,1597262304,103
2020/8/13 02:59,1597262347,1597262304,43
2020/8/13 02:58,1597262287,1597261860,427
2020/8/13 02:57,1597262227,1597261860,367
2020/8/13 02:56,1597262167,1597261860,307
2020/8/13 02:55,1597262107,1597261860,247
2020/8/13 02:54,1597262047,1597261860,187
2020/8/13 02:53,1597261987,1597261860,127
2020/8/13 02:52,1597261927,1597261860,67
2020/8/13 02:51,1597261867,1597261860,7
2020/8/13 02:50,1597261807,1597261547,260
2020/8/13 02:49,1597261747,1597261547,200
2020/8/13 02:48,1597261687,1597261547,140
2020/8/13 02:47,1597261627,1597261547,80
2020/8/13 02:46,1597261567,1597261547,20
2020/8/13 02:45,1597261507,1597261425,82
2020/8/13 02:44,1597261447,1597261425,22
2020/8/13 02:43,1597261387,1597261345,42
2020/8/13 02:42,1597261327,1597261248,79
2020/8/13 02:41,1597261267,1597261248,19
2020/8/13 02:40,1597261207,1597261173,34
2020/8/13 02:39,1597261147,1597261042,105
2020/8/13 02:38,1597261087,1597261042,45
2020/8/13 02:37,1597261028,1597260910,118
2020/8/13 02:36,1597260967,1597260910,57
2020/8/13 02:35,1597260907,1597260769,138
2020/8/13 02:34,1597260847,1597260769,78
2020/8/13 02:33,1597260787,1597260769,18
2020/8/13 02:32,1597260727,1597260365,362
2020/8/13 02:31,1597260667,1597260365,302
2020/8/13 02:30,1597260607,1597260365,242
2020/8/13 02:29,1597260547,1597260365,182
2020/8/13 02:28,1597260487,1597260365,122
2020/8/13 02:27,1597260427,1597260365,62
2020/8/13 02:26,1597260367,1597260365,2
2020/8/13 02:25,1597260307,1597260183,124
2020/8/13 02:24,1597260247,1597260183,64
2020/8/13 02:23,1597260187,1597260183,4
2020/8/13 02:22,1597260127,1597259961,166
2020/8/13 02:21,1597260067,1597259961,106
2020/8/13 02:20,1597260007,1597259961,46
2020/8/13 02:19,1597259947,1597259648,299
2020/8/13 02:18,1597259887,1597259648,239
2020/8/13 02:17,1597259827,1597259648,179
2020/8/13 02:16,1597259767,1597259648,119
2020/8/13 02:15,1597259707,1597259648,59
2020/8/13 02:14,1597259647,1597259511,136
2020/8/13 02:13,1597259587,1597259511,76
2020/8/13 02:12,1597259527,1597259511,16
2020/8/13 02:11,1597259467,1597259356,111
2020/8/13 02:10,1597259407,1597259356,51
2020/8/13 02:09,1597259347,1597259003,344
2020/8/13 02:08,1597259287,1597259003,284
2020/8/13 02:07,1597259227,1597259003,224
2020/8/13 02:06,1597259167,1597259003,164
2020/8/13 02:05,1597259107,1597259003,104
2020/8/13 02:04,1597259047,1597259003,44
2020/8/13 02:03,1597258987,1597258792,195
2020/8/13 02:02,1597258927,1597258792,135
2020/8/13 02:01,1597258867,1597258792,75
2020/8/13 02:00,1597258807,1597258792,15
2020/8/13 01:59,1597258747,1597258134,613
2020/8/13 01:58,1597258687,1597258134,553
2020/8/13 01:57,1597258627,1597258134,493
2020/8/13 01:56,1597258567,1597258134,433
2020/8/13 01:55,1597258507,1597258134,373
2020/8/13 01:54,1597258447,1597258134,313
2020/8/13 01:53,1597258387,1597258134,253
2020/8/13 01:52,1597258327,1597258134,193
2020/8/13 01:51,1597258267,1597258134,133
2020/8/13 01:50,1597258207,1597258134,73
2020/8/13 01:49,1597258147,1597258134,13
2020/8/13 01:48,1597258087,1597257962,125
2020/8/13 01:47,1597258027,1597257962,65
2020/8/13 01:46,1597257967,1597257962,5
2020/8/13 01:45,1597257907,1597257588,319
2020/8/13 01:44,1597257847,1597257588,259
2020/8/13 01:43,1597257787,1597257588,199
2020/8/13 01:42,1597257727,1597257588,139
2020/8/13 01:41,1597257667,1597257588,79
2020/8/13 01:40,1597257607,1597257588,19
2020/8/13 01:39,1597257547,1597257133,414
2020/8/13 01:38,1597257487,1597257133,354
2020/8/13 01:37,1597257427,1597257133,294
2020/8/13 01:36,1597257367,1597257133,234
2020/8/13 01:35,1597257307,1597257133,174
2020/8/13 01:34,1597257247,1597257133,114
2020/8/13 01:33,1597257187,1597257133,54
2020/8/13 01:32,1597257127,1597256991,136
2020/8/13 01:31,1597257067,1597256991,76
2020/8/13 01:30,1597257007,1597256991,16
2020/8/13 01:29,1597256947,1597256865,82
2020/8/13 01:28,1597256887,1597256865,22
2020/8/13 01:27,1597256827,1597256739,88
2020/8/13 01:26,1597256768,1597256739,29
2020/8/13 01:25,1597256707,1597256679,28
2020/8/13 01:24,1597256647,1597256587,60
2020/8/13 01:23,1597256587,1597256587,0
2020/8/13 01:22,1597256527,1597256487,40
2020/8/13 01:21,1597256467,1597256174,293
2020/8/13 01:20,1597256407,1597256174,233
2020/8/13 01:19,1597256347,1597256174,173
2020/8/13 01:18,1597256287,1597256174,113
2020/8/13 01:17,1597256227,1597256174,53
2020/8/13 01:16,1597256167,1597256032,135
2020/8/13 01:15,1597256107,1597256032,75
2020/8/13 01:14,1597256047,1597256032,15
2020/8/13 01:13,1597255987,1597255668,319
2020/8/13 01:12,1597255927,1597255668,259
2020/8/13 01:11,1597255867,1597255668,199
2020/8/13 01:10,1597255807,1597255668,139
2020/8/13 01:09,1597255747,1597255668,79
2020/8/13 01:08,1597255687,1597255668,19
2020/8/13 01:07,1597255627,1597255294,333
2020/8/13 01:06,1597255567,1597255294,273
2020/8/13 01:05,1597255507,1597255294,213
2020/8/13 01:04,1597255447,1597255294,153
2020/8/13 01:03,1597255387,1597255294,93
2020/8/13 01:02,1597255327,1597255294,33
2020/8/13 01:01,1597255267,1597255094,173
2020/8/13 01:00,1597255207,1597255094,113
2020/8/13 00:59,1597255147,1597255094,53
2020/8/13 00:58,1597255087,1597255051,36
2020/8/13 00:57,1597255027,1597254839,188
2020/8/13 00:56,1597254967,1597254839,128
2020/8/13 00:55,1597254907,1597254839,68
2020/8/13 00:54,1597254847,1597254839,8
2020/8/13 00:53,1597254787,1597254745,42
2020/8/13 00:52,1597254727,1597254627,100
2020/8/13 00:51,1597254667,1597254627,40
2020/8/13 00:50,1597254607,1597254505,102
2020/8/13 00:49,1597254547,1597254505,42
2020/8/13 00:48,1597254487,1597254404,83
2020/8/13 00:47,1597254427,1597254404,23
2020/8/13 00:46,1597254367,1597254242,125
2020/8/13 00:45,1597254307,1597254242,65
2020/8/13 00:44,1597254247,1597254242,5
2020/8/13 00:43,1597254187,1597254082,105
2020/8/13 00:42,1597254127,1597254082,45
2020/8/13 00:41,1597254067,1597254020,47
2020/8/13 00:40,1597254007,1597253555,452
2020/8/13 00:39,1597253947,1597253555,392
2020/8/13 00:38,1597253887,1597253555,332
2020/8/13 00:37,1597253827,1597253555,272
2020/8/13 00:36,1597253767,1597253555,212
2020/8/13 00:35,1597253707,1597253555,152
2020/8/13 00:34,1597253647,1597253555,92
2020/8/13 00:33,1597253587,1597253555,32
2020/8/13 00:32,1597253527,1597253281,246
2020/8/13 00:31,1597253467,1597253281,186
2020/8/13 00:30,1597253408,1597253281,127
2020/8/13 00:29,1597253347,1597253281,66
2020/8/13 00:28,1597253287,1597253281,6
2020/8/13 00:27,1597253227,1597253150,77
2020/8/13 00:26,1597253167,1597253150,17
2020/8/13 00:25,1597253107,1597253028,79
2020/8/13 00:24,1597253047,1597253028,19
2020/8/13 00:23,1597252987,1597252847,140
2020/8/13 00:22,1597252927,1597252847,80
2020/8/13 00:21,1597252867,1597252847,20
2020/8/13 00:20,1597252807,1597252401,406
2020/8/13 00:19,1597252747,1597252401,346
2020/8/13 00:18,1597252687,1597252401,286
2020/8/13 00:17,1597252627,1597252401,226
2020/8/13 00:16,1597252567,1597252401,166
2020/8/13 00:15,1597252507,1597252401,106
2020/8/13 00:14,1597252447,1597252401,46
2020/8/13 00:13,1597252387,1597252068,319
2020/8/13 00:12,1597252327,1597252068,259
2020/8/13 00:11,1597252267,1597252068,199
2020/8/13 00:10,1597252207,1597252068,139
2020/8/13 00:09,1597252147,1597252068,79
2020/8/13 00:08,1597252087,1597252068,19
2020/8/13 00:07,1597252027,1597251886,141
2020/8/13 00:06,1597251967,1597251886,81
2020/8/13 00:05,1597251907,1597251886,21
2020/8/13 00:04,1597251847,1597251714,133
2020/8/13 00:03,1597251787,1597251714,73
2020/8/13 00:02,1597251727,1597251714,13
2020/8/13 00:01,1597251667,1597251441,226
2020/8/13 00:00,1597251607,1597251441,166
2020/8/12 23:59,1597251547,1597251441,106
2020/8/12 23:58,1597251487,1597251441,46
2020/8/12 23:57,1597251427,1597251230,197
2020/8/12 23:56,1597251367,1597251230,137
2020/8/12 23:55,1597251307,1597251230,77
2020/8/12 23:54,1597251247,1597251230,17
2020/8/12 23:53,1597251187,1597250986,201
2020/8/12 23:52,1597251127,1597250986,141
2020/8/12 23:51,1597251067,1597250986,81
2020/8/12 23:50,1597251007,1597250986,21
2020/8/12 23:49,1597250947,1597250591,356
2020/8/12 23:48,1597250887,1597250591,296
2020/8/12 23:47,1597250827,1597250591,236
2020/8/12 23:46,1597250767,1597250591,176
2020/8/12 23:45,1597250707,1597250591,116
2020/8/12 23:44,1597250647,1597250591,56
2020/8/12 23:43,1597250587,1597250582,5
2020/8/12 23:42,1597250527,1597250380,147
2020/8/12 23:41,1597250467,1597250380,87
2020/8/12 23:40,1597250407,1597250380,27
2020/8/12 23:39,1597250347,1597249504,843
2020/8/12 23:38,1597250287,1597249504,783
2020/8/12 23:37,1597250227,1597249504,723
2020/8/12 23:36,1597250167,1597249504,663
2020/8/12 23:35,1597250107,1597249504,603
2020/8/12 23:34,1597250048,1597249504,544
2020/8/12 23:33,1597249987,1597249504,483
2020/8/12 23:32,1597249927,1597249504,423
2020/8/12 23:31,1597249867,1597249504,363
2020/8/12 23:30,1597249807,1597249504,303
2020/8/12 23:29,1597249747,1597249504,243
2020/8/12 23:28,1597249687,1597249504,183
2020/8/12 23:27,1597249627,1597249504,123
2020/8/12 23:26,1597249567,1597249504,63
2020/8/12 23:25,1597249507,1597249504,3
2020/8/12 23:24,1597249447,1597249267,180
2020/8/12 23:23,1597249387,1597249267,120
2020/8/12 23:22,1597249327,1597249267,60
2020/8/12 23:21,1597249267,1597249267,0
2020/8/12 23:20,1597249207,1597249034,173
2020/8/12 23:19,1597249147,1597249034,113
2020/8/12 23:18,1597249087,1597249034,53
2020/8/12 23:17,1597249027,1597248974,53
2020/8/12 23:16,1597248967,1597248947,20
2020/8/12 23:15,1597248907,1597248086,821
2020/8/12 23:14,1597248847,1597248086,761
2020/8/12 23:13,1597248787,1597248086,701
2020/8/12 23:12,1597248727,1597248086,641
2020/8/12 23:11,1597248667,1597248086,581
2020/8/12 23:10,1597248607,1597248086,521
2020/8/12 23:09,1597248547,1597248086,461
2020/8/12 23:08,1597248487,1597248086,401
2020/8/12 23:07,1597248427,1597248086,341
2020/8/12 23:06,1597248367,1597248086,281
2020/8/12 23:05,1597248307,1597248086,221
2020/8/12 23:04,1597248247,1597248086,161
2020/8/12 23:03,1597248187,1597248086,101
2020/8/12 23:02,1597248127,1597248086,41
2020/8/12 23:01,1597248067,1597248055,12
2020/8/12 23:00,1597248007,1597247953,54
2020/8/12 22:59,1597247947,1597247805,142
2020/8/12 22:58,1597247887,1597247805,82
2020/8/12 22:57,1597247827,1597247805,22
2020/8/12 22:56,1597247767,1597247620,147
2020/8/12 22:55,1597247707,1597247620,87
2020/8/12 22:54,1597247647,1597247620,27
2020/8/12 22:53,1597247587,1597247529,58
2020/8/12 22:52,1597247527,1597247513,14
2020/8/12 22:51,1597247467,1597247463,4
2020/8/12 22:50,1597247407,1597247134,273
2020/8/12 22:49,1597247347,1597247134,213
2020/8/12 22:48,1597247287,1597247134,153
2020/8/12 22:47,1597247227,1597247134,93
2020/8/12 22:46,1597247167,1597247134,33
2020/8/12 22:45,1597247107,1597247047,60
2020/8/12 22:44,1597247047,1597247047,0
2020/8/12 22:43,1597246987,1597246942,45
2020/8/12 22:42,1597246927,1597246699,228
2020/8/12 22:41,1597246867,1597246699,168
2020/8/12 22:40,1597246807,1597246699,108
2020/8/12 22:39,1597246747,1597246699,48
2020/8/12 22:38,1597246687,1597246436,251
2020/8/12 22:37,1597246627,1597246436,191
2020/8/12 22:36,1597246567,1597246436,131
2020/8/12 22:35,1597246507,1597246436,71
2020/8/12 22:34,1597246447,1597246436,11
2020/8/12 22:33,1597246387,1597246194,193
2020/8/12 22:32,1597246327,1597246194,133
2020/8/12 22:31,1597246267,1597246194,73
2020/8/12 22:30,1597246207,1597246194,13
2020/8/12 22:29,1597246147,1597246061,86
2020/8/12 22:28,1597246087,1597246061,26
2020/8/12 22:27,1597246027,1597245961,66
2020/8/12 22:26,1597245967,1597245961,6
2020/8/12 22:25,1597245907,1597245718,189
2020/8/12 22:24,1597245847,1597245718,129
2020/8/12 22:23,1597245787,1597245718,69
2020/8/12 22:22,1597245727,1597245718,9
2020/8/12 22:21,1597245667,1597245577,90
2020/8/12 22:20,1597245607,1597245577,30
2020/8/12 22:19,1597245547,1597245243,304
2020/8/12 22:18,1597245487,1597245243,244
2020/8/12 22:17,1597245427,1597245243,184
2020/8/12 22:16,1597245367,1597245243,124
2020/8/12 22:15,1597245307,1597245243,64
2020/8/12 22:14,1597245247,1597245243,4
2020/8/12 22:13,1597245187,1597245112,75
2020/8/12 22:12,1597245127,1597245112,15
2020/8/12 22:11,1597245067,1597244758,309
2020/8/12 22:10,1597245007,1597244758,249
2020/8/12 22:09,1597244947,1597244758,189
2020/8/12 22:08,1597244887,1597244758,129
2020/8/12 22:07,1597244827,1597244758,69
2020/8/12 22:06,1597244767,1597244758,9
2020/8/12 22:05,1597244707,1597244616,91
2020/8/12 22:04,1597244647,1597244616,31
2020/8/12 22:03,1597244587,1597244434,153
2020/8/12 22:02,1597244527,1597244434,93
2020/8/12 22:01,1597244467,1597244434,33
2020/8/12 22:00,1597244407,1597244400,7
2020/8/12 21:59,1597244347,1597244061,286
2020/8/12 21:58,1597244287,1597244061,226
2020/8/12 21:57,1597244227,1597244061,166
2020/8/12 21:56,1597244167,1597244061,106
2020/8/12 21:55,1597244107,1597244061,46
2020/8/12 21:54,1597244047,1597243997,50
2020/8/12 21:53,1597243987,1597243817,170
2020/8/12 21:52,1597243927,1597243817,110
2020/8/12 21:51,1597243867,1597243817,50
2020/8/12 21:50,1597243807,1597243768,39
2020/8/12 21:49,1597243747,1597243232,515
2020/8/12 21:48,1597243687,1597243232,455
2020/8/12 21:47,1597243627,1597243232,395
2020/8/12 21:46,1597243567,1597243232,335
2020/8/12 21:45,1597243507,1597243232,275
2020/8/12 21:44,1597243447,1597243232,215
2020/8/12 21:43,1597243387,1597243232,155
2020/8/12 21:42,1597243327,1597243232,95
2020/8/12 21:41,1597243267,1597243232,35
2020/8/12 21:40,1597243207,1597242626,581
2020/8/12 21:39,1597243147,1597242626,521
2020/8/12 21:38,1597243087,1597242626,461
2020/8/12 21:37,1597243027,1597242626,401
2020/8/12 21:36,1597242967,1597242626,341
2020/8/12 21:35,1597242907,1597242626,281
2020/8/12 21:34,1597242847,1597242626,221
2020/8/12 21:33,1597242787,1597242626,161
2020/8/12 21:32,1597242727,1597242626,101
2020/8/12 21:31,1597242667,1597242626,41
2020/8/12 21:30,1597242607,1597242536,71
2020/8/12 21:29,1597242547,1597242536,11
2020/8/12 21:28,1597242487,1597242104,383
2020/8/12 21:27,1597242427,1597242104,323
2020/8/12 21:26,1597242367,1597242104,263
2020/8/12 21:25,1597242307,1597242104,203
2020/8/12 21:24,1597242247,1597242104,143
2020/8/12 21:23,1597242187,1597242104,83
2020/8/12 21:22,1597242127,1597242104,23
2020/8/12 21:21,1597242067,1597241988,79
2020/8/12 21:20,1597242007,1597241988,19
2020/8/12 21:19,1597241947,1597241766,181
2020/8/12 21:18,1597241887,1597241766,121
2020/8/12 21:17,1597241827,1597241766,61
2020/8/12 21:16,1597241767,1597241766,1
2020/8/12 21:15,1597241707,1597241708,-1
2020/8/12 21:14,1597241647,1597241594,53
2020/8/12 21:13,1597241587,1597241410,177
2020/8/12 21:12,1597241527,1597241410,117
2020/8/12 21:11,1597241467,1597241410,57
2020/8/12 21:10,1597241407,1597241372,35
2020/8/12 21:09,1597241347,1597241129,218
2020/8/12 21:08,1597241287,1597241129,158
2020/8/12 21:07,1597241227,1597241129,98
2020/8/12 21:06,1597241167,1597241129,38
2020/8/12 21:05,1597241107,1597240978,129
2020/8/12 21:04,1597241047,1597240978,69
2020/8/12 21:03,1597240987,1597240978,9
2020/8/12 21:02,1597240927,1597240856,71
2020/8/12 21:01,1597240867,1597240856,11
2020/8/12 21:00,1597240807,1597240771,36
2020/8/12 20:59,1597240747,1597240724,23
2020/8/12 20:58,1597240687,1597240553,134
2020/8/12 20:57,1597240627,1597240553,74
2020/8/12 20:56,1597240567,1597240553,14
2020/8/12 20:55,1597240507,1597240380,127
2020/8/12 20:54,1597240447,1597240380,67
2020/8/12 20:53,1597240387,1597240380,7
2020/8/12 20:52,1597240327,1597240229,98
2020/8/12 20:51,1597240267,1597240229,38
2020/8/12 20:50,1597240207,1597240199,8
2020/8/12 20:49,1597240147,1597240139,8
2020/8/12 20:48,1597240087,1597240048,39
2020/8/12 20:47,1597240027,1597239875,152
2020/8/12 20:46,1597239967,1597239875,92
2020/8/12 20:45,1597239907,1597239875,32
2020/8/12 20:44,1597239847,1597239764,83
2020/8/12 20:43,1597239787,1597239764,23
2020/8/12 20:42,1597239727,1597239653,74
2020/8/12 20:41,1597239667,1597239653,14
2020/8/12 20:40,1597239607,1597239491,116
2020/8/12 20:39,1597239547,1597239491,56
2020/8/12 20:38,1597239487,1597239392,95
2020/8/12 20:37,1597239427,1597239392,35
2020/8/12 20:36,1597239367,1597239218,149
2020/8/12 20:35,1597239307,1597239218,89
2020/8/12 20:34,1597239247,1597239218,29
2020/8/12 20:33,1597239187,1597239027,160
2020/8/12 20:32,1597239127,1597239027,100
2020/8/12 20:31,1597239067,1597239027,40
2020/8/12 20:30,1597239007,1597238693,314
2020/8/12 20:29,1597238947,1597238693,254
2020/8/12 20:28,1597238887,1597238693,194
2020/8/12 20:27,1597238827,1597238693,134
2020/8/12 20:26,1597238767,1597238693,74
2020/8/12 20:25,1597238707,1597238693,14
2020/8/12 20:24,1597238647,1597238561,86
2020/8/12 20:23,1597238587,1597238561,26
2020/8/12 20:22,1597238527,1597238410,117
2020/8/12 20:21,1597238467,1597238410,57
2020/8/12 20:20,1597238407,1597238305,102
2020/8/12 20:19,1597238347,1597238305,42
2020/8/12 20:18,1597238287,1597238287,0
2020/8/12 20:17,1597238227,1597238198,29
2020/8/12 20:16,1597238167,1597238127,40
2020/8/12 20:15,1597238107,1597237986,121
2020/8/12 20:14,1597238047,1597237986,61
2020/8/12 20:13,1597237987,1597237986,1
2020/8/12 20:12,1597237927,1597237713,214
2020/8/12 20:11,1597237867,1597237713,154
2020/8/12 20:10,1597237807,1597237713,94
2020/8/12 20:09,1597237747,1597237713,34
2020/8/12 20:08,1597237687,1597237581,106
2020/8/12 20:07,1597237627,1597237581,46
2020/8/12 20:06,1597237568,1597237520,48
2020/8/12 20:05,1597237507,1597237477,30
2020/8/12 20:04,1597237447,1597237379,68
2020/8/12 20:03,1597237387,1597237379,8
2020/8/12 20:02,1597237327,1597237327,0
2020/8/12 20:01,1597237267,1597237167,100
2020/8/12 20:00,1597237207,1597237167,40
2020/8/12 19:59,1597237147,1597236937,210
2020/8/12 19:58,1597237087,1597236937,150
2020/8/12 19:57,1597237027,1597236937,90
2020/8/12 19:56,1597236967,1597236937,30
2020/8/12 19:55,1597236907,1597236772,135
2020/8/12 19:54,1597236847,1597236772,75
2020/8/12 19:53,1597236787,1597236772,15
2020/8/12 19:52,1597236727,1597236600,127
2020/8/12 19:51,1597236667,1597236600,67
2020/8/12 19:50,1597236607,1597236600,7
2020/8/12 19:49,1597236547,1597236449,98
2020/8/12 19:48,1597236487,1597236449,38
2020/8/12 19:47,1597236427,1597236347,80
2020/8/12 19:46,1597236367,1597236347,20
2020/8/12 19:45,1597236307,1597236206,101
2020/8/12 19:44,1597236247,1597236206,41
2020/8/12 19:43,1597236187,1597236075,112
2020/8/12 19:42,1597236127,1597236075,52
2020/8/12 19:41,1597236067,1597235883,184
2020/8/12 19:40,1597236007,1597235883,124
2020/8/12 19:39,1597235948,1597235883,65
2020/8/12 19:38,1597235887,1597235883,4
2020/8/12 19:37,1597235827,1597235741,86
2020/8/12 19:36,1597235767,1597235741,26
2020/8/12 19:35,1597235707,1597235620,87
2020/8/12 19:34,1597235647,1597235620,27
2020/8/12 19:33,1597235587,1597235519,68
2020/8/12 19:32,1597235527,1597235519,8
2020/8/12 19:31,1597235467,1597235438,29
2020/8/12 19:30,1597235407,1597235337,70
2020/8/12 19:29,1597235347,1597235337,10
2020/8/12 19:28,1597235287,1597235226,61
2020/8/12 19:27,1597235227,1597235226,1
2020/8/12 19:26,1597235167,1597235040,127
2020/8/12 19:25,1597235107,1597235040,67
2020/8/12 19:24,1597235047,1597235040,7
2020/8/12 19:23,1597234987,1597234983,4
2020/8/12 19:22,1597234927,1597234832,95
2020/8/12 19:21,1597234867,1597234832,35
2020/8/12 19:20,1597234807,1597234723,84
2020/8/12 19:19,1597234747,1597234723,24
2020/8/12 19:18,1597234687,1597234528,159
2020/8/12 19:17,1597234627,1597234528,99
2020/8/12 19:16,1597234567,1597234528,39
2020/8/12 19:15,1597234507,1597234427,80
2020/8/12 19:14,1597234447,1597234427,20
2020/8/12 19:13,1597234387,1597234296,91
2020/8/12 19:12,1597234327,1597234296,31
2020/8/12 19:11,1597234267,1597234117,150
2020/8/12 19:10,1597234207,1597234117,90
2020/8/12 19:09,1597234147,1597234117,30
2020/8/12 19:08,1597234087,1597232799,1288
2020/8/12 19:07,1597234027,1597232799,1228
2020/8/12 19:06,1597233967,1597232799,1168
2020/8/12 19:05,1597233907,1597232799,1108
2020/8/12 19:04,1597233847,1597232799,1048
2020/8/12 19:03,1597233787,1597232799,988
2020/8/12 19:02,1597233727,1597232799,928
2020/8/12 19:01,1597233667,1597232799,868
2020/8/12 19:00,1597233607,1597232799,808
2020/8/12 18:59,1597233547,1597232799,748
2020/8/12 18:58,1597233487,1597232799,688
2020/8/12 18:57,1597233427,1597232799,628
2020/8/12 18:56,1597233367,1597232799,568
2020/8/12 18:55,1597233307,1597232799,508
2020/8/12 18:54,1597233247,1597232799,448
2020/8/12 18:53,1597233187,1597232799,388
2020/8/12 18:52,1597233127,1597232799,328
2020/8/12 18:51,1597233067,1597232799,268
2020/8/12 18:50,1597233007,1597232799,208
2020/8/12 18:49,1597232947,1597232799,148
2020/8/12 18:48,1597232887,1597232799,88
2020/8/12 18:47,1597232827,1597232799,28
2020/8/12 18:46,1597232767,1597232486,281
2020/8/12 18:45,1597232707,1597232486,221
2020/8/12 18:44,1597232647,1597232486,161
2020/8/12 18:43,1597232587,1597232486,101
2020/8/12 18:42,1597232527,1597232486,41
2020/8/12 18:41,1597232467,1597231067,1400
2020/8/12 18:40,1597232407,1597231067,1340
2020/8/12 18:39,1597232347,1597231067,1280
2020/8/12 18:38,1597232287,1597231067,1220
2020/8/12 18:37,1597232227,1597231067,1160
2020/8/12 18:36,1597232167,1597231067,1100
2020/8/12 18:35,1597232107,1597231067,1040
2020/8/12 18:34,1597232047,1597231067,980
2020/8/12 18:33,1597231987,1597231067,920
2020/8/12 18:32,1597231927,1597231067,860
2020/8/12 18:31,1597231867,1597231067,800
2020/8/12 18:30,1597231807,1597231067,740
2020/8/12 18:29,1597231747,1597231067,680
2020/8/12 18:28,1597231687,1597231067,620
2020/8/12 18:27,1597231627,1597231067,560
2020/8/12 18:26,1597231567,1597231067,500
2020/8/12 18:25,1597231507,1597231067,440
2020/8/12 18:24,1597231447,1597231067,380
2020/8/12 18:23,1597231387,1597231067,320
2020/8/12 18:22,1597231327,1597231067,260
2020/8/12 18:21,1597231267,1597231067,200
2020/8/12 18:20,1597231207,1597231067,140
2020/8/12 18:19,1597231147,1597231067,80
2020/8/12 18:18,1597231087,1597231067,20
2020/8/12 18:17,1597231027,1597231000,27
2020/8/12 18:16,1597230967,1597230636,331
2020/8/12 18:15,1597230907,1597230636,271
2020/8/12 18:14,1597230847,1597230636,211
2020/8/12 18:13,1597230787,1597230636,151
2020/8/12 18:12,1597230727,1597230636,91
2020/8/12 18:11,1597230667,1597230636,31
2020/8/12 18:10,1597230607,1597230424,183
2020/8/12 18:09,1597230547,1597230424,123
2020/8/12 18:08,1597230487,1597230424,63
2020/8/12 18:07,1597230427,1597230424,3
2020/8/12 18:06,1597230367,1597230242,125
2020/8/12 18:05,1597230307,1597230242,65
2020/8/12 18:04,1597230247,1597230242,5
2020/8/12 18:03,1597230187,1597229535,652
2020/8/12 18:02,1597230127,1597229535,592
2020/8/12 18:01,1597230067,1597229535,532
2020/8/12 18:00,1597230007,1597229535,472
2020/8/12 17:59,1597229947,1597229535,412
2020/8/12 17:58,1597229887,1597229535,352
2020/8/12 17:57,1597229827,1597229535,292
2020/8/12 17:56,1597229767,1597229535,232
2020/8/12 17:55,1597229707,1597229535,172
2020/8/12 17:54,1597229647,1597229535,112
2020/8/12 17:53,1597229587,1597229535,52
2020/8/12 17:52,1597229527,1597229376,151
2020/8/12 17:51,1597229467,1597229376,91
2020/8/12 17:50,1597229407,1597229376,31
2020/8/12 17:49,1597229347,1597229321,26
2020/8/12 17:48,1597229287,1597229192,95
2020/8/12 17:47,1597229227,1597229192,35
2020/8/12 17:46,1597229167,1597228960,207
2020/8/12 17:45,1597229107,1597228960,147
2020/8/12 17:44,1597229047,1597228960,87
2020/8/12 17:43,1597228987,1597228960,27
2020/8/12 17:42,1597228927,1597228824,103
2020/8/12 17:41,1597228867,1597228824,43
2020/8/12 17:40,1597228807,1597228566,241
2020/8/12 17:39,1597228747,1597228566,181
2020/8/12 17:38,1597228687,1597228566,121
2020/8/12 17:37,1597228627,1597228566,61
2020/8/12 17:36,1597228567,1597228566,1
2020/8/12 17:35,1597228507,1597228062,445
2020/8/12 17:34,1597228447,1597228062,385
2020/8/12 17:33,1597228387,1597228062,325
2020/8/12 17:32,1597228327,1597228062,265
2020/8/12 17:31,1597228267,1597228062,205
2020/8/12 17:30,1597228207,1597228062,145
2020/8/12 17:29,1597228147,1597228062,85
2020/8/12 17:28,1597228087,1597228062,25
2020/8/12 17:27,1597228027,1597227961,66
2020/8/12 17:26,1597227967,1597227961,6
2020/8/12 17:25,1597227907,1597227824,83
2020/8/12 17:24,1597227847,1597227824,23
2020/8/12 17:23,1597227787,1597227768,19
2020/8/12 17:22,1597227727,1597227697,30
2020/8/12 17:21,1597227667,1597227660,7
2020/8/12 17:20,1597227607,1597227456,151
2020/8/12 17:19,1597227547,1597227456,91
2020/8/12 17:18,1597227487,1597227456,31
2020/8/12 17:17,1597227427,1597227308,119
2020/8/12 17:16,1597227367,1597227308,59
2020/8/12 17:15,1597227307,1597227306,1
2020/8/12 17:14,1597227247,1597227224,23
2020/8/12 17:13,1597227187,1597226981,206
2020/8/12 17:12,1597227127,1597226981,146
2020/8/12 17:11,1597227067,1597226981,86
2020/8/12 17:10,1597227007,1597226981,26
2020/8/12 17:09,1597226947,1597226830,117
2020/8/12 17:08,1597226887,1597226830,57
2020/8/12 17:07,1597226827,1597226163,664
2020/8/12 17:06,1597226767,1597226163,604
2020/8/12 17:05,1597226707,1597226163,544
2020/8/12 17:04,1597226647,1597226163,484
2020/8/12 17:03,1597226587,1597226163,424
2020/8/12 17:02,1597226527,1597226163,364
2020/8/12 17:01,1597226467,1597226163,304
2020/8/12 17:00,1597226407,1597226163,244
2020/8/12 16:59,1597226347,1597226163,184
2020/8/12 16:58,1597226287,1597226163,124
2020/8/12 16:57,1597226227,1597226163,64
2020/8/12 16:56,1597226167,1597226163,4
2020/8/12 16:55,1597226107,1597225981,126
2020/8/12 16:54,1597226047,1597225981,66
2020/8/12 16:53,1597225987,1597225981,6
2020/8/12 16:52,1597225927,1597225792,135
2020/8/12 16:51,1597225867,1597225792,75
2020/8/12 16:50,1597225807,1597225792,15
2020/8/12 16:49,1597225747,1597225678,69
2020/8/12 16:48,1597225687,1597225678,9
2020/8/12 16:47,1597225627,1597225465,162
2020/8/12 16:46,1597225567,1597225465,102
2020/8/12 16:45,1597225507,1597225465,42
2020/8/12 16:44,1597225447,1597225283,164
2020/8/12 16:43,1597225387,1597225283,104
2020/8/12 16:42,1597225327,1597225283,44
2020/8/12 16:41,1597225267,1597225198,69
2020/8/12 16:40,1597225207,1597225198,9
2020/8/12 16:39,1597225147,1597224970,177
2020/8/12 16:38,1597225087,1597224970,117
2020/8/12 16:37,1597225027,1597224970,57
2020/8/12 16:36,1597224967,1597224967,0
2020/8/12 16:35,1597224907,1597224708,199
2020/8/12 16:34,1597224847,1597224708,139
2020/8/12 16:33,1597224787,1597224708,79
2020/8/12 16:32,1597224727,1597224708,19
2020/8/12 16:31,1597224667,1597224314,353
2020/8/12 16:30,1597224607,1597224314,293
2020/8/12 16:29,1597224547,1597224314,233
2020/8/12 16:28,1597224487,1597224314,173
2020/8/12 16:27,1597224427,1597224314,113
2020/8/12 16:26,1597224367,1597224314,53
2020/8/12 16:25,1597224307,1597224305,2
2020/8/12 16:24,1597224247,1597224145,102
2020/8/12 16:23,1597224187,1597224145,42
2020/8/12 16:22,1597224127,1597223869,258
2020/8/12 16:21,1597224067,1597223869,198
2020/8/12 16:20,1597224007,1597223869,138
2020/8/12 16:19,1597223947,1597223869,78
2020/8/12 16:18,1597223887,1597223869,18
2020/8/12 16:17,1597223827,1597223825,2
2020/8/12 16:16,1597223767,1597223605,162
2020/8/12 16:15,1597223707,1597223605,102
2020/8/12 16:14,1597223647,1597223605,42
2020/8/12 16:13,1597223587,1597223586,1
2020/8/12 16:12,1597223527,1597223212,315
2020/8/12 16:11,1597223467,1597223212,255
2020/8/12 16:10,1597223407,1597223212,195
2020/8/12 16:09,1597223347,1597223212,135
2020/8/12 16:08,1597223287,1597223212,75
2020/8/12 16:07,1597223227,1597223212,15
2020/8/12 16:06,1597223167,1597223039,128
2020/8/12 16:05,1597223107,1597223039,68
2020/8/12 16:04,1597223047,1597223039,8
2020/8/12 16:03,1597222987,1597222845,142
2020/8/12 16:02,1597222927,1597222845,82
2020/8/12 16:01,1597222867,1597222845,22
2020/8/12 16:00,1597222807,1597222744,63
2020/8/12 15:59,1597222747,1597222744,3
2020/8/12 15:58,1597222687,1597222663,24
2020/8/12 15:57,1597222627,1597222552,75
2020/8/12 15:56,1597222567,1597222552,15
2020/8/12 15:55,1597222507,1597222148,359
2020/8/12 15:54,1597222447,1597222148,299
2020/8/12 15:53,1597222387,1597222148,239
2020/8/12 15:52,1597222327,1597222148,179
2020/8/12 15:51,1597222267,1597222148,119
2020/8/12 15:50,1597222207,1597222148,59
2020/8/12 15:49,1597222147,1597222101,46
2020/8/12 15:48,1597222087,1597222048,39
2020/8/12 15:47,1597222027,1597221967,60
2020/8/12 15:46,1597221967,1597221967,0
2020/8/12 15:45,1597221907,1597221741,166
2020/8/12 15:44,1597221847,1597221741,106
2020/8/12 15:43,1597221787,1597221741,46
2020/8/12 15:42,1597221727,1597220835,892
2020/8/12 15:41,1597221667,1597220835,832
2020/8/12 15:40,1597221607,1597220835,772
2020/8/12 15:39,1597221547,1597220835,712
2020/8/12 15:38,1597221487,1597220835,652
2020/8/12 15:37,1597221427,1597220835,592
2020/8/12 15:36,1597221367,1597220835,532
2020/8/12 15:35,1597221307,1597220835,472
2020/8/12 15:34,1597221247,1597220835,412
2020/8/12 15:33,1597221187,1597220835,352
2020/8/12 15:32,1597221127,1597220835,292
2020/8/12 15:31,1597221067,1597220835,232
2020/8/12 15:30,1597221007,1597220835,172
2020/8/12 15:29,1597220947,1597220835,112
2020/8/12 15:28,1597220887,1597220835,52
2020/8/12 15:27,1597220827,1597220762,65
2020/8/12 15:26,1597220767,1597220762,5
2020/8/12 15:25,1597220707,1597220298,409
2020/8/12 15:24,1597220647,1597220298,349
2020/8/12 15:23,1597220587,1597220298,289
2020/8/12 15:22,1597220527,1597220298,229
2020/8/12 15:21,1597220467,1597220298,169
2020/8/12 15:20,1597220407,1597220298,109
2020/8/12 15:19,1597220347,1597220298,49
2020/8/12 15:18,1597220287,1597220137,150
2020/8/12 15:17,1597220227,1597220137,90
2020/8/12 15:16,1597220167,1597220137,30
2020/8/12 15:15,1597220107,1597219955,152
2020/8/12 15:14,1597220047,1597219955,92
2020/8/12 15:13,1597219987,1597219955,32
2020/8/12 15:12,1597219927,1597219894,33
2020/8/12 15:11,1597219867,1597219834,33
2020/8/12 15:10,1597219807,1597219581,226
2020/8/12 15:09,1597219747,1597219581,166
2020/8/12 15:08,1597219687,1597219581,106
2020/8/12 15:07,1597219627,1597219581,46
2020/8/12 15:06,1597219567,1597219379,188
2020/8/12 15:05,1597219507,1597219379,128
2020/8/12 15:04,1597219447,1597219379,68
2020/8/12 15:03,1597219387,1597219379,8
2020/8/12 15:02,1597219327,1597219228,99
2020/8/12 15:01,1597219267,1597219228,39
2020/8/12 15:00,1597219207,1597219192,15
2020/8/12 14:59,1597219147,1597219075,72
2020/8/12 14:58,1597219087,1597219075,12
2020/8/12 14:57,1597219027,1597218782,245
2020/8/12 14:56,1597218967,1597218782,185
2020/8/12 14:55,1597218907,1597218782,125
2020/8/12 14:54,1597218847,1597218782,65
2020/8/12 14:53,1597218787,1597218782,5
2020/8/12 14:52,1597218727,1597218723,4
2020/8/12 14:51,1597218667,1597218358,309
2020/8/12 14:50,1597218607,1597218358,249
2020/8/12 14:49,1597218547,1597218358,189
2020/8/12 14:48,1597218487,1597218358,129
2020/8/12 14:47,1597218427,1597218358,69
2020/8/12 14:46,1597218367,1597218358,9
2020/8/12 14:45,1597218307,1597218005,302
2020/8/12 14:44,1597218247,1597218005,242
2020/8/12 14:43,1597218187,1597218005,182
2020/8/12 14:42,1597218127,1597218005,122
2020/8/12 14:41,1597218067,1597218005,62
2020/8/12 14:40,1597218007,1597218005,2
2020/8/12 14:39,1597217947,1597217642,305
2020/8/12 14:38,1597217887,1597217642,245
2020/8/12 14:37,1597217827,1597217642,185
2020/8/12 14:36,1597217767,1597217642,125
2020/8/12 14:35,1597217707,1597217642,65
2020/8/12 14:34,1597217647,1597217642,5
2020/8/12 14:33,1597217587,1597217349,238
2020/8/12 14:32,1597217527,1597217349,178
2020/8/12 14:31,1597217467,1597217349,118
2020/8/12 14:30,1597217407,1597217349,58
2020/8/12 14:29,1597217347,1597217086,261
2020/8/12 14:28,1597217287,1597217086,201
2020/8/12 14:27,1597217227,1597217086,141
2020/8/12 14:26,1597217167,1597217086,81
2020/8/12 14:25,1597217107,1597217086,21
2020/8/12 14:24,1597217047,1597216765,282
2020/8/12 14:23,1597216987,1597216765,222
2020/8/12 14:22,1597216927,1597216765,162
2020/8/12 14:21,1597216867,1597216765,102
2020/8/12 14:20,1597216807,1597216765,42
2020/8/12 14:19,1597216747,1597216682,65
2020/8/12 14:18,1597216687,1597216682,5
2020/8/12 14:17,1597216627,1597216338,289
2020/8/12 14:16,1597216567,1597216338,229
2020/8/12 14:15,1597216507,1597216338,169
2020/8/12 14:14,1597216447,1597216338,109
2020/8/12 14:13,1597216387,1597216338,49
2020/8/12 14:12,1597216327,1597216156,171
2020/8/12 14:11,1597216267,1597216156,111
2020/8/12 14:10,1597216207,1597216156,51
2020/8/12 14:09,1597216147,1597216037,110
2020/8/12 14:08,1597216087,1597216037,50
2020/8/12 14:07,1597216027,1597215660,367
2020/8/12 14:06,1597215967,1597215660,307
2020/8/12 14:05,1597215907,1597215660,247
2020/8/12 14:04,1597215847,1597215660,187
2020/8/12 14:03,1597215787,1597215660,127
2020/8/12 14:02,1597215727,1597215660,67
2020/8/12 14:01,1597215667,1597215660,7
2020/8/12 14:00,1597215607,1597215591,16
2020/8/12 13:59,1597215547,1597215234,313
2020/8/12 13:58,1597215487,1597215234,253
2020/8/12 13:57,1597215427,1597215234,193
2020/8/12 13:56,1597215367,1597215234,133
2020/8/12 13:55,1597215307,1597215234,73
2020/8/12 13:54,1597215247,1597215234,13
2020/8/12 13:53,1597215187,1597215004,183
2020/8/12 13:52,1597215127,1597215004,123
2020/8/12 13:51,1597215067,1597215004,63
2020/8/12 13:50,1597215007,1597215004,3
2020/8/12 13:49,1597214947,1597214480,467
2020/8/12 13:48,1597214887,1597214480,407
2020/8/12 13:47,1597214827,1597214480,347
2020/8/12 13:46,1597214767,1597214480,287
2020/8/12 13:45,1597214707,1597214480,227
2020/8/12 13:44,1597214647,1597214480,167
2020/8/12 13:43,1597214587,1597214480,107
2020/8/12 13:42,1597214527,1597214480,47
2020/8/12 13:41,1597214467,1597213995,472
2020/8/12 13:40,1597214407,1597213995,412
2020/8/12 13:39,1597214347,1597213995,352
2020/8/12 13:38,1597214287,1597213995,292
2020/8/12 13:37,1597214227,1597213995,232
2020/8/12 13:36,1597214167,1597213995,172
2020/8/12 13:35,1597214107,1597213995,112
2020/8/12 13:34,1597214047,1597213995,52
2020/8/12 13:33,1597213987,1597213819,168
2020/8/12 13:32,1597213927,1597213819,108
2020/8/12 13:31,1597213867,1597213819,48
2020/8/12 13:30,1597213807,1597213753,54
2020/8/12 13:29,1597213747,1597213349,398
2020/8/12 13:28,1597213687,1597213349,338
2020/8/12 13:27,1597213627,1597213349,278
2020/8/12 13:26,1597213567,1597213349,218
2020/8/12 13:25,1597213507,1597213349,158
2020/8/12 13:24,1597213447,1597213349,98
2020/8/12 13:23,1597213387,1597213349,38
2020/8/12 13:22,1597213327,1597212965,362
2020/8/12 13:21,1597213267,1597212965,302
2020/8/12 13:20,1597213207,1597212965,242
2020/8/12 13:19,1597213147,1597212965,182
2020/8/12 13:18,1597213087,1597212965,122
2020/8/12 13:17,1597213027,1597212965,62
2020/8/12 13:16,1597212967,1597212965,2
2020/8/12 13:15,1597212907,1597212858,49
2020/8/12 13:14,1597212847,1597212622,225
2020/8/12 13:13,1597212787,1597212622,165
2020/8/12 13:12,1597212728,1597212622,106
2020/8/12 13:11,1597212667,1597212622,45
2020/8/12 13:10,1597212607,1597212443,164
2020/8/12 13:09,1597212547,1597212443,104
2020/8/12 13:08,1597212487,1597212443,44
2020/8/12 13:07,1597212427,1597210883,1544
2020/8/12 13:06,1597212367,1597210883,1484
2020/8/12 13:05,1597212307,1597210883,1424
2020/8/12 13:04,1597212247,1597210883,1364
2020/8/12 13:03,1597212187,1597210883,1304
2020/8/12 13:02,1597212127,1597210883,1244
2020/8/12 13:01,1597212067,1597210883,1184
2020/8/12 13:00,1597212007,1597210883,1124
2020/8/12 12:59,1597211947,1597210883,1064
2020/8/12 12:58,1597211887,1597210883,1004
2020/8/12 12:57,1597211827,1597210883,944
2020/8/12 12:56,1597211767,1597210883,884
2020/8/12 12:55,1597211707,1597210883,824
2020/8/12 12:54,1597211647,1597210883,764
2020/8/12 12:53,1597211587,1597210883,704
2020/8/12 12:52,1597211527,1597210883,644
2020/8/12 12:51,1597211467,1597210883,584
2020/8/12 12:50,1597211407,1597210883,524
2020/8/12 12:49,1597211347,1597210883,464
2020/8/12 12:48,1597211287,1597210883,404
2020/8/12 12:47,1597211227,1597210883,344
2020/8/12 12:46,1597211167,1597210883,284
2020/8/12 12:45,1597211107,1597210883,224
2020/8/12 12:44,1597211048,1597210883,165
2020/8/12 12:43,1597210987,1597210883,104
2020/8/12 12:42,1597210927,1597210883,44
2020/8/12 12:41,1597210867,1597210688,179
2020/8/12 12:40,1597210807,1597210688,119
2020/8/12 12:39,1597210747,1597210688,59
2020/8/12 12:38,1597210687,1597210687,0
2020/8/12 12:37,1597210627,1597210491,136
2020/8/12 12:36,1597210567,1597210491,76
2020/8/12 12:35,1597210507,1597210491,16
2020/8/12 12:34,1597210447,1597210256,191
2020/8/12 12:33,1597210387,1597210256,131
2020/8/12 12:32,1597210327,1597210256,71
2020/8/12 12:31,1597210267,1597210256,11
2020/8/12 12:30,1597210207,1597210195,12
2020/8/12 12:29,1597210147,1597210044,103
2020/8/12 12:28,1597210087,1597210044,43
2020/8/12 12:27,1597210027,1597209276,751
2020/8/12 12:26,1597209967,1597209276,691
2020/8/12 12:25,1597209907,1597209276,631
2020/8/12 12:24,1597209847,1597209276,571
2020/8/12 12:23,1597209787,1597209276,511
2020/8/12 12:22,1597209727,1597209276,451
2020/8/12 12:21,1597209667,1597209276,391
2020/8/12 12:20,1597209607,1597209276,331
2020/8/12 12:19,1597209547,1597209276,271
2020/8/12 12:18,1597209487,1597209276,211
2020/8/12 12:17,1597209427,1597209276,151
2020/8/12 12:16,1597209367,1597209276,91
2020/8/12 12:15,1597209307,1597209276,31
2020/8/12 12:14,1597209247,1597209169,78
2020/8/12 12:13,1597209187,1597209169,18
2020/8/12 12:12,1597209127,1597208871,256
2020/8/12 12:11,1597209068,1597208871,197
2020/8/12 12:10,1597209008,1597208871,137
2020/8/12 12:09,1597208947,1597208871,76
2020/8/12 12:08,1597208887,1597208871,16
2020/8/12 12:07,1597208827,1597208396,431
2020/8/12 12:06,1597208767,1597208396,371
2020/8/12 12:05,1597208707,1597208396,311
2020/8/12 12:04,1597208647,1597208396,251
2020/8/12 12:03,1597208587,1597208396,191
2020/8/12 12:02,1597208527,1597208396,131
2020/8/12 12:01,1597208467,1597208396,71
2020/8/12 12:00,1597208407,1597208396,11
2020/8/12 11:59,1597208347,1597208234,113
2020/8/12 11:58,1597208287,1597208234,53
2020/8/12 11:57,1597208227,1597208212,15
2020/8/12 11:56,1597208167,1597208083,84
2020/8/12 11:55,1597208107,1597208083,24
2020/8/12 11:54,1597208047,1597207964,83
2020/8/12 11:53,1597207987,1597207964,23
2020/8/12 11:52,1597207927,1597207900,27
2020/8/12 11:51,1597207867,1597207780,87
2020/8/12 11:50,1597207807,1597207780,27
2020/8/12 11:49,1597207747,1597207693,54
2020/8/12 11:48,1597207687,1597207634,53
2020/8/12 11:47,1597207627,1597207608,19
2020/8/12 11:46,1597207567,1597207426,141
2020/8/12 11:45,1597207507,1597207426,81
2020/8/12 11:44,1597207447,1597207426,21
2020/8/12 11:43,1597207387,1597207272,115
2020/8/12 11:42,1597207327,1597207272,55
2020/8/12 11:41,1597207267,1597207265,2
2020/8/12 11:40,1597207207,1597207103,104
2020/8/12 11:39,1597207147,1597207103,44
2020/8/12 11:38,1597207087,1597207055,32
2020/8/12 11:37,1597207027,1597206477,550
2020/8/12 11:36,1597206967,1597206477,490
2020/8/12 11:35,1597206907,1597206477,430
2020/8/12 11:34,1597206847,1597206477,370
2020/8/12 11:33,1597206787,1597206477,310
2020/8/12 11:32,1597206727,1597206477,250
2020/8/12 11:31,1597206667,1597206477,190
2020/8/12 11:30,1597206607,1597206477,130
2020/8/12 11:29,1597206547,1597206477,70
2020/8/12 11:28,1597206487,1597206477,10
2020/8/12 11:27,1597206427,1597206344,83
2020/8/12 11:26,1597206367,1597206344,23
2020/8/12 11:25,1597206307,1597206215,92
2020/8/12 11:24,1597206247,1597206215,32
2020/8/12 11:23,1597206187,1597206018,169
2020/8/12 11:22,1597206127,1597206018,109
2020/8/12 11:21,1597206067,1597206018,49
2020/8/12 11:20,1597206007,1597206007,0
2020/8/12 11:19,1597205947,1597205709,238
2020/8/12 11:18,1597205887,1597205709,178
2020/8/12 11:17,1597205827,1597205709,118
2020/8/12 11:16,1597205767,1597205709,58
2020/8/12 11:15,1597205707,1597205575,132
2020/8/12 11:14,1597205647,1597205575,72
2020/8/12 11:13,1597205587,1597205575,12
2020/8/12 11:12,1597205527,1597205507,20
2020/8/12 11:11,1597205467,1597205346,121
2020/8/12 11:10,1597205407,1597205346,61
2020/8/12 11:09,1597205347,1597205346,1
2020/8/12 11:08,1597205287,1597204668,619
2020/8/12 11:07,1597205227,1597204668,559
2020/8/12 11:06,1597205167,1597204668,499
2020/8/12 11:05,1597205107,1597204668,439
2020/8/12 11:04,1597205047,1597204668,379
2020/8/12 11:03,1597204987,1597204668,319
2020/8/12 11:02,1597204927,1597204668,259
2020/8/12 11:01,1597204867,1597204668,199
2020/8/12 11:00,1597204807,1597204668,139
2020/8/12 10:59,1597204747,1597204668,79
2020/8/12 10:58,1597204687,1597204668,19
2020/8/12 10:57,1597204627,1597204325,302
2020/8/12 10:56,1597204567,1597204325,242
2020/8/12 10:55,1597204507,1597204325,182
2020/8/12 10:54,1597204447,1597204325,122
2020/8/12 10:53,1597204387,1597204325,62
2020/8/12 10:52,1597204327,1597204325,2
2020/8/12 10:51,1597204267,1597204258,9
2020/8/12 10:50,1597204207,1597204134,73
2020/8/12 10:49,1597204147,1597204134,13
2020/8/12 10:48,1597204087,1597203941,146
2020/8/12 10:47,1597204027,1597203941,86
2020/8/12 10:46,1597203967,1597203941,26
2020/8/12 10:45,1597203907,1597203881,26
2020/8/12 10:44,1597203847,1597203789,58
2020/8/12 10:43,1597203787,1597203763,24
2020/8/12 10:42,1597203727,1597203648,79
2020/8/12 10:41,1597203667,1597203648,19
2020/8/12 10:40,1597203607,1597203453,154
2020/8/12 10:39,1597203547,1597203453,94
2020/8/12 10:38,1597203487,1597203453,34
2020/8/12 10:37,1597203427,1597203285,142
2020/8/12 10:36,1597203367,1597203285,82
2020/8/12 10:35,1597203307,1597203285,22
2020/8/12 10:34,1597203247,1597202750,497
2020/8/12 10:33,1597203187,1597202750,437
2020/8/12 10:32,1597203127,1597202750,377
2020/8/12 10:31,1597203067,1597202750,317
2020/8/12 10:30,1597203007,1597202750,257
2020/8/12 10:29,1597202947,1597202750,197
2020/8/12 10:28,1597202887,1597202750,137
2020/8/12 10:27,1597202827,1597202750,77
2020/8/12 10:26,1597202767,1597202750,17
2020/8/12 10:25,1597202707,1597202517,190
2020/8/12 10:24,1597202647,1597202517,130
2020/8/12 10:23,1597202587,1597202517,70
2020/8/12 10:22,1597202527,1597202517,10
2020/8/12 10:21,1597202467,1597202265,202
2020/8/12 10:20,1597202407,1597202265,142
2020/8/12 10:19,1597202347,1597202265,82
2020/8/12 10:18,1597202287,1597202265,22
2020/8/12 10:17,1597202227,1597202122,105
2020/8/12 10:16,1597202167,1597202122,45
2020/8/12 10:15,1597202107,1597202091,16
2020/8/12 10:14,1597202047,1597201718,329
2020/8/12 10:13,1597201987,1597201718,269
2020/8/12 10:12,1597201927,1597201718,209
2020/8/12 10:11,1597201867,1597201718,149
2020/8/12 10:10,1597201807,1597201718,89
2020/8/12 10:09,1597201747,1597201718,29
2020/8/12 10:08,1597201687,1597201344,343
2020/8/12 10:07,1597201627,1597201344,283
2020/8/12 10:06,1597201567,1597201344,223
2020/8/12 10:05,1597201507,1597201344,163
2020/8/12 10:04,1597201447,1597201344,103
2020/8/12 10:03,1597201387,1597201344,43
2020/8/12 10:02,1597201327,1597201021,306
2020/8/12 10:01,1597201267,1597201021,246
2020/8/12 10:00,1597201207,1597201021,186
2020/8/12 09:59,1597201147,1597201021,126
2020/8/12 09:58,1597201087,1597201021,66
2020/8/12 09:57,1597201027,1597201021,6
2020/8/12 09:56,1597200967,1597200667,300
2020/8/12 09:55,1597200907,1597200667,240
2020/8/12 09:54,1597200847,1597200667,180
2020/8/12 09:53,1597200787,1597200667,120
2020/8/12 09:52,1597200727,1597200667,60
2020/8/12 09:51,1597200667,1597200667,0
2020/8/12 09:50,1597200607,1597200293,314
2020/8/12 09:49,1597200547,1597200293,254
2020/8/12 09:48,1597200487,1597200293,194
2020/8/12 09:47,1597200427,1597200293,134
2020/8/12 09:46,1597200367,1597200293,74
2020/8/12 09:45,1597200307,1597200293,14
2020/8/12 09:44,1597200247,1597199837,410
2020/8/12 09:43,1597200187,1597199837,350
2020/8/12 09:42,1597200127,1597199837,290
2020/8/12 09:41,1597200067,1597199837,230
2020/8/12 09:40,1597200007,1597199837,170
2020/8/12 09:39,1597199947,1597199837,110
2020/8/12 09:38,1597199887,1597199837,50
2020/8/12 09:37,1597199827,1597199575,252
2020/8/12 09:36,1597199767,1597199575,192
2020/8/12 09:35,1597199707,1597199575,132
2020/8/12 09:34,1597199647,1597199575,72
2020/8/12 09:33,1597199587,1597199575,12
2020/8/12 09:32,1597199527,1597199373,154
2020/8/12 09:31,1597199467,1597199373,94
2020/8/12 09:30,1597199407,1597199373,34
2020/8/12 09:29,1597199347,1597199010,337
2020/8/12 09:28,1597199287,1597199010,277
2020/8/12 09:27,1597199227,1597199010,217
2020/8/12 09:26,1597199167,1597199010,157
2020/8/12 09:25,1597199107,1597199010,97
2020/8/12 09:24,1597199047,1597199010,37
2020/8/12 09:23,1597198987,1597198797,190
2020/8/12 09:22,1597198927,1597198797,130
2020/8/12 09:21,1597198867,1597198797,70
2020/8/12 09:20,1597198807,1597198797,10
2020/8/12 09:19,1597198747,1597198646,101
2020/8/12 09:18,1597198687,1597198646,41
2020/8/12 09:17,1597198627,1597198281,346
2020/8/12 09:16,1597198567,1597198281,286
2020/8/12 09:15,1597198507,1597198281,226
2020/8/12 09:14,1597198447,1597198281,166
2020/8/12 09:13,1597198387,1597198281,106
2020/8/12 09:12,1597198327,1597198281,46
2020/8/12 09:11,1597198267,1597197898,369
2020/8/12 09:10,1597198207,1597197898,309
2020/8/12 09:09,1597198147,1597197898,249
2020/8/12 09:08,1597198087,1597197898,189
2020/8/12 09:07,1597198027,1597197898,129
2020/8/12 09:06,1597197967,1597197898,69
2020/8/12 09:05,1597197907,1597197898,9
2020/8/12 09:04,1597197847,1597197651,196
2020/8/12 09:03,1597197787,1597197651,136
2020/8/12 09:02,1597197727,1597197651,76
2020/8/12 09:01,1597197667,1597197651,16
2020/8/12 09:00,1597197607,1597196992,615
2020/8/12 08:59,1597197547,1597196992,555
2020/8/12 08:58,1597197487,1597196992,495
2020/8/12 08:57,1597197427,1597196992,435
2020/8/12 08:56,1597197367,1597196992,375
2020/8/12 08:55,1597197307,1597196992,315
2020/8/12 08:54,1597197247,1597196992,255
2020/8/12 08:53,1597197187,1597196992,195
2020/8/12 08:52,1597197127,1597196992,135
2020/8/12 08:51,1597197067,1597196992,75
2020/8/12 08:50,1597197007,1597196992,15
2020/8/12 08:49,1597196947,1597196801,146
2020/8/12 08:48,1597196887,1597196801,86
2020/8/12 08:47,1597196827,1597196801,26
2020/8/12 08:46,1597196767,1597196719,48
2020/8/12 08:45,1597196708,1597196648,60
2020/8/12 08:44,1597196647,1597196647,0
2020/8/12 08:43,1597196587,1597196548,39
2020/8/12 08:42,1597196527,1597196254,273
2020/8/12 08:41,1597196467,1597196254,213
2020/8/12 08:40,1597196407,1597196254,153
2020/8/12 08:39,1597196347,1597196254,93
2020/8/12 08:38,1597196287,1597196254,33
2020/8/12 08:37,1597196227,1597196213,14
2020/8/12 08:36,1597196167,1597195982,185
2020/8/12 08:35,1597196107,1597195982,125
2020/8/12 08:34,1597196047,1597195982,65
2020/8/12 08:33,1597195987,1597195982,5
2020/8/12 08:32,1597195927,1597195607,320
2020/8/12 08:31,1597195867,1597195607,260
2020/8/12 08:30,1597195807,1597195607,200
2020/8/12 08:29,1597195747,1597195607,140
2020/8/12 08:28,1597195687,1597195607,80
2020/8/12 08:27,1597195627,1597195607,20
2020/8/12 08:26,1597195567,1597194991,576
2020/8/12 08:25,1597195507,1597194991,516
2020/8/12 08:24,1597195447,1597194991,456
2020/8/12 08:23,1597195387,1597194991,396
2020/8/12 08:22,1597195327,1597194991,336
2020/8/12 08:21,1597195267,1597194991,276
2020/8/12 08:20,1597195207,1597194991,216
2020/8/12 08:19,1597195147,1597194991,156
2020/8/12 08:18,1597195087,1597194991,96
2020/8/12 08:17,1597195027,1597194991,36
2020/8/12 08:16,1597194967,1597194544,423
2020/8/12 08:15,1597194907,1597194544,363
2020/8/12 08:14,1597194847,1597194544,303
2020/8/12 08:13,1597194787,1597194544,243
2020/8/12 08:12,1597194727,1597194544,183
2020/8/12 08:11,1597194667,1597194544,123
2020/8/12 08:10,1597194608,1597194544,64
2020/8/12 08:09,1597194547,1597194544,3
2020/8/12 08:08,1597194487,1597194402,85
2020/8/12 08:07,1597194427,1597194402,25
2020/8/12 08:06,1597194367,1597194347,20
2020/8/12 08:05,1597194307,1597194188,119
2020/8/12 08:04,1597194247,1597194188,59
2020/8/12 08:03,1597194188,1597194187,1
2020/8/12 08:02,1597194128,1597194120,8
2020/8/12 08:01,1597194067,1597193951,116
2020/8/12 08:00,1597194007,1597193951,56
2020/8/12 07:59,1597193947,1597193912,35
2020/8/12 07:58,1597193887,1597193714,173
2020/8/12 07:57,1597193827,1597193714,113
2020/8/12 07:56,1597193767,1597193714,53
2020/8/12 07:55,1597193707,1597193639,68
2020/8/12 07:54,1597193647,1597193639,8
2020/8/12 07:53,1597193587,1597193528,59
2020/8/12 07:52,1597193527,1597193376,151
2020/8/12 07:51,1597193467,1597193376,91
2020/8/12 07:50,1597193407,1597193376,31
2020/8/12 07:49,1597193347,1597193124,223
2020/8/12 07:48,1597193287,1597193124,163
2020/8/12 07:47,1597193227,1597193124,103
2020/8/12 07:46,1597193167,1597193124,43
2020/8/12 07:45,1597193107,1597192820,287
2020/8/12 07:44,1597193047,1597192820,227
2020/8/12 07:43,1597192987,1597192820,167
2020/8/12 07:42,1597192927,1597192820,107
2020/8/12 07:41,1597192867,1597192820,47
2020/8/12 07:40,1597192807,1597192346,461
2020/8/12 07:39,1597192747,1597192346,401
2020/8/12 07:38,1597192687,1597192346,341
2020/8/12 07:37,1597192627,1597192346,281
2020/8/12 07:36,1597192567,1597192346,221
2020/8/12 07:35,1597192507,1597192346,161
2020/8/12 07:34,1597192447,1597192346,101
2020/8/12 07:33,1597192387,1597192346,41
2020/8/12 07:32,1597192327,1597192258,69
2020/8/12 07:31,1597192267,1597192258,9
2020/8/12 07:30,1597192207,1597192053,154
2020/8/12 07:29,1597192147,1597192053,94
2020/8/12 07:28,1597192087,1597192053,34
2020/8/12 07:27,1597192027,1597191942,85
2020/8/12 07:26,1597191967,1597191942,25
2020/8/12 07:25,1597191907,1597191890,17
2020/8/12 07:24,1597191847,1597191815,32
2020/8/12 07:23,1597191787,1597191686,101
2020/8/12 07:22,1597191727,1597191686,41
2020/8/12 07:21,1597191667,1597191629,38
2020/8/12 07:20,1597191607,1597191406,201
2020/8/12 07:19,1597191547,1597191406,141
2020/8/12 07:18,1597191487,1597191406,81
2020/8/12 07:17,1597191427,1597191406,21
2020/8/12 07:16,1597191367,1597191309,58
2020/8/12 07:15,1597191307,1597191269,38
2020/8/12 07:14,1597191247,1597191177,70
2020/8/12 07:13,1597191187,1597191177,10
2020/8/12 07:12,1597191127,1597191083,44
2020/8/12 07:11,1597191067,1597190829,238
2020/8/12 07:10,1597191007,1597190829,178
2020/8/12 07:09,1597190947,1597190829,118
2020/8/12 07:08,1597190887,1597190829,58
2020/8/12 07:07,1597190827,1597189123,1704
2020/8/12 07:06,1597190767,1597189123,1644
2020/8/12 07:05,1597190707,1597189123,1584
2020/8/12 07:04,1597190647,1597189123,1524
2020/8/12 07:03,1597190587,1597189123,1464
2020/8/12 07:02,1597190527,1597189123,1404
2020/8/12 07:01,1597190467,1597189123,1344
2020/8/12 07:00,1597190407,1597189123,1284
2020/8/12 06:59,1597190347,1597189123,1224
2020/8/12 06:58,1597190287,1597189123,1164
2020/8/12 06:57,1597190227,1597189123,1104
2020/8/12 06:56,1597190167,1597189123,1044
2020/8/12 06:55,1597190107,1597189123,984
2020/8/12 06:54,1597190047,1597189123,924
2020/8/12 06:53,1597189987,1597189123,864
2020/8/12 06:52,1597189927,1597189123,804
2020/8/12 06:51,1597189867,1597189123,744
2020/8/12 06:50,1597189807,1597189123,684
2020/8/12 06:49,1597189747,1597189123,624
2020/8/12 06:48,1597189687,1597189123,564
2020/8/12 06:47,1597189627,1597189123,504
2020/8/12 06:46,1597189567,1597189123,444
2020/8/12 06:45,1597189507,1597189123,384
2020/8/12 06:44,1597189447,1597189123,324
2020/8/12 06:43,1597189387,1597189123,264
2020/8/12 06:42,1597189327,1597189123,204
2020/8/12 06:41,1597189267,1597189123,144
2020/8/12 06:40,1597189207,1597189123,84
2020/8/12 06:39,1597189147,1597189123,24
2020/8/12 06:38,1597189087,1597188901,186
2020/8/12 06:37,1597189027,1597188901,126
2020/8/12 06:36,1597188967,1597188901,66
2020/8/12 06:35,1597188907,1597188901,6
2020/8/12 06:34,1597188847,1597188709,138
2020/8/12 06:33,1597188787,1597188709,78
2020/8/12 06:32,1597188727,1597188709,18
2020/8/12 06:31,1597188667,1597188093,574
2020/8/12 06:30,1597188607,1597188093,514
2020/8/12 06:29,1597188547,1597188093,454
2020/8/12 06:28,1597188487,1597188093,394
2020/8/12 06:27,1597188427,1597188093,334
2020/8/12 06:26,1597188367,1597188093,274
2020/8/12 06:25,1597188307,1597188093,214
2020/8/12 06:24,1597188247,1597188093,154
2020/8/12 06:23,1597188187,1597188093,94
2020/8/12 06:22,1597188127,1597188093,34
2020/8/12 06:21,1597188067,1597187952,115
2020/8/12 06:20,1597188007,1597187952,55
2020/8/12 06:19,1597187947,1597187740,207
2020/8/12 06:18,1597187887,1597187740,147
2020/8/12 06:17,1597187827,1597187740,87
2020/8/12 06:16,1597187767,1597187740,27
2020/8/12 06:15,1597187707,1597187614,93
2020/8/12 06:14,1597187647,1597187614,33
2020/8/12 06:13,1597187587,1597187306,281
2020/8/12 06:12,1597187527,1597187306,221
2020/8/12 06:11,1597187467,1597187306,161
2020/8/12 06:10,1597187407,1597187306,101
2020/8/12 06:09,1597187347,1597187306,41
2020/8/12 06:08,1597187287,1597187144,143
2020/8/12 06:07,1597187227,1597187144,83
2020/8/12 06:06,1597187167,1597187144,23
2020/8/12 06:05,1597187107,1597186942,165
2020/8/12 06:04,1597187047,1597186942,105
2020/8/12 06:03,1597186987,1597186942,45
2020/8/12 06:02,1597186927,1597186831,96
2020/8/12 06:01,1597186867,1597186831,36
2020/8/12 06:00,1597186807,1597186760,47
2020/8/12 05:59,1597186747,1597186649,98
2020/8/12 05:58,1597186687,1597186649,38
2020/8/12 05:57,1597186627,1597186416,211
2020/8/12 05:56,1597186567,1597186416,151
2020/8/12 05:55,1597186507,1597186416,91
2020/8/12 05:54,1597186447,1597186416,31
2020/8/12 05:53,1597186387,1597186335,52
2020/8/12 05:52,1597186327,1597185961,366
2020/8/12 05:51,1597186267,1597185961,306
2020/8/12 05:50,1597186207,1597185961,246
2020/8/12 05:49,1597186147,1597185961,186
2020/8/12 05:48,1597186087,1597185961,126
2020/8/12 05:47,1597186027,1597185961,66
2020/8/12 05:46,1597185967,1597185961,6
2020/8/12 05:45,1597185907,1597185728,179
2020/8/12 05:44,1597185847,1597185728,119
2020/8/12 05:43,1597185787,1597185728,59
2020/8/12 05:42,1597185727,1597185403,324
2020/8/12 05:41,1597185667,1597185403,264
2020/8/12 05:40,1597185607,1597185403,204
2020/8/12 05:39,1597185547,1597185403,144
2020/8/12 05:38,1597185487,1597185403,84
2020/8/12 05:37,1597185427,1597185403,24
2020/8/12 05:36,1597185367,1597185212,155
2020/8/12 05:35,1597185307,1597185212,95
2020/8/12 05:34,1597185247,1597185212,35
2020/8/12 05:33,1597185187,1597185181,6
2020/8/12 05:32,1597185127,1597184969,158
2020/8/12 05:31,1597185067,1597184969,98
2020/8/12 05:30,1597185007,1597184969,38
2020/8/12 05:29,1597184947,1597184791,156
2020/8/12 05:28,1597184887,1597184791,96
2020/8/12 05:27,1597184827,1597184791,36
2020/8/12 05:26,1597184767,1597184746,21
2020/8/12 05:25,1597184707,1597184644,63
2020/8/12 05:24,1597184647,1597184644,3
2020/8/12 05:23,1597184587,1597184522,65
2020/8/12 05:22,1597184527,1597184522,5
2020/8/12 05:21,1597184467,1597184309,158
2020/8/12 05:20,1597184407,1597184309,98
2020/8/12 05:19,1597184347,1597184309,38
2020/8/12 05:18,1597184287,1597184238,49
2020/8/12 05:17,1597184227,1597184102,125
2020/8/12 05:16,1597184167,1597184102,65
2020/8/12 05:15,1597184107,1597184102,5
2020/8/12 05:14,1597184047,1597183989,58
2020/8/12 05:13,1597183987,1597183983,4
2020/8/12 05:12,1597183927,1597183701,226
2020/8/12 05:11,1597183867,1597183701,166
2020/8/12 05:10,1597183807,1597183701,106
2020/8/12 05:09,1597183747,1597183701,46
2020/8/12 05:08,1597183687,1597183590,97
2020/8/12 05:07,1597183627,1597183590,37
2020/8/12 05:06,1597183567,1597183397,170
2020/8/12 05:05,1597183507,1597183397,110
2020/8/12 05:04,1597183447,1597183397,50
2020/8/12 05:03,1597183387,1597182815,572
2020/8/12 05:02,1597183327,1597182815,512
2020/8/12 05:01,1597183267,1597182815,452
2020/8/12 05:00,1597183207,1597182815,392
2020/8/12 04:59,1597183147,1597182815,332
2020/8/12 04:58,1597183087,1597182815,272
2020/8/12 04:57,1597183027,1597182815,212
2020/8/12 04:56,1597182967,1597182815,152
2020/8/12 04:55,1597182907,1597182815,92
2020/8/12 04:54,1597182847,1597182815,32
2020/8/12 04:53,1597182787,1597182654,133
2020/8/12 04:52,1597182727,1597182654,73
2020/8/12 04:51,1597182667,1597182654,13
2020/8/12 04:50,1597182607,1597182522,85
2020/8/12 04:49,1597182547,1597182522,25
2020/8/12 04:48,1597182488,1597182431,57
2020/8/12 04:47,1597182427,1597182359,68
2020/8/12 04:46,1597182367,1597182359,8
2020/8/12 04:45,1597182307,1597181910,397
2020/8/12 04:44,1597182247,1597181910,337
2020/8/12 04:43,1597182187,1597181910,277
2020/8/12 04:42,1597182127,1597181910,217
2020/8/12 04:41,1597182067,1597181910,157
2020/8/12 04:40,1597182007,1597181910,97
2020/8/12 04:39,1597181947,1597181910,37
2020/8/12 04:38,1597181887,1597181707,180
2020/8/12 04:37,1597181827,1597181707,120
2020/8/12 04:36,1597181767,1597181707,60
2020/8/12 04:35,1597181707,1597181706,1
2020/8/12 04:34,1597181647,1597181606,41
2020/8/12 04:33,1597181587,1597181507,80
2020/8/12 04:32,1597181527,1597181507,20
2020/8/12 04:31,1597181467,1597181231,236
2020/8/12 04:30,1597181407,1597181231,176
2020/8/12 04:29,1597181347,1597181231,116
2020/8/12 04:28,1597181287,1597181231,56
2020/8/12 04:27,1597181227,1597181160,67
2020/8/12 04:26,1597181167,1597181160,7
2020/8/12 04:25,1597181107,1597181029,78
2020/8/12 04:24,1597181047,1597181029,18
2020/8/12 04:23,1597180987,1597180935,52
2020/8/12 04:22,1597180927,1597180877,50
2020/8/12 04:21,1597180867,1597180766,101
2020/8/12 04:20,1597180807,1597180766,41
2020/8/12 04:19,1597180747,1597180715,32
2020/8/12 04:18,1597180687,1597180664,23
2020/8/12 04:17,1597180627,1597180581,46
2020/8/12 04:16,1597180567,1597180543,24
2020/8/12 04:15,1597180507,1597180340,167
2020/8/12 04:14,1597180447,1597180340,107
2020/8/12 04:13,1597180388,1597180340,48
2020/8/12 04:12,1597180327,1597180239,88
2020/8/12 04:11,1597180267,1597180239,28
2020/8/12 04:10,1597180207,1597180168,39
2020/8/12 04:09,1597180147,1597179915,232
2020/8/12 04:08,1597180087,1597179915,172
2020/8/12 04:07,1597180027,1597179915,112
2020/8/12 04:06,1597179967,1597179915,52
2020/8/12 04:05,1597179907,1597179753,154
2020/8/12 04:04,1597179847,1597179753,94
2020/8/12 04:03,1597179787,1597179753,34
2020/8/12 04:02,1597179727,1597179701,26
2020/8/12 04:01,1597179667,1597179661,6
2020/8/12 04:00,1597179607,1597179388,219
2020/8/12 03:59,1597179547,1597179388,159
2020/8/12 03:58,1597179487,1597179388,99
2020/8/12 03:57,1597179427,1597179388,39
2020/8/12 03:56,1597179367,1597179317,50
2020/8/12 03:55,1597179307,1597179291,16
2020/8/12 03:54,1597179247,1597179165,82
2020/8/12 03:53,1597179187,1597179165,22
2020/8/12 03:52,1597179127,1597178992,135
2020/8/12 03:51,1597179067,1597178992,75
2020/8/12 03:50,1597179007,1597178992,15
2020/8/12 03:49,1597178947,1597178912,35
2020/8/12 03:48,1597178887,1597178882,5
2020/8/12 03:47,1597178827,1597178821,6
2020/8/12 03:46,1597178767,1597178762,5
2020/8/12 03:45,1597178707,1597178707,0
2020/8/12 03:44,1597178647,1597178618,29
2020/8/12 03:43,1597178587,1597178534,53
2020/8/12 03:42,1597178527,1597178486,41
2020/8/12 03:41,1597178467,1597178380,87
2020/8/12 03:40,1597178407,1597178380,27
2020/8/12 03:39,1597178347,1597178324,23
2020/8/12 03:38,1597178287,1597178242,45
2020/8/12 03:37,1597178227,1597178171,56
2020/8/12 03:36,1597178167,1597178117,50
2020/8/12 03:35,1597178107,1597178097,10
2020/8/12 03:34,1597178047,1597177999,48
2020/8/12 03:33,1597177987,1597177928,59
2020/8/12 03:32,1597177927,1597177878,49
2020/8/12 03:31,1597177867,1597177865,2
2020/8/12 03:30,1597177807,1597177756,51
2020/8/12 03:29,1597177747,1597177536,211
2020/8/12 03:28,1597177687,1597177536,151
2020/8/12 03:27,1597177627,1597177536,91
2020/8/12 03:26,1597177567,1597177536,31
2020/8/12 03:25,1597177507,1597177423,84
2020/8/12 03:24,1597177447,1597177423,24
2020/8/12 03:23,1597177387,1597177347,40
2020/8/12 03:22,1597177327,1597177324,3
2020/8/12 03:21,1597177276,1597177228,48
2020/8/12 03:20,1597177207,1597177174,33
2020/8/12 03:19,1597177147,1597176953,194
2020/8/12 03:18,1597177087,1597176953,134
2020/8/12 03:17,1597177027,1597176953,74
2020/8/12 03:16,1597176967,1597176953,14
2020/8/12 03:15,1597176907,1597176903,4
2020/8/12 03:14,1597176847,1597176811,36
2020/8/12 03:13,1597176787,1597176531,256
2020/8/12 03:12,1597176727,1597176531,196
2020/8/12 03:11,1597176667,1597176531,136
2020/8/12 03:10,1597176607,1597176531,76
2020/8/12 03:09,1597176547,1597176531,16
2020/8/12 03:08,1597176487,1597176427,60
2020/8/12 03:07,1597176427,1597176427,0
2020/8/12 03:06,1597176367,1597176315,52
2020/8/12 03:05,1597176307,1597176152,155
2020/8/12 03:04,1597176247,1597176152,95
2020/8/12 03:03,1597176187,1597176152,35
2020/8/12 03:02,1597176127,1597176081,46
2020/8/12 03:01,1597176067,1597176020,47
2020/8/12 03:00,1597176007,1597175996,11
2020/8/12 02:59,1597175947,1597175929,18
2020/8/12 02:58,1597175887,1597175848,39
2020/8/12 02:57,1597175827,1597175490,337
2020/8/12 02:56,1597175767,1597175490,277
2020/8/12 02:55,1597175707,1597175490,217
2020/8/12 02:54,1597175647,1597175490,157
2020/8/12 02:53,1597175587,1597175490,97
2020/8/12 02:52,1597175527,1597175490,37
2020/8/12 02:51,1597175467,1597175473,-6
2020/8/12 02:50,1597175407,1597175361,46
2020/8/12 02:49,1597175347,1597175178,169
2020/8/12 02:48,1597175287,1597175178,109
2020/8/12 02:47,1597175227,1597175178,49
2020/8/12 02:46,1597175167,1597175104,63
2020/8/12 02:45,1597175107,1597175104,3
2020/8/12 02:44,1597175047,1597175045,2
2020/8/12 02:43,1597174987,1597174873,114
2020/8/12 02:42,1597174927,1597174873,54
2020/8/12 02:41,1597174867,1597174873,-6
2020/8/12 02:40,1597174807,1597174758,49
2020/8/12 02:39,1597174747,1597174618,129
2020/8/12 02:38,1597174687,1597174618,69
2020/8/12 02:37,1597174627,1597174618,9
2020/8/12 02:36,1597174567,1597174476,91
2020/8/12 02:35,1597174507,1597174476,31
2020/8/12 02:34,1597174447,1597174425,22
2020/8/12 02:33,1597174387,1597174384,3
2020/8/12 02:32,1597174327,1597174293,34
2020/8/12 02:31,1597174267,1597174225,42
2020/8/12 02:30,1597174207,1597174214,-7
2020/8/12 02:29,1597174147,1597174145,2
2020/8/12 02:28,1597174087,1597174061,26
2020/8/12 02:27,1597174027,1597174031,-4
2020/8/12 02:26,1597173967,1597173947,20
2020/8/12 02:25,1597173907,1597173908,-1
2020/8/12 02:24,1597173847,1597173774,73
2020/8/12 02:23,1597173787,1597173774,13
2020/8/12 02:22,1597173727,1597173673,54
2020/8/12 02:21,1597173667,1597173673,-6
2020/8/12 02:20,1597173607,1597173602,5
2020/8/12 02:19,1597173547,1597173349,198
2020/8/12 02:18,1597173487,1597173349,138
2020/8/12 02:17,1597173427,1597173349,78
2020/8/12 02:16,1597173367,1597173349,18
2020/8/12 02:15,1597173307,1597173288,19
2020/8/12 02:14,1597173247,1597173232,15
2020/8/12 02:13,1597173187,1597173054,133
2020/8/12 02:12,1597173127,1597173054,73
2020/8/12 02:11,1597173067,1597173054,13
2020/8/12 02:10,1597173007,1597172923,84
2020/8/12 02:09,1597172947,1597172923,24
2020/8/12 02:08,1597172887,1597172794,93
2020/8/12 02:07,1597172827,1597172794,33
2020/8/12 02:06,1597172767,1597172771,-4
2020/8/12 02:05,1597172707,1597172618,89
2020/8/12 02:04,1597172647,1597172618,29
2020/8/12 02:03,1597172587,1597172446,141
2020/8/12 02:02,1597172527,1597172446,81
2020/8/12 02:01,1597172467,1597172446,21
2020/8/12 02:00,1597172407,1597172313,94
2020/8/12 01:59,1597172347,1597172313,34
2020/8/12 01:58,1597172287,1597172242,45
2020/8/12 01:57,1597172227,1597172131,96
2020/8/12 01:56,1597172167,1597172131,36
2020/8/12 01:55,1597172107,1597172080,27
2020/8/12 01:54,1597172047,1597172030,17
2020/8/12 01:53,1597171987,1597171989,-2
2020/8/12 01:52,1597171927,1597171928,-1
2020/8/12 01:51,1597171867,1597171873,-6
2020/8/12 01:50,1597171807,1597171786,21
2020/8/12 01:49,1597171747,1597171674,73
2020/8/12 01:48,1597171687,1597171674,13
2020/8/12 01:47,1597171627,1597171592,35
2020/8/12 01:46,1597171567,1597171461,106
2020/8/12 01:45,1597171507,1597171461,46
2020/8/12 01:44,1597171447,1597171299,148
2020/8/12 01:43,1597171387,1597171299,88
2020/8/12 01:42,1597171327,1597171299,28
2020/8/12 01:41,1597171267,1597171055,212
2020/8/12 01:40,1597171207,1597171055,152
2020/8/12 01:39,1597171147,1597171055,92
2020/8/12 01:38,1597171087,1597171055,32
2020/8/12 01:37,1597171027,1597170987,40
2020/8/12 01:36,1597170967,1597170973,-6
2020/8/12 01:35,1597170907,1597170861,46
2020/8/12 01:34,1597170847,1597170770,77
2020/8/12 01:33,1597170787,1597170770,17
2020/8/12 01:32,1597170727,1597170729,-2
2020/8/12 01:31,1597170667,1597170638,29
2020/8/12 01:30,1597170607,1597170577,30
2020/8/12 01:29,1597170547,1597170526,21
2020/8/12 01:28,1597170487,1597170476,11
2020/8/12 01:27,1597170427,1597170404,23
2020/8/12 01:26,1597170367,1597170354,13
2020/8/12 01:25,1597170307,1597170252,55
2020/8/12 01:24,1597170247,1597170252,-5
2020/8/12 01:23,1597170187,1597170151,36
2020/8/12 01:22,1597170127,1597170098,29
2020/8/12 01:21,1597170067,1597170029,38
2020/8/12 01:20,1597170007,1597169988,19
2020/8/12 01:19,1597169947,1597169927,20
2020/8/12 01:18,1597169887,1597169866,21
2020/8/12 01:17,1597169827,1597169801,26
2020/8/12 01:16,1597169767,1597169723,44
2020/8/12 01:15,1597169707,1597169672,35
2020/8/12 01:14,1597169647,1597169577,70
2020/8/12 01:13,1597169587,1597169577,10
2020/8/12 01:12,1597169527,1597169418,109
2020/8/12 01:11,1597169467,1597169418,49
2020/8/12 01:10,1597169407,1597169409,-2
2020/8/12 01:09,1597169347,1597169338,9
2020/8/12 01:08,1597169287,1597169287,0
2020/8/12 01:07,1597169227,1597169206,21
2020/8/12 01:06,1597169167,1597169124,43
2020/8/12 01:05,1597169107,1597169108,-1
2020/8/12 01:04,1597169047,1597169013,34
2020/8/12 01:03,1597168987,1597168966,21
2020/8/12 01:02,1597168927,1597168923,4
2020/8/12 01:01,1597168867,1597168860,7
2020/8/12 01:00,1597168807,1597168799,8
2020/8/12 00:59,1597168747,1597168719,28
2020/8/12 00:58,1597168687,1597168658,29
2020/8/12 00:57,1597168627,1597168596,31
2020/8/12 00:56,1597168567,1597168444,123
2020/8/12 00:55,1597168507,1597168444,63
2020/8/12 00:54,1597168447,1597168444,3
2020/8/12 00:53,1597168387,1597168393,-6
2020/8/12 00:52,1597168327,1597168311,16
2020/8/12 00:51,1597168267,1597168220,47
2020/8/12 00:50,1597168207,1597168109,98
2020/8/12 00:49,1597168147,1597168109,38
2020/8/12 00:48,1597168087,1597168058,29
2020/8/12 00:47,1597168027,1597168007,20
2020/8/12 00:46,1597167967,1597167905,62
2020/8/12 00:45,1597167907,1597167905,2
2020/8/12 00:44,1597167847,1597167843,4
2020/8/12 00:43,1597167787,1597167754,33
2020/8/12 00:42,1597167727,1597167703,24
2020/8/12 00:41,1597167667,1597167662,5
2020/8/12 00:40,1597167607,1597167541,66
2020/8/12 00:39,1597167547,1597167541,6
2020/8/12 00:38,1597167487,1597167479,8
2020/8/12 00:37,1597167427,1597167425,2
2020/8/12 00:36,1597167367,1597167337,30
2020/8/12 00:35,1597167307,1597167286,21
2020/8/12 00:34,1597167247,1597167181,66
2020/8/12 00:33,1597167187,1597167181,6
2020/8/12 00:32,1597167127,1597167114,13
2020/8/12 00:31,1597167067,1597167043,24
2020/8/12 00:30,1597167007,1597167012,-5
2020/8/12 00:29,1597166947,1597166901,46
2020/8/12 00:28,1597166887,1597166749,138
2020/8/12 00:27,1597166827,1597166749,78
2020/8/12 00:26,1597166767,1597166749,18
2020/8/12 00:25,1597166707,1597166630,77
2020/8/12 00:24,1597166647,1597166630,17
2020/8/12 00:23,1597166587,1597166464,123
2020/8/12 00:22,1597166527,1597166464,63
2020/8/12 00:21,1597166467,1597166464,3
2020/8/12 00:20,1597166407,1597166284,123
2020/8/12 00:19,1597166347,1597166284,63
2020/8/12 00:18,1597166287,1597166284,3
2020/8/12 00:17,1597166227,1597166189,38
2020/8/12 00:16,1597166167,1597166169,-2
2020/8/12 00:15,1597166107,1597166069,38
2020/8/12 00:14,1597166047,1597166027,20
2020/8/12 00:13,1597165988,1597165956,32
2020/8/12 00:12,1597165927,1597165875,52
2020/8/12 00:11,1597165867,1597165844,23
2020/8/12 00:10,1597165807,1597165774,33
2020/8/12 00:09,1597165747,1597165743,4
2020/8/12 00:08,1597165687,1597165662,25
2020/8/12 00:07,1597165627,1597165632,-5
2020/8/12 00:06,1597165567,1597165561,6
2020/8/12 00:05,1597165507,1597165438,69
2020/8/12 00:04,1597165447,1597165438,9
2020/8/12 00:03,1597165387,1597165316,71
2020/8/12 00:02,1597165327,1597165316,11
2020/8/12 00:01,1597165267,1597165225,42
2020/8/12 00:00,1597165207,1597165082,125
2020/8/11 23:59,1597165147,1597165082,65
2020/8/11 23:58,1597165087,1597165082,5
2020/8/11 23:57,1597165027,1597164980,47
2020/8/11 23:56,1597164967,1597164940,27
2020/8/11 23:55,1597164907,1597164869,38
2020/8/11 23:54,1597164847,1597164818,29
2020/8/11 23:53,1597164787,1597164764,23
2020/8/11 23:52,1597164727,1597164666,61
2020/8/11 23:51,1597164667,1597164666,1
2020/8/11 23:50,1597164607,1597164595,12
2020/8/11 23:49,1597164547,1597164504,43
2020/8/11 23:48,1597164487,1597164494,-7
2020/8/11 23:47,1597164427,1597164422,5
2020/8/11 23:46,1597164367,1597164341,26
2020/8/11 23:45,1597164307,1597164310,-3
2020/8/11 23:44,1597164247,1597164239,8
2020/8/11 23:43,1597164187,1597164188,-1
2020/8/11 23:42,1597164127,1597164128,-1
2020/8/11 23:41,1597164067,1597164052,15
2020/8/11 23:40,1597164007,1597163970,37
2020/8/11 23:39,1597163948,1597163933,15
2020/8/11 23:38,1597163888,1597163813,75
2020/8/11 23:37,1597163827,1597163813,14
2020/8/11 23:36,1597163767,1597163762,5
2020/8/11 23:35,1597163707,1597163691,16
2020/8/11 23:34,1597163647,1597163634,13
2020/8/11 23:33,1597163587,1597163589,-2
2020/8/11 23:32,1597163527,1597163467,60
2020/8/11 23:31,1597163467,1597163467,0
2020/8/11 23:30,1597163407,1597163398,9
2020/8/11 23:29,1597163347,1597163315,32
2020/8/11 23:28,1597163287,1597163244,43
2020/8/11 23:27,1597163227,1597163224,3
2020/8/11 23:26,1597163167,1597163163,4
2020/8/11 23:25,1597163107,1597163108,-1
2020/8/11 23:24,1597163047,1597163051,-4
2020/8/11 23:23,1597162987,1597162919,68
2020/8/11 23:22,1597162927,1597162919,8
2020/8/11 23:21,1597162867,1597162838,29
2020/8/11 23:20,1597162807,1597162705,102
2020/8/11 23:19,1597162747,1597162705,42
2020/8/11 23:18,1597162687,1597162584,103
2020/8/11 23:17,1597162627,1597162584,43
2020/8/11 23:16,1597162567,1597162570,-3
2020/8/11 23:15,1597162507,1597162508,-1
2020/8/11 23:14,1597162447,1597162423,24
2020/8/11 23:13,1597162387,1597162340,47
2020/8/11 23:12,1597162327,1597162284,43
2020/8/11 23:11,1597162267,1597162208,59
2020/8/11 23:10,1597162207,1597162208,-1
2020/8/11 23:09,1597162147,1597162147,0
2020/8/11 23:08,1597162087,1597162065,22
2020/8/11 23:07,1597162027,1597162014,13
2020/8/11 23:06,1597161967,1597161973,-6
2020/8/11 23:05,1597161907,1597161910,-3
2020/8/11 23:04,1597161847,1597161811,36
2020/8/11 23:03,1597161787,1597161709,78
2020/8/11 23:02,1597161727,1597161709,18
2020/8/11 23:01,1597161667,1597161558,109
2020/8/11 23:00,1597161607,1597161558,49
2020/8/11 22:59,1597161547,1597161516,31
2020/8/11 22:58,1597161487,1597161455,32
2020/8/11 22:57,1597161427,1597161292,135
2020/8/11 22:56,1597161367,1597161292,75
2020/8/11 22:55,1597161307,1597161292,15
2020/8/11 22:54,1597161247,1597161194,53
2020/8/11 22:53,1597161187,1597161194,-7
2020/8/11 22:52,1597161127,1597161089,38
2020/8/11 22:51,1597161067,1597161048,19
2020/8/11 22:50,1597161007,1597160998,9
2020/8/11 22:49,1597160947,1597160949,-2
2020/8/11 22:48,1597160887,1597160846,41
2020/8/11 22:47,1597160827,1597160825,2
2020/8/11 22:46,1597160767,1597160765,2
2020/8/11 22:45,1597160707,1597160551,156
2020/8/11 22:44,1597160647,1597160551,96
2020/8/11 22:43,1597160587,1597160551,36
2020/8/11 22:42,1597160527,1597160470,57
2020/8/11 22:41,1597160467,1597160470,-3
2020/8/11 22:40,1597160407,1597160388,19
2020/8/11 22:39,1597160347,1597160338,9
2020/8/11 22:38,1597160287,1597160267,20
2020/8/11 22:37,1597160227,1597160155,72
2020/8/11 22:36,1597160167,1597160155,12
2020/8/11 22:35,1597160107,1597160063,44
2020/8/11 22:34,1597160047,1597160045,2
2020/8/11 22:33,1597159987,1597159910,77
2020/8/11 22:32,1597159927,1597159910,17
2020/8/11 22:31,1597159867,1597159778,89
2020/8/11 22:30,1597159807,1597159778,29
2020/8/11 22:29,1597159747,1597159754,-7
2020/8/11 22:28,1597159687,1597159595,92
2020/8/11 22:27,1597159627,1597159595,32
2020/8/11 22:26,1597159567,1597159493,74
2020/8/11 22:25,1597159507,1597159493,14
2020/8/11 22:24,1597159447,1597159412,35
2020/8/11 22:23,1597159387,1597159320,67
2020/8/11 22:22,1597159327,1597159320,7
2020/8/11 22:21,1597159267,1597159198,69
2020/8/11 22:20,1597159207,1597159198,9
2020/8/11 22:19,1597159147,1597159148,-1
2020/8/11 22:18,1597159087,1597159069,18
2020/8/11 22:17,1597159027,1597159016,11
2020/8/11 22:16,1597158967,1597158972,-5
2020/8/11 22:15,1597158907,1597158913,-6
2020/8/11 22:14,1597158847,1597158792,55
2020/8/11 22:13,1597158787,1597158792,-5
2020/8/11 22:12,1597158727,1597158670,57
2020/8/11 22:11,1597158667,1597158670,-3
2020/8/11 22:10,1597158607,1597158467,140
2020/8/11 22:09,1597158547,1597158467,80
2020/8/11 22:08,1597158487,1597158467,20
2020/8/11 22:07,1597158427,1597158425,2
2020/8/11 22:06,1597158367,1597158348,19
2020/8/11 22:05,1597158307,1597158253,54
2020/8/11 22:04,1597158247,1597158253,-6
2020/8/11 22:03,1597158187,1597158162,25
2020/8/11 22:02,1597158127,1597158009,118
2020/8/11 22:01,1597158067,1597158009,58
2020/8/11 22:00,1597158007,1597158009,-2
2020/8/11 21:59,1597157947,1597157917,30
2020/8/11 21:58,1597157887,1597157867,20
2020/8/11 21:57,1597157827,1597157833,-6
2020/8/11 21:56,1597157767,1597157734,33
2020/8/11 21:55,1597157707,1597157694,13
2020/8/11 21:54,1597157647,1597157632,15
2020/8/11 21:53,1597157587,1597157541,46
2020/8/11 21:52,1597157527,1597157491,36
2020/8/11 21:51,1597157467,1597157409,58
2020/8/11 21:50,1597157407,1597157409,-2
2020/8/11 21:49,1597157347,1597157328,19
2020/8/11 21:48,1597157287,1597157288,-1
2020/8/11 21:47,1597157227,1597157196,31
2020/8/11 21:46,1597157167,1597157054,113
2020/8/11 21:45,1597157107,1597157054,53
2020/8/11 21:44,1597157047,1597157054,-7
2020/8/11 21:43,1597156987,1597156973,14
2020/8/11 21:42,1597156927,1597156913,14
2020/8/11 21:41,1597156867,1597156860,7
2020/8/11 21:40,1597156807,1597156810,-3
2020/8/11 21:39,1597156747,1597156742,5
2020/8/11 21:38,1597156687,1597156648,39
2020/8/11 21:37,1597156627,1597156588,39
2020/8/11 21:36,1597156567,1597156574,-7
2020/8/11 21:35,1597156507,1597156454,53
2020/8/11 21:34,1597156447,1597156423,24
2020/8/11 21:33,1597156387,1597156363,24
2020/8/11 21:32,1597156327,1597156332,-5
2020/8/11 21:31,1597156267,1597156251,16
2020/8/11 21:30,1597156207,1597156201,6
2020/8/11 21:29,1597156147,1597156146,1
2020/8/11 21:28,1597156087,1597156038,49
2020/8/11 21:27,1597156027,1597156001,26
2020/8/11 21:26,1597155967,1597155956,11
2020/8/11 21:25,1597155907,1597155834,73
2020/8/11 21:24,1597155847,1597155834,13
2020/8/11 21:23,1597155787,1597155786,1
2020/8/11 21:22,1597155727,1597155712,15
2020/8/11 21:21,1597155667,1597155621,46
2020/8/11 21:20,1597155607,1597155602,5
2020/8/11 21:19,1597155547,1597155529,18
2020/8/11 21:18,1597155487,1597155488,-1
2020/8/11 21:17,1597155427,1597155412,15
2020/8/11 21:16,1597155367,1597155326,41
2020/8/11 21:15,1597155307,1597155263,44
2020/8/11 21:14,1597155247,1597155253,-6
2020/8/11 21:13,1597155187,1597155194,-7
2020/8/11 21:12,1597155127,1597155123,4
2020/8/11 21:11,1597155067,1597155041,26
2020/8/11 21:10,1597155007,1597154971,36
2020/8/11 21:09,1597154947,1597154920,27
2020/8/11 21:08,1597154887,1597154889,-2
2020/8/11 21:07,1597154827,1597154758,69
2020/8/11 21:06,1597154767,1597154758,9
2020/8/11 21:05,1597154707,1597154686,21
2020/8/11 21:04,1597154647,1597154613,34
2020/8/11 21:03,1597154587,1597154582,5
2020/8/11 21:02,1597154527,1597154493,34
2020/8/11 21:01,1597154467,1597154471,-4
2020/8/11 21:00,1597154407,1597154413,-6
2020/8/11 20:59,1597154347,1597154340,7
2020/8/11 20:58,1597154288,1597154249,39
2020/8/11 20:57,1597154227,1597154188,39
2020/8/11 20:56,1597154167,1597154157,10
2020/8/11 20:55,1597154107,1597154065,42
2020/8/11 20:54,1597154047,1597154035,12
2020/8/11 20:53,1597153987,1597153987,0
2020/8/11 20:52,1597153927,1597153873,54
2020/8/11 20:51,1597153868,1597153873,-5
2020/8/11 20:50,1597153807,1597153791,16
2020/8/11 20:49,1597153747,1597153740,7
2020/8/11 20:48,1597153687,1597153649,38
2020/8/11 20:47,1597153627,1597153557,70
2020/8/11 20:46,1597153567,1597153557,10
2020/8/11 20:45,1597153507,1597153466,41
2020/8/11 20:44,1597153447,1597153453,-6
2020/8/11 20:43,1597153387,1597153374,13
2020/8/11 20:42,1597153327,1597153313,14
2020/8/11 20:41,1597153267,1597153181,86
2020/8/11 20:40,1597153207,1597153181,26
2020/8/11 20:39,1597153147,1597153111,36
2020/8/11 20:38,1597153087,1597153049,38
2020/8/11 20:37,1597153027,1597152957,70
2020/8/11 20:36,1597152967,1597152957,10
2020/8/11 20:35,1597152907,1597152897,10
2020/8/11 20:34,1597152847,1597152853,-6
2020/8/11 20:33,1597152787,1597152774,13
2020/8/11 20:32,1597152727,1597152714,13
2020/8/11 20:31,1597152667,1597152674,-7
2020/8/11 20:30,1597152607,1597152572,35
2020/8/11 20:29,1597152547,1597152480,67
2020/8/11 20:28,1597152487,1597152480,7
2020/8/11 20:27,1597152427,1597152419,8
2020/8/11 20:26,1597152367,1597152338,29
2020/8/11 20:25,1597152307,1597152257,50
2020/8/11 20:24,1597152247,1597152183,64
2020/8/11 20:23,1597152187,1597152183,4
2020/8/11 20:22,1597152127,1597152125,2
2020/8/11 20:21,1597152067,1597151992,75
2020/8/11 20:20,1597152007,1597151992,15
2020/8/11 20:19,1597151947,1597151911,36
2020/8/11 20:18,1597151887,1597151893,-6
2020/8/11 20:17,1597151827,1597151834,-7
2020/8/11 20:16,1597151767,1597151768,-1
2020/8/11 20:15,1597151707,1597151708,-1
2020/8/11 20:14,1597151647,1597151605,42
2020/8/11 20:13,1597151587,1597151544,43
2020/8/11 20:12,1597151527,1597151514,13
2020/8/11 20:11,1597151467,1597151463,4
2020/8/11 20:10,1597151407,1597151362,45
2020/8/11 20:09,1597151347,1597151349,-2
2020/8/11 20:08,1597151287,1597151282,5
2020/8/11 20:07,1597151227,1597151229,-2
2020/8/11 20:06,1597151167,1597151142,25
2020/8/11 20:05,1597151107,1597151100,7
2020/8/11 20:04,1597151047,1597151046,1
2020/8/11 20:03,1597150987,1597150986,1
2020/8/11 20:02,1597150927,1597150863,64
2020/8/11 20:01,1597150867,1597150863,4
2020/8/11 20:00,1597150807,1597150792,15
2020/8/11 19:59,1597150747,1597150741,6
2020/8/11 19:58,1597150687,1597150629,58
2020/8/11 19:57,1597150627,1597150629,-2
2020/8/11 19:56,1597150567,1597150573,-6
2020/8/11 19:55,1597150507,1597150467,40
2020/8/11 19:54,1597150447,1597150421,26
2020/8/11 19:53,1597150387,1597150384,3
2020/8/11 19:52,1597150327,1597150314,13
2020/8/11 19:51,1597150267,1597150189,78
2020/8/11 19:50,1597150207,1597150189,18
2020/8/11 19:49,1597150147,1597150152,-5
2020/8/11 19:48,1597150087,1597150091,-4
2020/8/11 19:47,1597150027,1597150030,-3
2020/8/11 19:46,1597149967,1597149931,36
2020/8/11 19:45,1597149907,1597149908,-1
2020/8/11 19:44,1597149847,1597149849,-2
2020/8/11 19:43,1597149787,1597149738,49
2020/8/11 19:42,1597149727,1597149706,21
2020/8/11 19:41,1597149667,1597149670,-3
2020/8/11 19:40,1597149607,1597149594,13
2020/8/11 19:39,1597149547,1597149553,-6
2020/8/11 19:38,1597149487,1597149492,-5
2020/8/11 19:37,1597149427,1597149411,16
2020/8/11 19:36,1597149367,1597149289,78
2020/8/11 19:35,1597149307,1597149289,18
2020/8/11 19:34,1597149247,1597149245,2
2020/8/11 19:33,1597149187,1597149187,0
2020/8/11 19:32,1597149127,1597149090,37
2020/8/11 19:31,1597149067,1597149065,2
2020/8/11 19:30,1597149007,1597149012,-5
2020/8/11 19:29,1597148947,1597148893,54
2020/8/11 19:28,1597148887,1597148893,-6
2020/8/11 19:27,1597148827,1597148832,-5
2020/8/11 19:26,1597148767,1597148738,29
2020/8/11 19:25,1597148707,1597148700,7
2020/8/11 19:24,1597148647,1597148588,59
2020/8/11 19:23,1597148587,1597148588,-1
2020/8/11 19:22,1597148527,1597148375,152
2020/8/11 19:21,1597148467,1597148375,92
2020/8/11 19:20,1597148407,1597148375,32
2020/8/11 19:19,1597148347,1597148314,33
2020/8/11 19:18,1597148287,1597148223,64
2020/8/11 19:17,1597148227,1597148223,4
2020/8/11 19:16,1597148167,1597148112,55
2020/8/11 19:15,1597148107,1597148112,-5
2020/8/11 19:14,1597148047,1597148050,-3
2020/8/11 19:13,1597147987,1597147989,-2
2020/8/11 19:12,1597147927,1597147924,3
2020/8/11 19:11,1597147867,1597147807,60
2020/8/11 19:10,1597147807,1597147807,0
2020/8/11 19:09,1597147747,1597147623,124
2020/8/11 19:08,1597147687,1597147623,64
2020/8/11 19:07,1597147627,1597147623,4
2020/8/11 19:06,1597147567,1597147370,197
2020/8/11 19:05,1597147507,1597147370,137
2020/8/11 19:04,1597147447,1597147370,77
2020/8/11 19:03,1597147387,1597147370,17
2020/8/11 19:02,1597147327,1597146681,646
2020/8/11 19:01,1597147267,1597146681,586
2020/8/11 19:00,1597147207,1597146681,526
2020/8/11 18:59,1597147147,1597146681,466
2020/8/11 18:58,1597147087,1597146681,406
2020/8/11 18:57,1597147027,1597146681,346
2020/8/11 18:56,1597146967,1597146681,286
2020/8/11 18:55,1597146907,1597146681,226
2020/8/11 18:54,1597146847,1597146681,166
2020/8/11 18:53,1597146787,1597146681,106
2020/8/11 18:52,1597146727,1597146681,46
2020/8/11 18:51,1597146667,1597146468,199
2020/8/11 18:50,1597146607,1597146468,139
2020/8/11 18:49,1597146547,1597146468,79
2020/8/11 18:48,1597146487,1597146468,19
2020/8/11 18:47,1597146427,1597146395,32
2020/8/11 18:46,1597146367,1597146373,-6
2020/8/11 18:45,1597146307,1597146267,40
2020/8/11 18:44,1597146247,1597146240,7
2020/8/11 18:43,1597146187,1597146190,-3
2020/8/11 18:42,1597146127,1597146042,85
2020/8/11 18:41,1597146067,1597146042,25
2020/8/11 18:40,1597146007,1597145930,77
2020/8/11 18:39,1597145947,1597145930,17
2020/8/11 18:38,1597145887,1597145849,38
2020/8/11 18:37,1597145827,1597145788,39
2020/8/11 18:36,1597145767,1597145745,22
2020/8/11 18:35,1597145707,1597145646,61
2020/8/11 18:34,1597145647,1597145646,1
2020/8/11 18:33,1597145587,1597145545,42
2020/8/11 18:32,1597145527,1597145382,145
2020/8/11 18:31,1597145467,1597145382,85
2020/8/11 18:30,1597145407,1597145382,25
2020/8/11 18:29,1597145347,1597145190,157
2020/8/11 18:28,1597145287,1597145190,97
2020/8/11 18:27,1597145227,1597145190,37
2020/8/11 18:26,1597145167,1597145139,28
2020/8/11 18:25,1597145107,1597145091,16
2020/8/11 18:24,1597145047,1597144835,212
2020/8/11 18:23,1597144987,1597144835,152
2020/8/11 18:22,1597144927,1597144835,92
2020/8/11 18:21,1597144867,1597144835,32
2020/8/11 18:20,1597144807,1597144783,24
2020/8/11 18:19,1597144747,1597144742,5
2020/8/11 18:18,1597144687,1597144662,25
2020/8/11 18:17,1597144627,1597144620,7
2020/8/11 18:16,1597144567,1597144570,-3
2020/8/11 18:15,1597144507,1597144469,38
2020/8/11 18:14,1597144447,1597144423,24
2020/8/11 18:13,1597144387,1597144393,-6
2020/8/11 18:12,1597144327,1597144329,-2
2020/8/11 18:11,1597144267,1597144183,84
2020/8/11 18:10,1597144207,1597144183,24
2020/8/11 18:09,1597144147,1597144133,14
2020/8/11 18:08,1597144087,1597144061,26
2020/8/11 18:07,1597144027,1597143990,37
2020/8/11 18:06,1597143967,1597143905,62
2020/8/11 18:05,1597143907,1597143905,2
2020/8/11 18:04,1597143847,1597143848,-1
2020/8/11 18:03,1597143787,1597143777,10
2020/8/11 18:02,1597143727,1597143717,10
2020/8/11 18:01,1597143667,1597143559,108
2020/8/11 18:00,1597143607,1597143559,48
2020/8/11 17:59,1597143547,1597143533,14
2020/8/11 17:58,1597143487,1597143447,40
2020/8/11 17:57,1597143427,1597143432,-5
2020/8/11 17:56,1597143367,1597143371,-4
2020/8/11 17:55,1597143307,1597143302,5
2020/8/11 17:54,1597143247,1597143219,28
2020/8/11 17:53,1597143187,1597143158,29
2020/8/11 17:52,1597143127,1597143066,61
2020/8/11 17:51,1597143067,1597143066,1
2020/8/11 17:50,1597143007,1597143000,7
2020/8/11 17:49,1597142947,1597142944,3
2020/8/11 17:48,1597142887,1597142853,34
2020/8/11 17:47,1597142827,1597142812,15
2020/8/11 17:46,1597142767,1597142711,56
2020/8/11 17:45,1597142707,1597142711,-4
2020/8/11 17:44,1597142647,1597142624,23
2020/8/11 17:43,1597142587,1597142579,8
2020/8/11 17:42,1597142527,1597142508,19
2020/8/11 17:41,1597142467,1597142474,-7
2020/8/11 17:40,1597142407,1597142366,41
2020/8/11 17:39,1597142347,1597142326,21
2020/8/11 17:38,1597142287,1597142275,12
2020/8/11 17:37,1597142227,1597142224,3
2020/8/11 17:36,1597142167,1597142133,34
2020/8/11 17:35,1597142107,1597142072,35
2020/8/11 17:34,1597142047,1597142005,42
2020/8/11 17:33,1597141987,1597141993,-6
2020/8/11 17:32,1597141927,1597141913,14
2020/8/11 17:31,1597141867,1597141838,29
2020/8/11 17:30,1597141807,1597141716,91
2020/8/11 17:29,1597141747,1597141716,31
2020/8/11 17:28,1597141687,1597141687,0
2020/8/11 17:27,1597141627,1597141614,13
2020/8/11 17:26,1597141567,1597141482,85
2020/8/11 17:25,1597141507,1597141482,25
2020/8/11 17:24,1597141447,1597141441,6
2020/8/11 17:23,1597141387,1597141370,17
2020/8/11 17:22,1597141327,1597141278,49
2020/8/11 17:21,1597141267,1597141251,16
2020/8/11 17:20,1597141207,1597141143,64
2020/8/11 17:19,1597141147,1597141143,4
2020/8/11 17:18,1597141087,1597141065,22
2020/8/11 17:17,1597141027,1597140891,136
2020/8/11 17:16,1597140967,1597140891,76
2020/8/11 17:15,1597140907,1597140891,16
2020/8/11 17:14,1597140847,1597140848,-1
2020/8/11 17:13,1597140787,1597140699,88
2020/8/11 17:12,1597140727,1597140699,28
2020/8/11 17:11,1597140667,1597140567,100
2020/8/11 17:10,1597140607,1597140567,40
2020/8/11 17:09,1597140547,1597140523,24
2020/8/11 17:08,1597140487,1597140465,22
2020/8/11 17:07,1597140427,1597140383,44
2020/8/11 17:06,1597140367,1597140322,45
2020/8/11 17:05,1597140307,1597140313,-6
2020/8/11 17:04,1597140247,1597140242,5
2020/8/11 17:03,1597140187,1597140129,58
2020/8/11 17:02,1597140127,1597140129,-2
2020/8/11 17:01,1597140067,1597140049,18
2020/8/11 17:00,1597140007,1597140008,-1
2020/8/11 16:59,1597139947,1597139917,30
2020/8/11 16:58,1597139887,1597139861,26
2020/8/11 16:57,1597139827,1597139743,84
2020/8/11 16:56,1597139767,1597139743,24
2020/8/11 16:55,1597139707,1597139551,156
2020/8/11 16:54,1597139647,1597139551,96
2020/8/11 16:53,1597139587,1597139551,36
2020/8/11 16:52,1597139527,1597139418,109
2020/8/11 16:51,1597139467,1597139418,49
2020/8/11 16:50,1597139407,1597139408,-1
2020/8/11 16:49,1597139347,1597139335,12
2020/8/11 16:48,1597139287,1597139265,22
2020/8/11 16:47,1597139227,1597139184,43
2020/8/11 16:46,1597139167,1597139164,3
2020/8/11 16:45,1597139107,1597139107,0
2020/8/11 16:44,1597139047,1597139022,25
2020/8/11 16:43,1597138987,1597138993,-6
2020/8/11 16:42,1597138927,1597138931,-4
2020/8/11 16:41,1597138867,1597138866,1
2020/8/11 16:40,1597138807,1597138788,19
2020/8/11 16:39,1597138747,1597138727,20
2020/8/11 16:38,1597138687,1597138655,32
2020/8/11 16:37,1597138627,1597138605,22
2020/8/11 16:36,1597138567,1597138523,44
2020/8/11 16:35,1597138507,1597138489,18
2020/8/11 16:34,1597138447,1597138453,-6
2020/8/11 16:33,1597138387,1597138368,19
2020/8/11 16:32,1597138327,1597138325,2
2020/8/11 16:31,1597138267,1597138269,-2
2020/8/11 16:30,1597138207,1597138168,39
2020/8/11 16:29,1597138147,1597138138,9
2020/8/11 16:28,1597138087,1597138066,21
2020/8/11 16:27,1597138027,1597138023,4
2020/8/11 16:26,1597137967,1597137969,-2
2020/8/11 16:25,1597137907,1597137912,-5
2020/8/11 16:24,1597137847,1597137846,1
2020/8/11 16:23,1597137787,1597137793,-6
2020/8/11 16:22,1597137728,1597137722,6
2020/8/11 16:21,1597137667,1597137641,26
2020/8/11 16:20,1597137607,1597137583,24
2020/8/11 16:19,1597137547,1597137518,29
2020/8/11 16:18,1597137487,1597137479,8
2020/8/11 16:17,1597137427,1597137398,29
2020/8/11 16:16,1597137367,1597137337,30
2020/8/11 16:15,1597137307,1597137286,21
2020/8/11 16:14,1597137247,1597137254,-7
2020/8/11 16:13,1597137187,1597137193,-6
2020/8/11 16:12,1597137127,1597137123,4
2020/8/11 16:11,1597137067,1597136920,147
2020/8/11 16:10,1597137007,1597136920,87
2020/8/11 16:09,1597136947,1597136920,27
2020/8/11 16:08,1597136887,1597136849,38
2020/8/11 16:07,1597136827,1597136636,191
2020/8/11 16:06,1597136767,1597136636,131
2020/8/11 16:05,1597136707,1597136636,71
2020/8/11 16:04,1597136647,1597136636,11
2020/8/11 16:03,1597136587,1597136546,41
2020/8/11 16:02,1597136527,1597136533,-6
2020/8/11 16:01,1597136467,1597136454,13
2020/8/11 16:00,1597136407,1597136270,137
2020/8/11 15:59,1597136347,1597136270,77
2020/8/11 15:58,1597136287,1597136270,17
2020/8/11 15:57,1597136227,1597136230,-3
2020/8/11 15:56,1597136167,1597136129,38
2020/8/11 15:55,1597136107,1597136047,60
2020/8/11 15:54,1597136047,1597136047,0
2020/8/11 15:53,1597135987,1597135964,23
2020/8/11 15:52,1597135927,1597135931,-4
2020/8/11 15:51,1597135867,1597135844,23
2020/8/11 15:50,1597135807,1597135672,135
2020/8/11 15:49,1597135747,1597135672,75
2020/8/11 15:48,1597135687,1597135672,15
2020/8/11 15:47,1597135627,1597135560,67
2020/8/11 15:46,1597135567,1597135560,7
2020/8/11 15:45,1597135507,1597135408,99
2020/8/11 15:44,1597135447,1597135408,39
2020/8/11 15:43,1597135387,1597135357,30
2020/8/11 15:42,1597135327,1597135306,21
2020/8/11 15:41,1597135267,1597135255,12
2020/8/11 15:40,1597135207,1597135194,13
2020/8/11 15:39,1597135147,1597135153,-6
2020/8/11 15:38,1597135087,1597135074,13
2020/8/11 15:37,1597135027,1597134960,67
2020/8/11 15:36,1597134967,1597134960,7
2020/8/11 15:35,1597134907,1597134867,40
2020/8/11 15:34,1597134847,1597134797,50
2020/8/11 15:33,1597134787,1597134792,-5
2020/8/11 15:32,1597134727,1597134666,61
2020/8/11 15:31,1597134667,1597134666,1
2020/8/11 15:30,1597134607,1597134610,-3
2020/8/11 15:29,1597134547,1597134524,23
2020/8/11 15:28,1597134487,1597134479,8
2020/8/11 15:27,1597134427,1597134432,-5
2020/8/11 15:26,1597134367,1597134361,6
2020/8/11 15:25,1597134307,1597134259,48
2020/8/11 15:24,1597134247,1597134239,8
2020/8/11 15:23,1597134187,1597134077,110
2020/8/11 15:22,1597134127,1597134077,50
2020/8/11 15:21,1597134067,1597134067,0
2020/8/11 15:20,1597134007,1597133994,13
2020/8/11 15:19,1597133947,1597133925,22
2020/8/11 15:18,1597133887,1597133884,3
2020/8/11 15:17,1597133827,1597133782,45
2020/8/11 15:16,1597133767,1597133773,-6
2020/8/11 15:15,1597133707,1597133694,13
2020/8/11 15:14,1597133647,1597133641,6
2020/8/11 15:13,1597133587,1597133519,68
2020/8/11 15:12,1597133527,1597133519,8
2020/8/11 15:11,1597133467,1597133417,50
2020/8/11 15:10,1597133407,1597133326,81
2020/8/11 15:09,1597133348,1597133326,22
2020/8/11 15:08,1597133287,1597133255,32
2020/8/11 15:07,1597133227,1597133231,-4
2020/8/11 15:06,1597133167,1597133164,3
2020/8/11 15:05,1597133107,1597133092,15
2020/8/11 15:04,1597133047,1597133022,25
2020/8/11 15:03,1597132987,1597132858,129
2020/8/11 15:02,1597132927,1597132858,69
2020/8/11 15:01,1597132867,1597132858,9
2020/8/11 15:00,1597132807,1597132757,50
2020/8/11 14:59,1597132747,1597132715,32
2020/8/11 14:58,1597132687,1597132686,1
2020/8/11 14:57,1597132627,1597132630,-3
2020/8/11 14:56,1597132567,1597132502,65
2020/8/11 14:55,1597132507,1597132502,5
2020/8/11 14:54,1597132447,1597132442,5
2020/8/11 14:53,1597132387,1597132381,6
2020/8/11 14:52,1597132327,1597132290,37
2020/8/11 14:51,1597132267,1597132180,87
2020/8/11 14:50,1597132207,1597132180,27
2020/8/11 14:49,1597132147,1597132147,0
2020/8/11 14:48,1597132087,1597132008,79
2020/8/11 14:47,1597132027,1597132008,19
2020/8/11 14:46,1597131967,1597131967,0
2020/8/11 14:45,1597131907,1597131884,23
2020/8/11 14:44,1597131847,1597131772,75
2020/8/11 14:43,1597131787,1597131772,15
2020/8/11 14:42,1597131727,1597131722,5
2020/8/11 14:41,1597131667,1597131624,43
2020/8/11 14:40,1597131607,1597131610,-3
2020/8/11 14:39,1597131547,1597131493,54
2020/8/11 14:38,1597131487,1597131491,-4
2020/8/11 14:37,1597131427,1597131427,0
2020/8/11 14:36,1597131367,1597131366,1
2020/8/11 14:35,1597131307,1597131295,12
2020/8/11 14:34,1597131247,1597131244,3
2020/8/11 14:33,1597131187,1597131163,24
2020/8/11 14:32,1597131127,1597131131,-4
2020/8/11 14:31,1597131067,1597131052,15
2020/8/11 14:30,1597131007,1597130910,97
2020/8/11 14:29,1597130947,1597130910,37
2020/8/11 14:28,1597130887,1597130882,5
2020/8/11 14:27,1597130827,1597130829,-2
2020/8/11 14:26,1597130767,1597130694,73
2020/8/11 14:25,1597130707,1597130694,13
2020/8/11 14:24,1597130647,1597130643,4
2020/8/11 14:23,1597130587,1597130555,32
2020/8/11 14:22,1597130527,1597130444,83
2020/8/11 14:21,1597130467,1597130444,23
2020/8/11 14:20,1597130407,1597130392,15
2020/8/11 14:19,1597130347,1597130347,0
2020/8/11 14:18,1597130287,1597130292,-5
2020/8/11 14:17,1597130227,1597130221,6
2020/8/11 14:16,1597130167,1597130159,8
2020/8/11 14:15,1597130107,1597130074,33
2020/8/11 14:14,1597130047,1597129976,71
2020/8/11 14:13,1597129987,1597129976,11
2020/8/11 14:12,1597129927,1597129919,8
2020/8/11 14:11,1597129867,1597129843,24
2020/8/11 14:10,1597129807,1597129753,54
2020/8/11 14:09,1597129747,1597129753,-6
2020/8/11 14:08,1597129687,1597129653,34
2020/8/11 14:07,1597129627,1597129622,5
2020/8/11 14:06,1597129567,1597129551,16
2020/8/11 14:05,1597129507,1597129500,7
2020/8/11 14:04,1597129447,1597129453,-6
2020/8/11 14:03,1597129387,1597129389,-2
2020/8/11 14:02,1597129327,1597129295,32
2020/8/11 14:01,1597129267,1597129269,-2
2020/8/11 14:00,1597129207,1597129142,65
2020/8/11 13:59,1597129147,1597129142,5
2020/8/11 13:58,1597129087,1597129084,3
2020/8/11 13:57,1597129027,1597129013,14
2020/8/11 13:56,1597128967,1597128892,75
2020/8/11 13:55,1597128907,1597128892,15
2020/8/11 13:54,1597128847,1597128831,16
2020/8/11 13:53,1597128787,1597128759,28
2020/8/11 13:52,1597128727,1597128719,8
2020/8/11 13:51,1597128667,1597128670,-3
2020/8/11 13:50,1597128607,1597128565,42
2020/8/11 13:49,1597128547,1597128553,-6
2020/8/11 13:48,1597128487,1597128486,1
2020/8/11 13:47,1597128427,1597128415,12
2020/8/11 13:46,1597128367,1597128354,13
2020/8/11 13:45,1597128307,1597128297,10
2020/8/11 13:44,1597128247,1597128234,13
2020/8/11 13:43,1597128187,1597128179,8
2020/8/11 13:42,1597128127,1597128131,-4
2020/8/11 13:41,1597128067,1597128019,48
2020/8/11 13:40,1597128007,1597128008,-1
2020/8/11 13:39,1597127947,1597127917,30
2020/8/11 13:38,1597127887,1597127886,1
2020/8/11 13:37,1597127827,1597127771,56
2020/8/11 13:36,1597127767,1597127771,-4
2020/8/11 13:35,1597127707,1597127521,186
2020/8/11 13:34,1597127647,1597127521,126
2020/8/11 13:33,1597127587,1597127521,66
2020/8/11 13:32,1597127527,1597127521,6
2020/8/11 13:31,1597127467,1597127450,17
2020/8/11 13:30,1597127407,1597127385,22
2020/8/11 13:29,1597127347,1597127268,79
2020/8/11 13:28,1597127287,1597127268,19
2020/8/11 13:27,1597127227,1597127217,10
2020/8/11 13:26,1597127167,1597127167,0
2020/8/11 13:25,1597127107,1597127054,53
2020/8/11 13:24,1597127047,1597127003,44
2020/8/11 13:23,1597126987,1597126943,44
2020/8/11 13:22,1597126927,1597126922,5
2020/8/11 13:21,1597126867,1597126852,15
2020/8/11 13:20,1597126807,1597126780,27
2020/8/11 13:19,1597126747,1597126739,8
2020/8/11 13:18,1597126687,1597126667,20
2020/8/11 13:17,1597126627,1597126595,32
2020/8/11 13:16,1597126567,1597126495,72
2020/8/11 13:15,1597126507,1597126495,12
2020/8/11 13:14,1597126447,1597126343,104
2020/8/11 13:13,1597126387,1597126343,44
2020/8/11 13:12,1597126327,1597126303,24
2020/8/11 13:11,1597126267,1597126201,66
2020/8/11 13:10,1597126207,1597126201,6
2020/8/11 13:09,1597126147,1597126099,48
2020/8/11 13:08,1597126087,1597126028,59
2020/8/11 13:07,1597126027,1597126028,-1
2020/8/11 13:06,1597125967,1597125896,71
2020/8/11 13:05,1597125907,1597125896,11
2020/8/11 13:04,1597125847,1597125825,22
2020/8/11 13:03,1597125787,1597125683,104
2020/8/11 13:02,1597125727,1597125683,44
2020/8/11 13:01,1597125667,1597125647,20
2020/8/11 13:00,1597125607,1597125541,66
2020/8/11 12:59,1597125547,1597125541,6
2020/8/11 12:58,1597125487,1597125469,18
2020/8/11 12:57,1597125427,1597125408,19
2020/8/11 12:56,1597125367,1597125327,40
2020/8/11 12:55,1597125307,1597125307,0
2020/8/11 12:54,1597125247,1597125206,41
2020/8/11 12:53,1597125187,1597125194,-7
2020/8/11 12:52,1597125127,1597125120,7
2020/8/11 12:51,1597125067,1597125037,30
2020/8/11 12:50,1597125007,1597124962,45
2020/8/11 12:49,1597124947,1597124952,-5
2020/8/11 12:48,1597124887,1597124871,16
2020/8/11 12:47,1597124827,1597124823,4
2020/8/11 12:46,1597124767,1597124769,-2
2020/8/11 12:45,1597124707,1597124667,40
2020/8/11 12:44,1597124647,1597124647,0
2020/8/11 12:43,1597124587,1597124565,22
2020/8/11 12:42,1597124527,1597124525,2
2020/8/11 12:41,1597124467,1597124464,3
2020/8/11 12:40,1597124407,1597124363,44
2020/8/11 12:39,1597124347,1597124341,6
2020/8/11 12:38,1597124287,1597124261,26
2020/8/11 12:37,1597124227,1597124190,37
2020/8/11 12:36,1597124167,1597124162,5
2020/8/11 12:35,1597124107,1597124109,-2
2020/8/11 12:34,1597124047,1597124053,-6
2020/8/11 12:33,1597123987,1597123992,-5
2020/8/11 12:32,1597123927,1597123855,72
2020/8/11 12:31,1597123867,1597123855,12
2020/8/11 12:30,1597123807,1597123781,26
2020/8/11 12:29,1597123747,1597123733,14
2020/8/11 12:28,1597123687,1597123676,11
2020/8/11 12:27,1597123627,1597123622,5
2020/8/11 12:26,1597123567,1597123572,-5
2020/8/11 12:25,1597123507,1597123508,-1
2020/8/11 12:24,1597123447,1597123438,9
2020/8/11 12:23,1597123387,1597123393,-6
2020/8/11 12:22,1597123327,1597123327,0
2020/8/11 12:21,1597123267,1597123216,51
2020/8/11 12:20,1597123207,1597123074,133
2020/8/11 12:19,1597123147,1597123074,73
2020/8/11 12:18,1597123087,1597123074,13
2020/8/11 12:17,1597123027,1597123027,0
2020/8/11 12:16,1597122967,1597122921,46
2020/8/11 12:15,1597122907,1597122887,20
2020/8/11 12:14,1597122847,1597122850,-3
2020/8/11 12:13,1597122787,1597122749,38
2020/8/11 12:12,1597122727,1597122708,19
2020/8/11 12:11,1597122667,1597122667,0
2020/8/11 12:10,1597122607,1597122596,11
2020/8/11 12:09,1597122547,1597122549,-2
2020/8/11 12:08,1597122487,1597122384,103
2020/8/11 12:07,1597122427,1597122384,43
2020/8/11 12:06,1597122367,1597122341,26
2020/8/11 12:05,1597122307,1597122310,-3
2020/8/11 12:04,1597122247,1597122249,-2
2020/8/11 12:03,1597122187,1597122158,29
2020/8/11 12:02,1597122127,1597122097,30
2020/8/11 12:01,1597122067,1597121985,82
2020/8/11 12:00,1597122007,1597121985,22
2020/8/11 11:59,1597121947,1597121934,13
2020/8/11 11:58,1597121887,1597121887,0
2020/8/11 11:57,1597121827,1597121762,65
2020/8/11 11:56,1597121767,1597121762,5
2020/8/11 11:55,1597121707,1597121710,-3
2020/8/11 11:54,1597121647,1597121644,3
2020/8/11 11:53,1597121587,1597121586,1
2020/8/11 11:52,1597121527,1597121487,40
2020/8/11 11:51,1597121467,1597121467,0
2020/8/11 11:50,1597121407,1597121406,1
2020/8/11 11:49,1597121347,1597121352,-5
2020/8/11 11:48,1597121287,1597121290,-3
2020/8/11 11:47,1597121227,1597121203,24
2020/8/11 11:46,1597121167,1597121165,2
2020/8/11 11:45,1597121107,1597121071,36
2020/8/11 11:44,1597121047,1597121046,1
2020/8/11 11:43,1597120987,1597120989,-2
2020/8/11 11:42,1597120927,1597120922,5
2020/8/11 11:41,1597120867,1597120847,20
2020/8/11 11:40,1597120807,1597120787,20
2020/8/11 11:39,1597120747,1597120716,31
2020/8/11 11:38,1597120687,1597120685,2
2020/8/11 11:37,1597120627,1597120594,33
2020/8/11 11:36,1597120567,1597120553,14
2020/8/11 11:35,1597120507,1597120512,-5
2020/8/11 11:34,1597120447,1597120429,18
2020/8/11 11:33,1597120387,1597120386,1
2020/8/11 11:32,1597120327,1597120330,-3
2020/8/11 11:31,1597120267,1597120271,-4
2020/8/11 11:30,1597120207,1597120198,9
2020/8/11 11:29,1597120147,1597120154,-7
2020/8/11 11:28,1597120087,1597120093,-6
2020/8/11 11:27,1597120027,1597120022,5
2020/8/11 11:26,1597119967,1597119946,21
2020/8/11 11:25,1597119908,1597119903,5
2020/8/11 11:24,1597119847,1597119842,5
2020/8/11 11:23,1597119787,1597119761,26
2020/8/11 11:22,1597119727,1597119700,27
2020/8/11 11:21,1597119667,1597119639,28
2020/8/11 11:20,1597119607,1597119613,-6
2020/8/11 11:19,1597119547,1597119547,0
2020/8/11 11:18,1597119487,1597119487,0
2020/8/11 11:17,1597119427,1597119431,-4
2020/8/11 11:16,1597119367,1597119334,33
2020/8/11 11:15,1597119307,1597119293,14
2020/8/11 11:14,1597119247,1597119223,24
2020/8/11 11:13,1597119187,1597119182,5
2020/8/11 11:12,1597119127,1597119120,7
2020/8/11 11:11,1597119067,1597119059,8
2020/8/11 11:10,1597119007,1597118999,8
2020/8/11 11:09,1597118947,1597118917,30
2020/8/11 11:08,1597118887,1597118869,18
2020/8/11 11:07,1597118827,1597118826,1
2020/8/11 11:06,1597118767,1597118745,22
2020/8/11 11:05,1597118707,1597118654,53
2020/8/11 11:04,1597118647,1597118643,4
2020/8/11 11:03,1597118587,1597118566,21
2020/8/11 11:02,1597118527,1597118522,5
2020/8/11 11:01,1597118467,1597118470,-3
2020/8/11 11:00,1597118407,1597118308,99
2020/8/11 10:59,1597118347,1597118308,39
2020/8/11 10:58,1597118287,1597118257,30
2020/8/11 10:57,1597118227,1597118207,20
2020/8/11 10:56,1597118167,1597118135,32
2020/8/11 10:55,1597118107,1597118095,12
2020/8/11 10:54,1597118047,1597117983,64
2020/8/11 10:53,1597117987,1597117983,4
2020/8/11 10:52,1597117927,1597117901,26
2020/8/11 10:51,1597117867,1597117831,36
2020/8/11 10:50,1597117807,1597117790,17
2020/8/11 10:49,1597117747,1597117607,140
2020/8/11 10:48,1597117687,1597117607,80
2020/8/11 10:47,1597117627,1597117607,20
2020/8/11 10:46,1597117567,1597117505,62
2020/8/11 10:45,1597117507,1597117505,2
2020/8/11 10:44,1597117447,1597117434,13
2020/8/11 10:43,1597117387,1597117384,3
2020/8/11 10:42,1597117327,1597117326,1
2020/8/11 10:41,1597117267,1597117190,77
2020/8/11 10:40,1597117207,1597117190,17
2020/8/11 10:39,1597117147,1597117101,46
2020/8/11 10:38,1597117087,1597117090,-3
2020/8/11 10:37,1597117027,1597117011,16
2020/8/11 10:36,1597116967,1597116916,51
2020/8/11 10:35,1597116907,1597116894,13
2020/8/11 10:34,1597116847,1597116834,13
2020/8/11 10:33,1597116787,1597116792,-5
2020/8/11 10:32,1597116727,1597116723,4
2020/8/11 10:31,1597116667,1597116670,-3
2020/8/11 10:30,1597116607,1597116580,27
2020/8/11 10:29,1597116547,1597116468,79
2020/8/11 10:28,1597116487,1597116468,19
2020/8/11 10:27,1597116427,1597116432,-5
2020/8/11 10:26,1597116367,1597116364,3
2020/8/11 10:25,1597116307,1597116235,72
2020/8/11 10:24,1597116247,1597116235,12
2020/8/11 10:23,1597116187,1597116187,0
2020/8/11 10:22,1597116127,1597116125,2
2020/8/11 10:21,1597116067,1597116011,56
2020/8/11 10:20,1597116007,1597116011,-4
2020/8/11 10:19,1597115947,1597115920,27
2020/8/11 10:18,1597115887,1597115869,18
2020/8/11 10:17,1597115827,1597115787,40
2020/8/11 10:16,1597115767,1597115747,20
2020/8/11 10:15,1597115707,1597115594,113
2020/8/11 10:14,1597115647,1597115594,53
2020/8/11 10:13,1597115587,1597115523,64
2020/8/11 10:12,1597115527,1597115523,4
2020/8/11 10:11,1597115467,1597115442,25
2020/8/11 10:10,1597115407,1597115381,26
2020/8/11 10:09,1597115347,1597115352,-5
2020/8/11 10:08,1597115287,1597115238,49
2020/8/11 10:07,1597115227,1597115209,18
2020/8/11 10:06,1597115167,1597115147,20
2020/8/11 10:05,1597115107,1597115024,83
2020/8/11 10:04,1597115047,1597115024,23
2020/8/11 10:03,1597114987,1597114974,13
2020/8/11 10:02,1597114927,1597114881,46
2020/8/11 10:01,1597114867,1597114846,21
2020/8/11 10:00,1597114807,1597114771,36
2020/8/11 09:59,1597114747,1597114744,3
2020/8/11 09:58,1597114687,1597114690,-3
2020/8/11 09:57,1597114627,1597114567,60
2020/8/11 09:56,1597114567,1597114567,0
2020/8/11 09:55,1597114507,1597114466,41
2020/8/11 09:54,1597114447,1597114354,93
2020/8/11 09:53,1597114388,1597114354,34
2020/8/11 09:52,1597114327,1597114222,105
2020/8/11 09:51,1597114267,1597114222,45
2020/8/11 09:50,1597114207,1597114181,26
2020/8/11 09:49,1597114147,1597114131,16
2020/8/11 09:48,1597114087,1597113999,88
2020/8/11 09:47,1597114027,1597113999,28
2020/8/11 09:46,1597113967,1597113949,18
2020/8/11 09:45,1597113908,1597113896,12
2020/8/11 09:44,1597113847,1597113744,103
2020/8/11 09:43,1597113787,1597113744,43
2020/8/11 09:42,1597113727,1597113632,95
2020/8/11 09:41,1597113667,1597113632,35
2020/8/11 09:40,1597113607,1597113591,16
2020/8/11 09:39,1597113547,1597113521,26
2020/8/11 09:38,1597113487,1597113490,-3
2020/8/11 09:37,1597113427,1597113409,18
2020/8/11 09:36,1597113367,1597113327,40
2020/8/11 09:35,1597113307,1597113307,0
2020/8/11 09:34,1597113247,1597113236,11
2020/8/11 09:33,1597113187,1597113175,12
2020/8/11 09:32,1597113127,1597113094,33
2020/8/11 09:31,1597113067,1597113073,-6
2020/8/11 09:30,1597113007,1597113008,-1
2020/8/11 09:29,1597112948,1597112951,-3
2020/8/11 09:28,1597112887,1597112870,17
2020/8/11 09:27,1597112827,1597112830,-3
2020/8/11 09:26,1597112767,1597112769,-2
2020/8/11 09:25,1597112707,1597112702,5
2020/8/11 09:24,1597112647,1597112617,30
2020/8/11 09:23,1597112587,1597112580,7
2020/8/11 09:22,1597112527,1597112485,42
2020/8/11 09:21,1597112467,1597112444,23
2020/8/11 09:20,1597112407,1597112403,4
2020/8/11 09:19,1597112347,1597112336,11
2020/8/11 09:18,1597112287,1597112210,77
2020/8/11 09:17,1597112227,1597112210,17
2020/8/11 09:16,1597112167,1597112099,68
2020/8/11 09:15,1597112107,1597112099,8
2020/8/11 09:14,1597112047,1597112040,7
2020/8/11 09:13,1597111987,1597111986,1
2020/8/11 09:12,1597111927,1597111916,11
2020/8/11 09:11,1597111867,1597111869,-2
2020/8/11 09:10,1597111807,1597111813,-6
2020/8/11 09:09,1597111747,1597111753,-6
2020/8/11 09:08,1597111687,1597111650,37
2020/8/11 09:07,1597111627,1597111588,39
2020/8/11 09:06,1597111567,1597111506,61
2020/8/11 09:05,1597111507,1597111506,1
2020/8/11 09:04,1597111447,1597111424,23
2020/8/11 09:03,1597111387,1597111351,36
2020/8/11 09:02,1597111327,1597111267,60
2020/8/11 09:01,1597111267,1597111267,0
2020/8/11 09:00,1597111207,1597111173,34
2020/8/11 08:59,1597111147,1597111116,31
2020/8/11 08:58,1597111087,1597111091,-4
2020/8/11 08:57,1597111027,1597111020,7
2020/8/11 08:56,1597110967,1597110909,58
2020/8/11 08:55,1597110907,1597110909,-2
2020/8/11 08:54,1597110847,1597110838,9
2020/8/11 08:53,1597110787,1597110726,61
2020/8/11 08:52,1597110727,1597110726,1
2020/8/11 08:51,1597110667,1597110673,-6
2020/8/11 08:50,1597110607,1597110597,10
2020/8/11 08:49,1597110547,1597110472,75
2020/8/11 08:48,1597110487,1597110472,15
2020/8/11 08:47,1597110427,1597110421,6
2020/8/11 08:46,1597110367,1597110370,-3
2020/8/11 08:45,1597110307,1597110309,-2
2020/8/11 08:44,1597110247,1597110229,18
2020/8/11 08:43,1597110187,1597110187,0
2020/8/11 08:42,1597110127,1597110111,16
2020/8/11 08:41,1597110067,1597109995,72
2020/8/11 08:40,1597110007,1597109995,12
2020/8/11 08:39,1597109947,1597109946,1
2020/8/11 08:38,1597109887,1597109775,112
2020/8/11 08:37,1597109827,1597109775,52
2020/8/11 08:36,1597109767,1597109773,-6
2020/8/11 08:35,1597109707,1597109659,48
2020/8/11 08:34,1597109647,1597109648,-1
2020/8/11 08:33,1597109588,1597109579,9
2020/8/11 08:32,1597109527,1597109518,9
2020/8/11 08:31,1597109467,1597109396,71
2020/8/11 08:30,1597109407,1597109396,11
2020/8/11 08:29,1597109347,1597109324,23
2020/8/11 08:28,1597109287,1597109285,2
2020/8/11 08:27,1597109227,1597109152,75
2020/8/11 08:26,1597109167,1597109152,15
2020/8/11 08:25,1597109107,1597109112,-5
2020/8/11 08:24,1597109047,1597109041,6
2020/8/11 08:23,1597108987,1597108945,42
2020/8/11 08:22,1597108927,1597108909,18
2020/8/11 08:21,1597108867,1597108869,-2
2020/8/11 08:20,1597108807,1597108807,0
2020/8/11 08:19,1597108747,1597108685,62
2020/8/11 08:18,1597108687,1597108685,2
2020/8/11 08:17,1597108627,1597108614,13
2020/8/11 08:16,1597108567,1597108557,10
2020/8/11 08:15,1597108507,1597108493,14
2020/8/11 08:14,1597108447,1597108439,8
2020/8/11 08:13,1597108387,1597108378,9
2020/8/11 08:12,1597108327,1597108315,12
2020/8/11 08:11,1597108267,1597108258,9
2020/8/11 08:10,1597108207,1597108208,-1
2020/8/11 08:09,1597108147,1597108095,52
2020/8/11 08:08,1597108087,1597108041,46
2020/8/11 08:07,1597108027,1597108032,-5
2020/8/11 08:06,1597107967,1597107973,-6
2020/8/11 08:05,1597107907,1597107909,-2
2020/8/11 08:04,1597107847,1597107756,91
2020/8/11 08:03,1597107787,1597107756,31
2020/8/11 08:02,1597107727,1597107713,14
2020/8/11 08:01,1597107667,1597107644,23
2020/8/11 08:00,1597107607,1597107603,4
2020/8/11 07:59,1597107547,1597107542,5
2020/8/11 07:58,1597107487,1597107464,23
2020/8/11 07:57,1597107427,1597107429,-2
2020/8/11 07:56,1597107367,1597107369,-2
2020/8/11 07:55,1597107307,1597107283,24
2020/8/11 07:54,1597107247,1597107245,2
2020/8/11 07:53,1597107187,1597107187,0
2020/8/11 07:52,1597107127,1597107126,1
2020/8/11 07:51,1597107067,1597107032,35
2020/8/11 07:50,1597107007,1597106913,94
2020/8/11 07:49,1597106947,1597106913,34
2020/8/11 07:48,1597106887,1597106892,-5
2020/8/11 07:47,1597106827,1597106831,-4
2020/8/11 07:46,1597106767,1597106730,37
2020/8/11 07:45,1597106708,1597106699,9
2020/8/11 07:44,1597106647,1597106652,-5
2020/8/11 07:43,1597106587,1597106578,9
2020/8/11 07:42,1597106527,1597106527,0
2020/8/11 07:41,1597106467,1597106435,32
2020/8/11 07:40,1597106407,1597106334,73
2020/8/11 07:39,1597106347,1597106334,13
2020/8/11 07:38,1597106287,1597106293,-6
2020/8/11 07:37,1597106227,1597106192,35
2020/8/11 07:36,1597106167,1597106131,36
2020/8/11 07:35,1597106107,1597106100,7
2020/8/11 07:34,1597106047,1597106039,8
2020/8/11 07:33,1597105987,1597105959,28
2020/8/11 07:32,1597105927,1597105917,10
2020/8/11 07:31,1597105867,1597105840,27
2020/8/11 07:30,1597105807,1597105813,-6
2020/8/11 07:29,1597105747,1597105734,13
2020/8/11 07:28,1597105687,1597105643,44
2020/8/11 07:27,1597105627,1597105612,15
2020/8/11 07:26,1597105567,1597105541,26
2020/8/11 07:25,1597105507,1597105487,20
2020/8/11 07:24,1597105447,1597105409,38
2020/8/11 07:23,1597105387,1597105393,-6
2020/8/11 07:22,1597105327,1597105309,18
2020/8/11 07:21,1597105267,1597105191,76
2020/8/11 07:20,1597105207,1597105191,16
2020/8/11 07:19,1597105147,1597105068,79
2020/8/11 07:18,1597105087,1597105068,19
2020/8/11 07:17,1597105027,1597105026,1
2020/8/11 07:16,1597104967,1597104967,0
2020/8/11 07:15,1597104907,1597104892,15
2020/8/11 07:14,1597104847,1597104851,-4
2020/8/11 07:13,1597104787,1597104723,64
2020/8/11 07:12,1597104727,1597104723,4
2020/8/11 07:11,1597104667,1597104541,126
2020/8/11 07:10,1597104607,1597104541,66
2020/8/11 07:09,1597104547,1597104541,6
2020/8/11 07:08,1597104487,1597104146,341
2020/8/11 07:07,1597104427,1597104146,281
2020/8/11 07:06,1597104367,1597104146,221
2020/8/11 07:05,1597104307,1597104146,161
2020/8/11 07:04,1597104247,1597104146,101
2020/8/11 07:03,1597104187,1597104146,41
2020/8/11 07:02,1597104127,1597104120,7
2020/8/11 07:01,1597104067,1597103779,288
2020/8/11 07:00,1597104007,1597103779,228
2020/8/11 06:59,1597103947,1597103779,168
2020/8/11 06:58,1597103887,1597103779,108
2020/8/11 06:57,1597103827,1597103779,48
2020/8/11 06:56,1597103767,1597103748,19
2020/8/11 06:55,1597103707,1597103607,100
2020/8/11 06:54,1597103647,1597103607,40
2020/8/11 06:53,1597103587,1597103394,193
2020/8/11 06:52,1597103527,1597103394,133
2020/8/11 06:51,1597103467,1597103394,73
2020/8/11 06:50,1597103407,1597103394,13
2020/8/11 06:49,1597103347,1597103201,146
2020/8/11 06:48,1597103287,1597103201,86
2020/8/11 06:47,1597103227,1597103201,26
2020/8/11 06:46,1597103167,1597103140,27
2020/8/11 06:45,1597103107,1597103095,12
2020/8/11 06:44,1597103047,1597103008,39
2020/8/11 06:43,1597102987,1597102988,-1
2020/8/11 06:42,1597102927,1597102910,17
2020/8/11 06:41,1597102867,1597102856,11
2020/8/11 06:40,1597102807,1597102765,42
2020/8/11 06:39,1597102747,1597102707,40
2020/8/11 06:38,1597102687,1597102678,9
2020/8/11 06:37,1597102627,1597102603,24
2020/8/11 06:36,1597102567,1597102550,17
2020/8/11 06:35,1597102507,1597102380,127
2020/8/11 06:34,1597102447,1597102380,67
2020/8/11 06:33,1597102387,1597102380,7
2020/8/11 06:32,1597102327,1597102289,38
2020/8/11 06:31,1597102267,1597102208,59
2020/8/11 06:30,1597102207,1597102208,-1
2020/8/11 06:29,1597102147,1597102095,52
2020/8/11 06:28,1597102087,1597102015,72
2020/8/11 06:27,1597102027,1597102015,12
2020/8/11 06:26,1597101967,1597101964,3
2020/8/11 06:25,1597101907,1597101893,14
2020/8/11 06:24,1597101847,1597101852,-5
2020/8/11 06:23,1597101787,1597101716,71
2020/8/11 06:22,1597101727,1597101716,11
2020/8/11 06:21,1597101667,1597101609,58
2020/8/11 06:20,1597101607,1597101609,-2
2020/8/11 06:19,1597101547,1597101551,-4
2020/8/11 06:18,1597101487,1597101477,10
2020/8/11 06:17,1597101427,1597101416,11
2020/8/11 06:16,1597101367,1597101373,-6
2020/8/11 06:15,1597101307,1597101253,54
2020/8/11 06:14,1597101247,1597101252,-5
2020/8/11 06:13,1597101187,1597101166,21
2020/8/11 06:12,1597101127,1597101029,98
2020/8/11 06:11,1597101067,1597101029,38
2020/8/11 06:10,1597101007,1597100999,8
2020/8/11 06:09,1597100947,1597100938,9
2020/8/11 06:08,1597100887,1597100877,10
2020/8/11 06:07,1597100827,1597100826,1
2020/8/11 06:06,1597100767,1597100720,47
2020/8/11 06:05,1597100707,1597100711,-4
2020/8/11 06:04,1597100647,1597100608,39
2020/8/11 06:03,1597100587,1597100583,4
2020/8/11 06:02,1597100527,1597100523,4
2020/8/11 06:01,1597100467,1597100472,-5
2020/8/11 06:00,1597100407,1597100380,27
2020/8/11 05:59,1597100347,1597100269,78
2020/8/11 05:58,1597100287,1597100269,18
2020/8/11 05:57,1597100227,1597100232,-5
2020/8/11 05:56,1597100167,1597100163,4
2020/8/11 05:55,1597100107,1597100112,-5
2020/8/11 05:54,1597100047,1597100035,12
2020/8/11 05:53,1597099987,1597099985,2
2020/8/11 05:52,1597099927,1597099903,24
2020/8/11 05:51,1597099867,1597099804,63
2020/8/11 05:50,1597099807,1597099804,3
2020/8/11 05:49,1597099747,1597099704,43
2020/8/11 05:48,1597099687,1597099650,37
2020/8/11 05:47,1597099627,1597099593,34
2020/8/11 05:46,1597099567,1597099568,-1
2020/8/11 05:45,1597099507,1597099513,-6
2020/8/11 05:44,1597099447,1597099452,-5
2020/8/11 05:43,1597099387,1597099384,3
2020/8/11 05:42,1597099327,1597099314,13
2020/8/11 05:41,1597099267,1597099243,24
2020/8/11 05:40,1597099208,1597099183,25
2020/8/11 05:39,1597099147,1597099122,25
2020/8/11 05:38,1597099087,1597099011,76
2020/8/11 05:37,1597099028,1597099011,17
2020/8/11 05:36,1597098967,1597098959,8
2020/8/11 05:35,1597098907,1597098898,9
2020/8/11 05:34,1597098847,1597098797,50
2020/8/11 05:33,1597098787,1597098746,41
2020/8/11 05:32,1597098727,1597098665,62
2020/8/11 05:31,1597098667,1597098665,2
2020/8/11 05:30,1597098607,1597098594,13
2020/8/11 05:29,1597098547,1597098543,4
2020/8/11 05:28,1597098487,1597098435,52
2020/8/11 05:27,1597098427,1597098401,26
2020/8/11 05:26,1597098367,1597098334,33
2020/8/11 05:25,1597098307,1597098296,11
2020/8/11 05:24,1597098247,1597098229,18
2020/8/11 05:23,1597098187,1597098184,3
2020/8/11 05:22,1597098127,1597098116,11
2020/8/11 05:21,1597098067,1597098034,33
2020/8/11 05:20,1597098007,1597097943,64
2020/8/11 05:19,1597097947,1597097943,4
2020/8/11 05:18,1597097887,1597097887,0
2020/8/11 05:17,1597097827,1597097833,-6
2020/8/11 05:16,1597097767,1597097771,-4
2020/8/11 05:15,1597097707,1597097659,48
2020/8/11 05:14,1597097647,1597097618,29
2020/8/11 05:13,1597097587,1597097593,-6
2020/8/11 05:12,1597097527,1597097507,20
2020/8/11 05:11,1597097467,1597097436,31
2020/8/11 05:10,1597097407,1597097405,2
2020/8/11 05:09,1597097347,1597097334,13
2020/8/11 05:08,1597097287,1597097283,4
2020/8/11 05:07,1597097227,1597097202,25
2020/8/11 05:06,1597097167,1597097172,-5
2020/8/11 05:05,1597097107,1597097090,17
2020/8/11 05:04,1597097047,1597097039,8
2020/8/11 05:03,1597096987,1597096958,29
2020/8/11 05:02,1597096927,1597096869,58
2020/8/11 05:01,1597096867,1597096869,-2
2020/8/11 05:00,1597096807,1597096785,22
2020/8/11 04:59,1597096747,1597096703,44
2020/8/11 04:58,1597096687,1597096679,8
2020/8/11 04:57,1597096627,1597096622,5
2020/8/11 04:56,1597096567,1597096573,-6
2020/8/11 04:55,1597096507,1597096510,-3
2020/8/11 04:54,1597096447,1597096439,8
2020/8/11 04:53,1597096387,1597096378,9
2020/8/11 04:52,1597096327,1597096324,3
2020/8/11 04:51,1597096267,1597096219,48
2020/8/11 04:50,1597096207,1597096208,-1
2020/8/11 04:49,1597096147,1597096145,2
2020/8/11 04:48,1597096087,1597096032,55
2020/8/11 04:47,1597096027,1597096032,-5
2020/8/11 04:46,1597095967,1597095955,12
2020/8/11 04:45,1597095907,1597095900,7
2020/8/11 04:44,1597095847,1597095837,10
2020/8/11 04:43,1597095787,1597095766,21
2020/8/11 04:42,1597095727,1597095695,32
2020/8/11 04:41,1597095667,1597095636,31
2020/8/11 04:40,1597095607,1597095559,48
2020/8/11 04:39,1597095547,1597095550,-3
2020/8/11 04:38,1597095487,1597095481,6
2020/8/11 04:37,1597095427,1597095415,12
2020/8/11 04:36,1597095367,1597095364,3
2020/8/11 04:35,1597095307,1597095283,24
2020/8/11 04:34,1597095247,1597095248,-1
2020/8/11 04:33,1597095187,1597095136,51
2020/8/11 04:32,1597095127,1597095106,21
2020/8/11 04:31,1597095067,1597095037,30
2020/8/11 04:30,1597095007,1597095000,7
2020/8/11 04:29,1597094947,1597094811,136
2020/8/11 04:28,1597094887,1597094811,76
2020/8/11 04:27,1597094827,1597094811,16
2020/8/11 04:26,1597094767,1597094653,114
2020/8/11 04:25,1597094707,1597094653,54
2020/8/11 04:24,1597094647,1597094653,-6
2020/8/11 04:23,1597094587,1597094455,132
2020/8/11 04:22,1597094527,1597094455,72
2020/8/11 04:21,1597094467,1597094455,12
2020/8/11 04:20,1597094407,1597094412,-5
2020/8/11 04:19,1597094347,1597094303,44
2020/8/11 04:18,1597094287,1597094262,25
2020/8/11 04:17,1597094227,1597094179,48
2020/8/11 04:16,1597094167,1597094171,-4
2020/8/11 04:15,1597094107,1597094112,-5
2020/8/11 04:14,1597094047,1597094038,9
2020/8/11 04:13,1597093987,1597093957,30
2020/8/11 04:12,1597093927,1597093931,-4
2020/8/11 04:11,1597093867,1597093835,32
2020/8/11 04:10,1597093807,1597093794,13
2020/8/11 04:09,1597093747,1597093693,54
2020/8/11 04:08,1597093688,1597093693,-5
2020/8/11 04:07,1597093627,1597093591,36
2020/8/11 04:06,1597093567,1597093568,-1
2020/8/11 04:05,1597093507,1597093490,17
2020/8/11 04:04,1597093447,1597093377,70
2020/8/11 04:03,1597093387,1597093377,10
2020/8/11 04:02,1597093327,1597093327,0
2020/8/11 04:01,1597093267,1597093133,134
2020/8/11 04:00,1597093207,1597093133,74
2020/8/11 03:59,1597093147,1597093133,14
2020/8/11 03:58,1597093087,1597093072,15
2020/8/11 03:57,1597093027,1597093028,-1
2020/8/11 03:56,1597092967,1597092973,-6
2020/8/11 03:55,1597092907,1597092879,28
2020/8/11 03:54,1597092847,1597092787,60
2020/8/11 03:53,1597092787,1597092787,0
2020/8/11 03:52,1597092727,1597092732,-5
2020/8/11 03:51,1597092667,1597092655,12
2020/8/11 03:50,1597092608,1597092606,2
2020/8/11 03:49,1597092547,1597092522,25
2020/8/11 03:48,1597092487,1597092481,6
2020/8/11 03:47,1597092427,1597092411,16
2020/8/11 03:46,1597092367,1597092340,27
2020/8/11 03:45,1597092307,1597092255,52
2020/8/11 03:44,1597092247,1597092247,0
2020/8/11 03:43,1597092187,1597092168,19
2020/8/11 03:42,1597092127,1597092125,2
2020/8/11 03:41,1597092067,1597092066,1
2020/8/11 03:40,1597092007,1597092012,-5
2020/8/11 03:39,1597091947,1597091913,34
2020/8/11 03:38,1597091887,1597091791,96
2020/8/11 03:37,1597091827,1597091791,36
2020/8/11 03:36,1597091767,1597091748,19
2020/8/11 03:35,1597091707,1597091700,7
2020/8/11 03:34,1597091647,1597091653,-6
2020/8/11 03:33,1597091587,1597091588,-1
2020/8/11 03:32,1597091527,1597091486,41
2020/8/11 03:31,1597091467,1597091446,21
2020/8/11 03:30,1597091407,1597091412,-5
2020/8/11 03:29,1597091347,1597091293,54
2020/8/11 03:28,1597091287,1597091293,-6
2020/8/11 03:27,1597091227,1597091233,-6
2020/8/11 03:26,1597091167,1597091162,5
2020/8/11 03:25,1597091107,1597091104,3
2020/8/11 03:24,1597091047,1597091050,-3
2020/8/11 03:23,1597090987,1597090948,39
2020/8/11 03:22,1597090927,1597090897,30
2020/8/11 03:21,1597090867,1597090862,5
2020/8/11 03:20,1597090807,1597090769,38
2020/8/11 03:19,1597090747,1597090750,-3
2020/8/11 03:18,1597090687,1597090670,17
2020/8/11 03:17,1597090628,1597090628,0
2020/8/11 03:16,1597090567,1597090572,-5
2020/8/11 03:15,1597090507,1597090491,16
2020/8/11 03:14,1597090447,1597090429,18
2020/8/11 03:13,1597090387,1597090318,69
2020/8/11 03:12,1597090327,1597090318,9
2020/8/11 03:11,1597090267,1597090216,51
2020/8/11 03:10,1597090207,1597090196,11
2020/8/11 03:09,1597090147,1597090094,53
2020/8/11 03:08,1597090087,1597090064,23
2020/8/11 03:07,1597090027,1597090029,-2
2020/8/11 03:06,1597089967,1597089921,46
2020/8/11 03:05,1597089907,1597089890,17
2020/8/11 03:04,1597089847,1597089830,17
2020/8/11 03:03,1597089787,1597089677,110
2020/8/11 03:02,1597089727,1597089677,50
2020/8/11 03:01,1597089667,1597089626,41
2020/8/11 03:00,1597089607,1597089576,31
2020/8/11 02:59,1597089547,1597089454,93
2020/8/11 02:58,1597089487,1597089454,33
2020/8/11 02:57,1597089427,1597089311,116
2020/8/11 02:56,1597089367,1597089311,56
2020/8/11 02:55,1597089307,1597089311,-4
2020/8/11 02:54,1597089247,1597089239,8
2020/8/11 02:53,1597089187,1597089183,4
2020/8/11 02:52,1597089127,1597089098,29
2020/8/11 02:51,1597089067,1597089068,-1
2020/8/11 02:50,1597089007,1597088969,38
2020/8/11 02:49,1597088947,1597088934,13
2020/8/11 02:48,1597088887,1597088874,13
2020/8/11 02:47,1597088827,1597088832,-5
2020/8/11 02:46,1597088767,1597088772,-5
2020/8/11 02:45,1597088707,1597088711,-4
2020/8/11 02:44,1597088647,1597088650,-3
2020/8/11 02:43,1597088587,1597088589,-2
2020/8/11 02:42,1597088527,1597088533,-6
2020/8/11 02:41,1597088467,1597088446,21
2020/8/11 02:40,1597088407,1597088385,22
2020/8/11 02:39,1597088347,1597088344,3
2020/8/11 02:38,1597088287,1597088263,24
2020/8/11 02:37,1597088227,1597088223,4
2020/8/11 02:36,1597088167,1597088172,-5
2020/8/11 02:35,1597088107,1597088091,16
2020/8/11 02:34,1597088047,1597088029,18
2020/8/11 02:33,1597087987,1597087963,24
2020/8/11 02:32,1597087927,1597087908,19
2020/8/11 02:31,1597087867,1597087856,11
2020/8/11 02:30,1597087807,1597087785,22
2020/8/11 02:29,1597087747,1597087749,-2
2020/8/11 02:28,1597087687,1597087673,14
2020/8/11 02:27,1597087627,1597087632,-5
2020/8/11 02:26,1597087567,1597087571,-4
2020/8/11 02:25,1597087507,1597087509,-2
2020/8/11 02:24,1597087447,1597087397,50
2020/8/11 02:23,1597087387,1597087363,24
2020/8/11 02:22,1597087327,1597087333,-6
2020/8/11 02:21,1597087267,1597087224,43
2020/8/11 02:20,1597087207,1597087154,53
2020/8/11 02:19,1597087147,1597087152,-5
2020/8/11 02:18,1597087087,1597087011,76
2020/8/11 02:17,1597087027,1597087011,16
2020/8/11 02:16,1597086967,1597086967,0
2020/8/11 02:15,1597086907,1597086865,42
2020/8/11 02:14,1597086847,1597086827,20
2020/8/11 02:13,1597086787,1597086635,152
2020/8/11 02:12,1597086727,1597086635,92
2020/8/11 02:11,1597086667,1597086635,32
2020/8/11 02:10,1597086607,1597086472,135
2020/8/11 02:09,1597086547,1597086472,75
2020/8/11 02:08,1597086487,1597086472,15
2020/8/11 02:07,1597086427,1597086413,14
2020/8/11 02:06,1597086367,1597086350,17
2020/8/11 02:05,1597086307,1597086298,9
2020/8/11 02:04,1597086247,1597086238,9
2020/8/11 02:03,1597086187,1597086119,68
2020/8/11 02:02,1597086127,1597086119,8
2020/8/11 02:01,1597086067,1597086008,59
2020/8/11 02:00,1597086008,1597086008,0
2020/8/11 01:59,1597085947,1597085925,22
2020/8/11 01:58,1597085887,1597085872,15
2020/8/11 01:57,1597085827,1597085832,-5
2020/8/11 01:56,1597085767,1597085770,-3
2020/8/11 01:55,1597085707,1597085658,49
2020/8/11 01:54,1597085647,1597085644,3
2020/8/11 01:53,1597085587,1597085560,27
2020/8/11 01:52,1597085527,1597085474,53
2020/8/11 01:51,1597085467,1597085472,-5
2020/8/11 01:50,1597085407,1597085374,33
2020/8/11 01:49,1597085347,1597085335,12
2020/8/11 01:48,1597085287,1597085284,3
2020/8/11 01:47,1597085227,1597085231,-4
2020/8/11 01:46,1597085167,1597085170,-3
2020/8/11 01:45,1597085107,1597085102,5
2020/8/11 01:44,1597085047,1597085037,10
2020/8/11 01:43,1597084987,1597084946,41
2020/8/11 01:42,1597084927,1597084864,63
2020/8/11 01:41,1597084867,1597084864,3
2020/8/11 01:40,1597084807,1597084804,3
2020/8/11 01:39,1597084747,1597084752,-5
2020/8/11 01:38,1597084687,1597084671,16
2020/8/11 01:37,1597084627,1597084631,-4
2020/8/11 01:36,1597084567,1597084560,7
2020/8/11 01:35,1597084507,1597084502,5
2020/8/11 01:34,1597084447,1597084417,30
2020/8/11 01:33,1597084387,1597084376,11
2020/8/11 01:32,1597084327,1597084316,11
2020/8/11 01:31,1597084267,1597084214,53
2020/8/11 01:30,1597084207,1597084112,95
2020/8/11 01:29,1597084147,1597084112,35
2020/8/11 01:28,1597084087,1597084092,-5
2020/8/11 01:27,1597084027,1597084011,16
2020/8/11 01:26,1597083967,1597083939,28
2020/8/11 01:25,1597083907,1597083910,-3
2020/8/11 01:24,1597083847,1597083828,19
2020/8/11 01:23,1597083787,1597083777,10
2020/8/11 01:22,1597083727,1597083695,32
2020/8/11 01:21,1597083667,1597083655,12
2020/8/11 01:20,1597083607,1597083564,43
2020/8/11 01:19,1597083547,1597083532,15
2020/8/11 01:18,1597083487,1597083482,5
2020/8/11 01:17,1597083427,1597083390,37
2020/8/11 01:16,1597083367,1597083355,12
2020/8/11 01:15,1597083307,1597083298,9
2020/8/11 01:14,1597083247,1597083237,10
2020/8/11 01:13,1597083187,1597083190,-3
2020/8/11 01:12,1597083127,1597083100,27
2020/8/11 01:11,1597083067,1597083024,43
2020/8/11 01:10,1597083007,1597082973,34
2020/8/11 01:09,1597082947,1597082922,25
2020/8/11 01:08,1597082887,1597082854,33
2020/8/11 01:07,1597082827,1597082820,7
2020/8/11 01:06,1597082767,1597082708,59
2020/8/11 01:05,1597082707,1597082708,-1
2020/8/11 01:04,1597082647,1597082646,1
2020/8/11 01:03,1597082587,1597082586,1
2020/8/11 01:02,1597082527,1597082525,2
2020/8/11 01:01,1597082467,1597082454,13
2020/8/11 01:00,1597082407,1597082385,22
2020/8/11 00:59,1597082347,1597082341,6
2020/8/11 00:58,1597082287,1597082291,-4
2020/8/11 00:57,1597082227,1597082189,38
2020/8/11 00:56,1597082167,1597082138,29
2020/8/11 00:55,1597082107,1597082108,-1
2020/8/11 00:54,1597082047,1597082003,44
2020/8/11 00:53,1597081987,1597081945,42
2020/8/11 00:52,1597081927,1597081919,8
2020/8/11 00:51,1597081867,1597081833,34
2020/8/11 00:50,1597081807,1597081772,35
2020/8/11 00:49,1597081747,1597081630,117
2020/8/11 00:48,1597081687,1597081630,57
2020/8/11 00:47,1597081627,1597081630,-3
2020/8/11 00:46,1597081567,1597081528,39
2020/8/11 00:45,1597081507,1597081512,-5
2020/8/11 00:44,1597081447,1597081426,21
2020/8/11 00:43,1597081387,1597081354,33
2020/8/11 00:42,1597081327,1597081329,-2
2020/8/11 00:41,1597081267,1597081262,5
2020/8/11 00:40,1597081207,1597081211,-4
2020/8/11 00:39,1597081147,1597081139,8
2020/8/11 00:38,1597081087,1597081055,32
2020/8/11 00:37,1597081027,1597080979,48
2020/8/11 00:36,1597080967,1597080968,-1
2020/8/11 00:35,1597080907,1597080834,73
2020/8/11 00:34,1597080847,1597080834,13
2020/8/11 00:33,1597080787,1597080763,24
2020/8/11 00:32,1597080727,1597080691,36
2020/8/11 00:31,1597080667,1597080659,8
2020/8/11 00:30,1597080607,1597080508,99
2020/8/11 00:29,1597080547,1597080508,39
2020/8/11 00:28,1597080487,1597080457,30
2020/8/11 00:27,1597080427,1597080427,0
2020/8/11 00:26,1597080367,1597080344,23
2020/8/11 00:25,1597080307,1597080284,23
2020/8/11 00:24,1597080247,1597080233,14
2020/8/11 00:23,1597080187,1597080181,6
2020/8/11 00:22,1597080127,1597080069,58
2020/8/11 00:21,1597080067,1597080069,-2
2020/8/11 00:20,1597080007,1597080008,-1
2020/8/11 00:19,1597079947,1597079934,13
2020/8/11 00:18,1597079887,1597079890,-3
2020/8/11 00:17,1597079827,1597079782,45
2020/8/11 00:16,1597079767,1597079768,-1
2020/8/11 00:15,1597079707,1597079705,2
2020/8/11 00:14,1597079647,1597079641,6
2020/8/11 00:13,1597079587,1597079591,-4
2020/8/11 00:12,1597079527,1597079511,16
2020/8/11 00:11,1597079467,1597079458,9
2020/8/11 00:10,1597079407,1597079377,30
2020/8/11 00:09,1597079347,1597079326,21
2020/8/11 00:08,1597079287,1597079285,2
2020/8/11 00:07,1597079227,1597079203,24
2020/8/11 00:06,1597079167,1597079122,45
2020/8/11 00:05,1597079107,1597078939,168
2020/8/11 00:04,1597079047,1597078939,108
2020/8/11 00:03,1597078987,1597078939,48
2020/8/11 00:02,1597078927,1597078858,69
2020/8/11 00:01,1597078867,1597078858,9
2020/8/11 00:00,1597078807,1597078807,0
2020/8/10 23:59,1597078747,1597078725,22
2020/8/10 23:58,1597078687,1597078693,-6
2020/8/10 23:57,1597078627,1597078616,11
2020/8/10 23:56,1597078567,1597078491,76
2020/8/10 23:55,1597078507,1597078491,16
2020/8/10 23:54,1597078447,1597078309,138
2020/8/10 23:53,1597078387,1597078309,78
2020/8/10 23:52,1597078327,1597078309,18
2020/8/10 23:51,1597078267,1597078253,14
2020/8/10 23:50,1597078207,1597078186,21
2020/8/10 23:49,1597078147,1597078152,-5
2020/8/10 23:48,1597078087,1597078043,44
2020/8/10 23:47,1597078027,1597078023,4
2020/8/10 23:46,1597077967,1597077973,-6
2020/8/10 23:45,1597077907,1597077871,36
2020/8/10 23:44,1597077847,1597077840,7
2020/8/10 23:43,1597077787,1597077782,5
2020/8/10 23:42,1597077727,1597077709,18
2020/8/10 23:41,1597077667,1597077556,111
2020/8/10 23:40,1597077607,1597077556,51
2020/8/10 23:39,1597077547,1597077529,18
2020/8/10 23:38,1597077487,1597077443,44
2020/8/10 23:37,1597077427,1597077352,75
2020/8/10 23:36,1597077367,1597077352,15
2020/8/10 23:35,1597077307,1597077280,27
2020/8/10 23:34,1597077247,1597077211,36
2020/8/10 23:33,1597077187,1597077179,8
2020/8/10 23:32,1597077127,1597077125,2
2020/8/10 23:31,1597077067,1597077057,10
2020/8/10 23:30,1597077007,1597076945,62
2020/8/10 23:29,1597076947,1597076945,2
2020/8/10 23:28,1597076887,1597076866,21
2020/8/10 23:27,1597076827,1597076824,3
2020/8/10 23:26,1597076767,1597076771,-4
2020/8/10 23:25,1597076707,1597076670,37
2020/8/10 23:24,1597076647,1597076629,18
2020/8/10 23:23,1597076587,1597076574,13
2020/8/10 23:22,1597076527,1597076532,-5
2020/8/10 23:21,1597076467,1597076395,72
2020/8/10 23:20,1597076407,1597076395,12
2020/8/10 23:19,1597076347,1597076344,3
2020/8/10 23:18,1597076287,1597076232,55
2020/8/10 23:17,1597076227,1597076232,-5
2020/8/10 23:16,1597076167,1597076170,-3
2020/8/10 23:15,1597076107,1597076044,63
2020/8/10 23:14,1597076047,1597076044,3
2020/8/10 23:13,1597075987,1597075887,100
2020/8/10 23:12,1597075927,1597075887,40
2020/8/10 23:11,1597075867,1597075774,93
2020/8/10 23:10,1597075807,1597075774,33
2020/8/10 23:09,1597075747,1597075714,33
2020/8/10 23:08,1597075687,1597075642,45
2020/8/10 23:07,1597075627,1597075540,87
2020/8/10 23:06,1597075567,1597075540,27
2020/8/10 23:05,1597075507,1597075490,17
2020/8/10 23:04,1597075447,1597075439,8
2020/8/10 23:03,1597075387,1597075378,9
2020/8/10 23:02,1597075327,1597075327,0
2020/8/10 23:01,1597075267,1597075245,22
2020/8/10 23:00,1597075207,1597075183,24
2020/8/10 22:59,1597075147,1597075149,-2
2020/8/10 22:58,1597075087,1597075092,-5
2020/8/10 22:57,1597075027,1597075027,0
2020/8/10 22:56,1597074967,1597074972,-5
2020/8/10 22:55,1597074907,1597074899,8
2020/8/10 22:54,1597074847,1597074787,60
2020/8/10 22:53,1597074787,1597074787,0
2020/8/10 22:52,1597074727,1597074733,-6
2020/8/10 22:51,1597074667,1597074634,33
2020/8/10 22:50,1597074607,1597074594,13
2020/8/10 22:49,1597074547,1597074512,35
2020/8/10 22:48,1597074487,1597074472,15
2020/8/10 22:47,1597074427,1597074430,-3
2020/8/10 22:46,1597074367,1597074360,7
2020/8/10 22:45,1597074307,1597074313,-6
2020/8/10 22:44,1597074247,1597074238,9
2020/8/10 22:43,1597074187,1597074167,20
2020/8/10 22:42,1597074127,1597074075,52
2020/8/10 22:41,1597074067,1597074072,-5
2020/8/10 22:40,1597074007,1597074013,-6
2020/8/10 22:39,1597073947,1597073932,15
2020/8/10 22:38,1597073887,1597073821,66
2020/8/10 22:37,1597073827,1597073821,6
2020/8/10 22:36,1597073767,1597073772,-5
2020/8/10 22:35,1597073707,1597073712,-5
2020/8/10 22:34,1597073647,1597073648,-1
2020/8/10 22:33,1597073587,1597073536,51
2020/8/10 22:32,1597073527,1597073475,52
2020/8/10 22:31,1597073467,1597073451,16
2020/8/10 22:30,1597073407,1597073394,13
2020/8/10 22:29,1597073347,1597073342,5
2020/8/10 22:28,1597073287,1597073272,15
2020/8/10 22:27,1597073227,1597073223,4
2020/8/10 22:26,1597073167,1597073109,58
2020/8/10 22:25,1597073107,1597073109,-2
2020/8/10 22:24,1597073047,1597072997,50
2020/8/10 22:23,1597072987,1597072936,51
2020/8/10 22:22,1597072927,1597072922,5
2020/8/10 22:21,1597072867,1597072855,12
2020/8/10 22:20,1597072807,1597072793,14
2020/8/10 22:19,1597072747,1597072717,30
2020/8/10 22:18,1597072687,1597072692,-5
2020/8/10 22:17,1597072627,1597072614,13
2020/8/10 22:16,1597072567,1597072569,-2
2020/8/10 22:15,1597072507,1597072478,29
2020/8/10 22:14,1597072448,1597072386,62
2020/8/10 22:13,1597072387,1597072386,1
2020/8/10 22:12,1597072327,1597072284,43
2020/8/10 22:11,1597072267,1597072163,104
2020/8/10 22:10,1597072207,1597072163,44
2020/8/10 22:09,1597072147,1597072126,21
2020/8/10 22:08,1597072087,1597072060,27
2020/8/10 22:07,1597072027,1597072015,12
2020/8/10 22:06,1597071967,1597071949,18
2020/8/10 22:05,1597071907,1597071908,-1
2020/8/10 22:04,1597071847,1597071847,0
2020/8/10 22:03,1597071787,1597071755,32
2020/8/10 22:02,1597071727,1597071694,33
2020/8/10 22:01,1597071667,1597071552,115
2020/8/10 22:00,1597071607,1597071552,55
2020/8/10 21:59,1597071547,1597071552,-5
2020/8/10 21:58,1597071487,1597071491,-4
2020/8/10 21:57,1597071427,1597071409,18
2020/8/10 21:56,1597071367,1597071348,19
2020/8/10 21:55,1597071307,1597071247,60
2020/8/10 21:54,1597071247,1597071247,0
2020/8/10 21:53,1597071187,1597071173,14
2020/8/10 21:52,1597071127,1597071105,22
2020/8/10 21:51,1597071067,1597071053,14
2020/8/10 21:50,1597071007,1597071002,5
2020/8/10 21:49,1597070947,1597070911,36
2020/8/10 21:48,1597070887,1597070881,6
2020/8/10 21:47,1597070827,1597070819,8
2020/8/10 21:46,1597070767,1597070758,9
2020/8/10 21:45,1597070707,1597070706,1
2020/8/10 21:44,1597070647,1597070652,-5
2020/8/10 21:43,1597070587,1597070564,23
2020/8/10 21:42,1597070527,1597070462,65
2020/8/10 21:41,1597070467,1597070462,5
2020/8/10 21:40,1597070407,1597070409,-2
2020/8/10 21:39,1597070347,1597070299,48
2020/8/10 21:38,1597070287,1597070269,18
2020/8/10 21:37,1597070227,1597070208,19
2020/8/10 21:36,1597070167,1597070157,10
2020/8/10 21:35,1597070107,1597070111,-4
2020/8/10 21:34,1597070047,1597070005,42
2020/8/10 21:33,1597069987,1597069976,11
2020/8/10 21:32,1597069927,1597069913,14
2020/8/10 21:31,1597069867,1597069863,4
2020/8/10 21:30,1597069807,1597069810,-3
2020/8/10 21:29,1597069747,1597069730,17
2020/8/10 21:28,1597069687,1597069659,28
2020/8/10 21:27,1597069627,1597069618,9
2020/8/10 21:26,1597069567,1597069567,0
2020/8/10 21:25,1597069507,1597069476,31
2020/8/10 21:24,1597069447,1597069425,22
2020/8/10 21:23,1597069387,1597069384,3
2020/8/10 21:22,1597069327,1597069315,12
2020/8/10 21:21,1597069267,1597069242,25
2020/8/10 21:20,1597069207,1597069211,-4
2020/8/10 21:19,1597069147,1597069152,-5
2020/8/10 21:18,1597069087,1597069028,59
2020/8/10 21:17,1597069027,1597069028,-1
2020/8/10 21:16,1597068967,1597068957,10
2020/8/10 21:15,1597068907,1597068906,1
2020/8/10 21:14,1597068847,1597068845,2
2020/8/10 21:13,1597068787,1597068699,88
2020/8/10 21:12,1597068727,1597068699,28
2020/8/10 21:11,1597068667,1597068651,16
2020/8/10 21:10,1597068607,1597068580,27
2020/8/10 21:09,1597068547,1597068542,5
2020/8/10 21:08,1597068487,1597068482,5
2020/8/10 21:07,1597068427,1597068418,9
2020/8/10 21:06,1597068367,1597068346,21
2020/8/10 21:05,1597068307,1597068245,62
2020/8/10 21:04,1597068247,1597068245,2
2020/8/10 21:03,1597068187,1597068132,55
2020/8/10 21:02,1597068127,1597068132,-5
2020/8/10 21:01,1597068067,1597068051,16
2020/8/10 21:00,1597068007,1597068000,7
2020/8/10 20:59,1597067947,1597067939,8
2020/8/10 20:58,1597067887,1597067889,-2
2020/8/10 20:57,1597067827,1597067826,1
2020/8/10 20:56,1597067767,1597067745,22
2020/8/10 20:55,1597067707,1597067684,23
2020/8/10 20:54,1597067647,1597067594,53
2020/8/10 20:53,1597067587,1597067582,5
2020/8/10 20:52,1597067527,1597067471,56
2020/8/10 20:51,1597067467,1597067471,-4
2020/8/10 20:50,1597067407,1597067382,25
2020/8/10 20:49,1597067347,1597067257,90
2020/8/10 20:48,1597067287,1597067257,30
2020/8/10 20:47,1597067227,1597067154,73
2020/8/10 20:46,1597067167,1597067154,13
2020/8/10 20:45,1597067107,1597067085,22
2020/8/10 20:44,1597067047,1597067034,13
2020/8/10 20:43,1597066987,1597066973,14
2020/8/10 20:42,1597066927,1597066912,15
2020/8/10 20:41,1597066867,1597066861,6
2020/8/10 20:40,1597066807,1597066790,17
2020/8/10 20:39,1597066747,1597066748,-1
2020/8/10 20:38,1597066687,1597066607,80
2020/8/10 20:37,1597066627,1597066607,20
2020/8/10 20:36,1597066567,1597066474,93
2020/8/10 20:35,1597066507,1597066474,33
2020/8/10 20:34,1597066447,1597066424,23
2020/8/10 20:33,1597066387,1597066341,46
2020/8/10 20:32,1597066327,1597066251,76
2020/8/10 20:31,1597066267,1597066251,16
2020/8/10 20:30,1597066207,1597066192,15
2020/8/10 20:29,1597066147,1597066106,41
2020/8/10 20:28,1597066087,1597066089,-2
2020/8/10 20:27,1597066027,1597066026,1
2020/8/10 20:26,1597065967,1597065955,12
2020/8/10 20:25,1597065907,1597065874,33
2020/8/10 20:24,1597065847,1597065852,-5
2020/8/10 20:23,1597065787,1597065752,35
2020/8/10 20:22,1597065727,1597065731,-4
2020/8/10 20:21,1597065667,1597065670,-3
2020/8/10 20:20,1597065607,1597065558,49
2020/8/10 20:19,1597065547,1597065508,39
2020/8/10 20:18,1597065487,1597065447,40
2020/8/10 20:17,1597065427,1597065426,1
2020/8/10 20:16,1597065367,1597065294,73
2020/8/10 20:15,1597065307,1597065294,13
2020/8/10 20:14,1597065247,1597065192,55
2020/8/10 20:13,1597065187,1597065192,-5
2020/8/10 20:12,1597065127,1597065101,26
2020/8/10 20:11,1597065067,1597065072,-5
2020/8/10 20:10,1597065007,1597065009,-2
2020/8/10 20:09,1597064947,1597064948,-1
2020/8/10 20:08,1597064887,1597064836,51
2020/8/10 20:07,1597064827,1597064805,22
2020/8/10 20:06,1597064767,1597064768,-1
2020/8/10 20:05,1597064707,1597064693,14
2020/8/10 20:04,1597064647,1597064633,14
2020/8/10 20:03,1597064587,1597064592,-5
2020/8/10 20:02,1597064527,1597064490,37
2020/8/10 20:01,1597064467,1597064459,8
2020/8/10 20:00,1597064407,1597064409,-2
2020/8/10 19:59,1597064347,1597064352,-5
2020/8/10 19:58,1597064287,1597064246,41
2020/8/10 19:57,1597064227,1597064174,53
2020/8/10 19:56,1597064167,1597064103,64
2020/8/10 19:55,1597064107,1597064103,4
2020/8/10 19:54,1597064047,1597064045,2
2020/8/10 19:53,1597063987,1597063990,-3
2020/8/10 19:52,1597063927,1597063929,-2
2020/8/10 19:51,1597063867,1597063858,9
2020/8/10 19:50,1597063807,1597063803,4
2020/8/10 19:49,1597063747,1597063745,2
2020/8/10 19:48,1597063687,1597063685,2
2020/8/10 19:47,1597063627,1597063623,4
2020/8/10 19:46,1597063567,1597063543,24
2020/8/10 19:45,1597063507,1597063512,-5
2020/8/10 19:44,1597063447,1597063431,16
2020/8/10 19:43,1597063387,1597063324,63
2020/8/10 19:42,1597063327,1597063324,3
2020/8/10 19:41,1597063267,1597063272,-5
2020/8/10 19:40,1597063207,1597063187,20
2020/8/10 19:39,1597063147,1597063116,31
2020/8/10 19:38,1597063087,1597063054,33
2020/8/10 19:37,1597063027,1597063014,13
2020/8/10 19:36,1597062967,1597062963,4
2020/8/10 19:35,1597062907,1597062885,22
2020/8/10 19:34,1597062847,1597062821,26
2020/8/10 19:33,1597062787,1597062779,8
2020/8/10 19:32,1597062727,1597062678,49
2020/8/10 19:31,1597062667,1597062670,-3
2020/8/10 19:30,1597062607,1597062596,11
2020/8/10 19:29,1597062547,1597062552,-5
2020/8/10 19:28,1597062487,1597062454,33
2020/8/10 19:27,1597062427,1597062393,34
2020/8/10 19:26,1597062367,1597062322,45
2020/8/10 19:25,1597062307,1597062148,159
2020/8/10 19:24,1597062247,1597062148,99
2020/8/10 19:23,1597062187,1597062148,39
2020/8/10 19:22,1597062127,1597062122,5
2020/8/10 19:21,1597062067,1597062016,51
2020/8/10 19:20,1597062007,1597061945,62
2020/8/10 19:19,1597061947,1597061945,2
2020/8/10 19:18,1597061887,1597061874,13
2020/8/10 19:17,1597061827,1597061803,24
2020/8/10 19:16,1597061767,1597061711,56
2020/8/10 19:15,1597061707,1597061711,-4
2020/8/10 19:14,1597061647,1597061631,16
2020/8/10 19:13,1597061587,1597061528,59
2020/8/10 19:12,1597061527,1597061528,-1
2020/8/10 19:11,1597061467,1597061397,70
2020/8/10 19:10,1597061408,1597061397,11
2020/8/10 19:09,1597061347,1597060639,708
2020/8/10 19:08,1597061287,1597060639,648
2020/8/10 19:07,1597061227,1597060639,588
2020/8/10 19:06,1597061167,1597060639,528
2020/8/10 19:05,1597061107,1597060639,468
2020/8/10 19:04,1597061047,1597060639,408
2020/8/10 19:03,1597060987,1597060639,348
2020/8/10 19:02,1597060927,1597060639,288
2020/8/10 19:01,1597060867,1597060639,228
2020/8/10 19:00,1597060807,1597060639,168
2020/8/10 18:59,1597060747,1597060639,108
2020/8/10 18:58,1597060687,1597060639,48
2020/8/10 18:57,1597060627,1597060589,38
2020/8/10 18:56,1597060567,1597060566,1
2020/8/10 18:55,1597060508,1597060495,13
2020/8/10 18:54,1597060447,1597060261,186
2020/8/10 18:53,1597060387,1597060261,126
2020/8/10 18:52,1597060327,1597060261,66
2020/8/10 18:51,1597060267,1597060261,6
2020/8/10 18:50,1597060207,1597060077,130
2020/8/10 18:49,1597060147,1597060077,70
2020/8/10 18:48,1597060087,1597060077,10
2020/8/10 18:47,1597060027,1597060026,1
2020/8/10 18:46,1597059967,1597059954,13
2020/8/10 18:45,1597059907,1597059903,4
2020/8/10 18:44,1597059847,1597059753,94
2020/8/10 18:43,1597059787,1597059753,34
2020/8/10 18:42,1597059727,1597059692,35
2020/8/10 18:41,1597059667,1597059650,17
2020/8/10 18:40,1597059607,1597059557,50
2020/8/10 18:39,1597059547,1597059498,49
2020/8/10 18:38,1597059487,1597059488,-1
2020/8/10 18:37,1597059427,1597059282,145
2020/8/10 18:36,1597059367,1597059282,85
2020/8/10 18:35,1597059307,1597059282,25
2020/8/10 18:34,1597059247,1597059167,80
2020/8/10 18:33,1597059187,1597059167,20
2020/8/10 18:32,1597059127,1597059109,18
2020/8/10 18:31,1597059067,1597058998,69
2020/8/10 18:30,1597059007,1597058998,9
2020/8/10 18:29,1597058947,1597058917,30
2020/8/10 18:28,1597058887,1597058825,62
2020/8/10 18:27,1597058827,1597058825,2
2020/8/10 18:26,1597058767,1597058714,53
2020/8/10 18:25,1597058707,1597058572,135
2020/8/10 18:24,1597058647,1597058572,75
2020/8/10 18:23,1597058587,1597058572,15
2020/8/10 18:22,1597058527,1597058533,-6
2020/8/10 18:21,1597058467,1597058470,-3
2020/8/10 18:20,1597058407,1597058399,8
2020/8/10 18:19,1597058347,1597058308,39
2020/8/10 18:18,1597058287,1597058260,27
2020/8/10 18:17,1597058227,1597058227,0
2020/8/10 18:16,1597058167,1597058163,4
2020/8/10 18:15,1597058107,1597058104,3
2020/8/10 18:14,1597058047,1597058046,1
2020/8/10 18:13,1597057987,1597057953,34
2020/8/10 18:12,1597057927,1597057922,5
2020/8/10 18:11,1597057867,1597057719,148
2020/8/10 18:10,1597057807,1597057719,88
2020/8/10 18:09,1597057747,1597057719,28
2020/8/10 18:08,1597057687,1597057607,80
2020/8/10 18:07,1597057627,1597057607,20
2020/8/10 18:06,1597057567,1597057540,27
2020/8/10 18:05,1597057507,1597057512,-5
2020/8/10 18:04,1597057447,1597057452,-5
2020/8/10 18:03,1597057387,1597057388,-1
2020/8/10 18:02,1597057327,1597057291,36
2020/8/10 18:01,1597057267,1597057108,159
2020/8/10 18:00,1597057207,1597057108,99
2020/8/10 17:59,1597057147,1597057108,39
2020/8/10 17:58,1597057087,1597057088,-1
2020/8/10 17:57,1597057027,1597057028,-1
2020/8/10 17:56,1597056967,1597056956,11
2020/8/10 17:55,1597056907,1597056824,83
2020/8/10 17:54,1597056847,1597056824,23
2020/8/10 17:53,1597056787,1597056722,65
2020/8/10 17:52,1597056727,1597056722,5
2020/8/10 17:51,1597056667,1597056672,-5
2020/8/10 17:50,1597056607,1597056550,57
2020/8/10 17:49,1597056547,1597056550,-3
2020/8/10 17:48,1597056487,1597056479,8
2020/8/10 17:47,1597056427,1597056387,40
2020/8/10 17:46,1597056367,1597056275,92
2020/8/10 17:45,1597056307,1597056275,32
2020/8/10 17:44,1597056247,1597056163,84
2020/8/10 17:43,1597056187,1597056163,24
2020/8/10 17:42,1597056127,1597056118,9
2020/8/10 17:41,1597056067,1597056072,-5
2020/8/10 17:40,1597056007,1597055929,78
2020/8/10 17:39,1597055947,1597055929,18
2020/8/10 17:38,1597055887,1597055892,-5
2020/8/10 17:37,1597055827,1597055819,8
2020/8/10 17:36,1597055767,1597055655,112
2020/8/10 17:35,1597055707,1597055655,52
2020/8/10 17:34,1597055647,1597055625,22
2020/8/10 17:33,1597055587,1597055553,34
2020/8/10 17:32,1597055527,1597055522,5
2020/8/10 17:31,1597055467,1597055400,67
2020/8/10 17:30,1597055407,1597055400,7
2020/8/10 17:29,1597055347,1597055299,48
2020/8/10 17:28,1597055287,1597055279,8
2020/8/10 17:27,1597055227,1597055231,-4
2020/8/10 17:26,1597055167,1597055166,1
2020/8/10 17:25,1597055107,1597055095,12
2020/8/10 17:24,1597055047,1597055045,2
2020/8/10 17:23,1597054987,1597054974,13
2020/8/10 17:22,1597054927,1597054923,4
2020/8/10 17:21,1597054867,1597054867,0
2020/8/10 17:20,1597054807,1597054810,-3
2020/8/10 17:19,1597054747,1597054739,8
2020/8/10 17:18,1597054687,1597054607,80
2020/8/10 17:17,1597054627,1597054607,20
2020/8/10 17:16,1597054567,1597054570,-3
2020/8/10 17:15,1597054507,1597054473,34
2020/8/10 17:14,1597054447,1597054433,14
2020/8/10 17:13,1597054387,1597054351,36
2020/8/10 17:12,1597054327,1597054301,26
2020/8/10 17:11,1597054267,1597054158,109
2020/8/10 17:10,1597054207,1597054158,49
2020/8/10 17:09,1597054147,1597054149,-2
2020/8/10 17:08,1597054087,1597054087,0
2020/8/10 17:07,1597054027,1597054016,11
2020/8/10 17:06,1597053967,1597053906,61
2020/8/10 17:05,1597053907,1597053906,1
2020/8/10 17:04,1597053847,1597053822,25
2020/8/10 17:03,1597053787,1597053787,0
2020/8/10 17:02,1597053727,1597053612,115
2020/8/10 17:01,1597053667,1597053612,55
2020/8/10 17:00,1597053607,1597053612,-5
2020/8/10 16:59,1597053547,1597053476,71
2020/8/10 16:58,1597053487,1597053476,11
2020/8/10 16:57,1597053427,1597053429,-2
2020/8/10 16:56,1597053367,1597053294,73
2020/8/10 16:55,1597053307,1597053294,13
2020/8/10 16:54,1597053247,1597053212,35
2020/8/10 16:53,1597053187,1597053151,36
2020/8/10 16:52,1597053127,1597053100,27
2020/8/10 16:51,1597053067,1597053019,48
2020/8/10 16:50,1597053007,1597053009,-2
2020/8/10 16:49,1597052947,1597052924,23
2020/8/10 16:48,1597052887,1597052887,0
2020/8/10 16:47,1597052827,1597052766,61
2020/8/10 16:46,1597052767,1597052766,1
2020/8/10 16:45,1597052707,1597052692,15
2020/8/10 16:44,1597052647,1597052613,34
2020/8/10 16:43,1597052587,1597052582,5
2020/8/10 16:42,1597052527,1597052532,-5
2020/8/10 16:41,1597052467,1597052470,-3
2020/8/10 16:40,1597052407,1597052390,17
2020/8/10 16:39,1597052347,1597052338,9
2020/8/10 16:38,1597052287,1597052227,60
2020/8/10 16:37,1597052227,1597052227,0
2020/8/10 16:36,1597052167,1597052105,62
2020/8/10 16:35,1597052107,1597052105,2
2020/8/10 16:34,1597052047,1597052044,3
2020/8/10 16:33,1597051987,1597051983,4
2020/8/10 16:32,1597051927,1597051929,-2
2020/8/10 16:31,1597051867,1597051841,26
2020/8/10 16:30,1597051807,1597051810,-3
2020/8/10 16:29,1597051747,1597051722,25
2020/8/10 16:28,1597051687,1597051668,19
2020/8/10 16:27,1597051627,1597051576,51
2020/8/10 16:26,1597051567,1597051545,22
2020/8/10 16:25,1597051507,1597051484,23
2020/8/10 16:24,1597051447,1597051402,45
2020/8/10 16:23,1597051387,1597051372,15
2020/8/10 16:22,1597051327,1597051301,26
2020/8/10 16:21,1597051267,1597051228,39
2020/8/10 16:20,1597051207,1597051197,10
2020/8/10 16:19,1597051147,1597051153,-6
2020/8/10 16:18,1597051087,1597051086,1
2020/8/10 16:17,1597051027,1597051004,23
2020/8/10 16:16,1597050967,1597050964,3
2020/8/10 16:15,1597050907,1597050903,4
2020/8/10 16:14,1597050847,1597050842,5
2020/8/10 16:13,1597050787,1597050791,-4
2020/8/10 16:12,1597050727,1597050668,59
2020/8/10 16:11,1597050667,1597050668,-1
2020/8/10 16:10,1597050607,1597050484,123
2020/8/10 16:09,1597050547,1597050484,63
2020/8/10 16:08,1597050487,1597050484,3
2020/8/10 16:07,1597050427,1597050372,55
2020/8/10 16:06,1597050367,1597050372,-5
2020/8/10 16:05,1597050307,1597050311,-4
2020/8/10 16:04,1597050247,1597050250,-3
2020/8/10 16:03,1597050187,1597050188,-1
2020/8/10 16:02,1597050127,1597050127,0
2020/8/10 16:01,1597050067,1597050005,62
2020/8/10 16:00,1597050007,1597050005,2
2020/8/10 15:59,1597049947,1597049913,34
2020/8/10 15:58,1597049887,1597049892,-5
2020/8/10 15:57,1597049827,1597049822,5
2020/8/10 15:56,1597049767,1597049754,13
2020/8/10 15:55,1597049707,1597049712,-5
2020/8/10 15:54,1597049647,1597049619,28
2020/8/10 15:53,1597049587,1597049590,-3
2020/8/10 15:52,1597049527,1597049486,41
2020/8/10 15:51,1597049467,1597049430,37
2020/8/10 15:50,1597049407,1597049405,2
2020/8/10 15:49,1597049347,1597049334,13
2020/8/10 15:48,1597049287,1597049263,24
2020/8/10 15:47,1597049227,1597049211,16
2020/8/10 15:46,1597049167,1597049172,-5
2020/8/10 15:45,1597049107,1597049110,-3
2020/8/10 15:44,1597049047,1597048957,90
2020/8/10 15:43,1597048987,1597048957,30
2020/8/10 15:42,1597048927,1597048846,81
2020/8/10 15:41,1597048867,1597048846,21
2020/8/10 15:40,1597048807,1597048759,48
2020/8/10 15:39,1597048747,1597048734,13
2020/8/10 15:38,1597048687,1597048541,146
2020/8/10 15:37,1597048627,1597048541,86
2020/8/10 15:36,1597048567,1597048541,26
2020/8/10 15:35,1597048507,1597048493,14
2020/8/10 15:34,1597048447,1597048447,0
2020/8/10 15:33,1597048387,1597048368,19
2020/8/10 15:32,1597048327,1597048307,20
2020/8/10 15:31,1597048267,1597048246,21
2020/8/10 15:30,1597048207,1597048175,32
2020/8/10 15:29,1597048147,1597048114,33
2020/8/10 15:28,1597048087,1597048023,64
2020/8/10 15:27,1597048027,1597048023,4
2020/8/10 15:26,1597047967,1597047972,-5
2020/8/10 15:25,1597047907,1597047911,-4
2020/8/10 15:24,1597047847,1597047789,58
2020/8/10 15:23,1597047787,1597047789,-2
2020/8/10 15:22,1597047727,1597047698,29
2020/8/10 15:21,1597047667,1597047663,4
2020/8/10 15:20,1597047607,1597047586,21
2020/8/10 15:19,1597047547,1597047535,12
2020/8/10 15:18,1597047487,1597047484,3
2020/8/10 15:17,1597047427,1597047342,85
2020/8/10 15:16,1597047367,1597047342,25
2020/8/10 15:15,1597047307,1597047254,53
2020/8/10 15:14,1597047247,1597047227,20
2020/8/10 15:13,1597047187,1597047149,38
2020/8/10 15:12,1597047127,1597047059,68
2020/8/10 15:11,1597047067,1597047059,8
2020/8/10 15:10,1597047007,1597046956,51
2020/8/10 15:09,1597046947,1597046936,11
2020/8/10 15:08,1597046888,1597046875,13
2020/8/10 15:07,1597046827,1597046824,3
2020/8/10 15:06,1597046767,1597046713,54
2020/8/10 15:05,1597046707,1597046712,-5
2020/8/10 15:04,1597046647,1597046642,5
2020/8/10 15:03,1597046587,1597046551,36
2020/8/10 15:02,1597046527,1597046517,10
2020/8/10 15:01,1597046468,1597046428,40
2020/8/10 15:00,1597046407,1597046398,9
2020/8/10 14:59,1597046347,1597046349,-2
2020/8/10 14:58,1597046287,1597046256,31
2020/8/10 14:57,1597046227,1597046232,-5
2020/8/10 14:56,1597046167,1597046165,2
2020/8/10 14:55,1597046107,1597046094,13
2020/8/10 14:54,1597046047,1597045951,96
2020/8/10 14:53,1597045987,1597045951,36
2020/8/10 14:52,1597045927,1597045921,6
2020/8/10 14:51,1597045867,1597045836,31
2020/8/10 14:50,1597045807,1597045778,29
2020/8/10 14:49,1597045747,1597045709,38
2020/8/10 14:48,1597045687,1597045687,0
2020/8/10 14:47,1597045627,1597045615,12
2020/8/10 14:46,1597045567,1597045565,2
2020/8/10 14:45,1597045507,1597045494,13
2020/8/10 14:44,1597045447,1597045403,44
2020/8/10 14:43,1597045387,1597045301,86
2020/8/10 14:42,1597045327,1597045301,26
2020/8/10 14:41,1597045267,1597045260,7
2020/8/10 14:40,1597045207,1597045128,79
2020/8/10 14:39,1597045147,1597045128,19
2020/8/10 14:38,1597045087,1597045088,-1
2020/8/10 14:37,1597045027,1597045007,20
2020/8/10 14:36,1597044967,1597044893,74
2020/8/10 14:35,1597044907,1597044893,14
2020/8/10 14:34,1597044847,1597044792,55
2020/8/10 14:33,1597044787,1597044792,-5
2020/8/10 14:32,1597044727,1597044731,-4
2020/8/10 14:31,1597044667,1597044529,138
2020/8/10 14:30,1597044607,1597044529,78
2020/8/10 14:29,1597044547,1597044529,18
2020/8/10 14:28,1597044487,1597044365,122
2020/8/10 14:27,1597044427,1597044365,62
2020/8/10 14:26,1597044367,1597044365,2
2020/8/10 14:25,1597044307,1597044306,1
2020/8/10 14:24,1597044247,1597044224,23
2020/8/10 14:23,1597044187,1597044142,45
2020/8/10 14:22,1597044127,1597044082,45
2020/8/10 14:21,1597044067,1597044010,57
2020/8/10 14:20,1597044007,1597044010,-3
2020/8/10 14:19,1597043947,1597043919,28
2020/8/10 14:18,1597043887,1597043888,-1
2020/8/10 14:17,1597043827,1597043726,101
2020/8/10 14:16,1597043767,1597043726,41
2020/8/10 14:15,1597043707,1597043655,52
2020/8/10 14:14,1597043647,1597043634,13
2020/8/10 14:13,1597043587,1597043583,4
2020/8/10 14:12,1597043527,1597043505,22
2020/8/10 14:11,1597043467,1597043398,69
2020/8/10 14:10,1597043407,1597043398,9
2020/8/10 14:09,1597043347,1597043319,28
2020/8/10 14:08,1597043287,1597043187,100
2020/8/10 14:07,1597043228,1597043187,41
2020/8/10 14:06,1597043167,1597043055,112
2020/8/10 14:05,1597043107,1597043055,52
2020/8/10 14:04,1597043047,1597042983,64
2020/8/10 14:03,1597042987,1597042983,4
2020/8/10 14:02,1597042927,1597042872,55
2020/8/10 14:01,1597042867,1597042872,-5
2020/8/10 14:00,1597042807,1597042761,46
2020/8/10 13:59,1597042747,1597042750,-3
2020/8/10 13:58,1597042687,1597042685,2
2020/8/10 13:57,1597042627,1597042628,-1
2020/8/10 13:56,1597042567,1597042511,56
2020/8/10 13:55,1597042507,1597042511,-4
2020/8/10 13:54,1597042447,1597042447,0
2020/8/10 13:53,1597042387,1597042384,3
2020/8/10 13:52,1597042327,1597042326,1
2020/8/10 13:51,1597042267,1597042210,57
2020/8/10 13:50,1597042207,1597042210,-3
2020/8/10 13:49,1597042147,1597042093,54
2020/8/10 13:48,1597042087,1597042092,-5
2020/8/10 13:47,1597042027,1597041997,30
2020/8/10 13:46,1597041967,1597041930,37
2020/8/10 13:45,1597041907,1597041906,1
2020/8/10 13:44,1597041847,1597041844,3
2020/8/10 13:43,1597041787,1597041684,103
2020/8/10 13:42,1597041727,1597041684,43
2020/8/10 13:41,1597041667,1597041672,-5
2020/8/10 13:40,1597041607,1597041601,6
2020/8/10 13:39,1597041547,1597041523,24
2020/8/10 13:38,1597041487,1597041458,29
2020/8/10 13:37,1597041427,1597041398,29
2020/8/10 13:36,1597041367,1597041323,44
2020/8/10 13:35,1597041307,1597041303,4
2020/8/10 13:34,1597041247,1597041252,-5
2020/8/10 13:33,1597041187,1597041176,11
2020/8/10 13:32,1597041127,1597041049,78
2020/8/10 13:31,1597041067,1597041049,18
2020/8/10 13:30,1597041007,1597041008,-1
2020/8/10 13:29,1597040947,1597040951,-4
2020/8/10 13:28,1597040888,1597040885,3
2020/8/10 13:27,1597040827,1597040814,13
2020/8/10 13:26,1597040767,1597040743,24
2020/8/10 13:25,1597040707,1597040712,-5
2020/8/10 13:24,1597040647,1597040642,5
2020/8/10 13:23,1597040587,1597040581,6
2020/8/10 13:22,1597040527,1597040506,21
2020/8/10 13:21,1597040467,1597040469,-2
2020/8/10 13:20,1597040407,1597040384,23
2020/8/10 13:19,1597040347,1597040302,45
2020/8/10 13:18,1597040287,1597040291,-4
2020/8/10 13:17,1597040227,1597040231,-4
2020/8/10 13:16,1597040167,1597040040,127
2020/8/10 13:15,1597040107,1597040040,67
2020/8/10 13:14,1597040047,1597040040,7
2020/8/10 13:13,1597039987,1597039918,69
2020/8/10 13:12,1597039927,1597039918,9
2020/8/10 13:11,1597039867,1597039862,5
2020/8/10 13:10,1597039807,1597039792,15
2020/8/10 13:09,1597039747,1597039682,65
2020/8/10 13:08,1597039687,1597039682,5
2020/8/10 13:07,1597039627,1597039613,14
2020/8/10 13:06,1597039567,1597039561,6
2020/8/10 13:05,1597039507,1597039415,92
2020/8/10 13:04,1597039447,1597039415,32
2020/8/10 13:03,1597039387,1597039377,10
2020/8/10 13:02,1597039327,1597039276,51
2020/8/10 13:01,1597039267,1597039235,32
2020/8/10 13:00,1597039207,1597039184,23
2020/8/10 12:59,1597039147,1597039150,-3
2020/8/10 12:58,1597039088,1597039069,19
2020/8/10 12:57,1597039027,1597039004,23
2020/8/10 12:56,1597038967,1597038960,7
2020/8/10 12:55,1597038907,1597038894,13
2020/8/10 12:54,1597038847,1597038757,90
2020/8/10 12:53,1597038787,1597038757,30
2020/8/10 12:52,1597038727,1597038697,30
2020/8/10 12:51,1597038667,1597038668,-1
2020/8/10 12:50,1597038607,1597038567,40
2020/8/10 12:49,1597038547,1597038552,-5
2020/8/10 12:48,1597038487,1597038473,14
2020/8/10 12:47,1597038427,1597038380,47
2020/8/10 12:46,1597038367,1597038339,28
2020/8/10 12:45,1597038307,1597038288,19
2020/8/10 12:44,1597038247,1597038242,5
2020/8/10 12:43,1597038187,1597038176,11
2020/8/10 12:42,1597038127,1597038115,12
2020/8/10 12:41,1597038067,1597038063,4
2020/8/10 12:40,1597038007,1597038012,-5
2020/8/10 12:39,1597037947,1597037887,60
2020/8/10 12:38,1597037887,1597037887,0
2020/8/10 12:37,1597037827,1597037806,21
2020/8/10 12:36,1597037767,1597037765,2
2020/8/10 12:35,1597037707,1597037684,23
2020/8/10 12:34,1597037647,1597037643,4
2020/8/10 12:33,1597037587,1597037571,16
2020/8/10 12:32,1597037527,1597037447,80
2020/8/10 12:31,1597037467,1597037447,20
2020/8/10 12:30,1597037407,1597037406,1
2020/8/10 12:29,1597037347,1597037327,20
2020/8/10 12:28,1597037287,1597037270,17
2020/8/10 12:27,1597037227,1597037193,34
2020/8/10 12:26,1597037167,1597037111,56
2020/8/10 12:25,1597037107,1597037111,-4
2020/8/10 12:24,1597037047,1597037045,2
2020/8/10 12:23,1597036987,1597036902,85
2020/8/10 12:22,1597036927,1597036902,25
2020/8/10 12:21,1597036867,1597036870,-3
2020/8/10 12:20,1597036807,1597036687,120
2020/8/10 12:19,1597036747,1597036687,60
2020/8/10 12:18,1597036687,1597036687,0
2020/8/10 12:17,1597036627,1597036630,-3
2020/8/10 12:16,1597036567,1597036523,44
2020/8/10 12:15,1597036507,1597036479,28
2020/8/10 12:14,1597036447,1597036367,80
2020/8/10 12:13,1597036387,1597036367,20
2020/8/10 12:12,1597036327,1597036323,4
2020/8/10 12:11,1597036267,1597036265,2
2020/8/10 12:10,1597036207,1597036194,13
2020/8/10 12:09,1597036147,1597036112,35
2020/8/10 12:08,1597036087,1597036071,16
2020/8/10 12:07,1597036027,1597036020,7
2020/8/10 12:06,1597035967,1597035929,38
2020/8/10 12:05,1597035908,1597035911,-3
2020/8/10 12:04,1597035847,1597035806,41
2020/8/10 12:03,1597035787,1597035765,22
2020/8/10 12:02,1597035727,1597035682,45
2020/8/10 12:01,1597035667,1597035669,-2
2020/8/10 12:00,1597035607,1597035610,-3
2020/8/10 11:59,1597035547,1597035530,17
2020/8/10 11:58,1597035487,1597035457,30
2020/8/10 11:57,1597035427,1597035397,30
2020/8/10 11:56,1597035367,1597035356,11
2020/8/10 11:55,1597035307,1597035292,15
2020/8/10 11:54,1597035247,1597035249,-2
2020/8/10 11:53,1597035187,1597035184,3
2020/8/10 11:52,1597035127,1597035031,96
2020/8/10 11:51,1597035067,1597035031,36
2020/8/10 11:50,1597035007,1597035001,6
2020/8/10 11:49,1597034947,1597034950,-3
2020/8/10 11:48,1597034887,1597034868,19
2020/8/10 11:47,1597034827,1597034818,9
2020/8/10 11:46,1597034767,1597034736,31
2020/8/10 11:45,1597034707,1597034675,32
2020/8/10 11:44,1597034647,1597034650,-3
2020/8/10 11:43,1597034587,1597034563,24
2020/8/10 11:42,1597034527,1597034502,25
2020/8/10 11:41,1597034467,1597034460,7
2020/8/10 11:40,1597034407,1597034388,19
2020/8/10 11:39,1597034347,1597034334,13
2020/8/10 11:38,1597034287,1597034283,4
2020/8/10 11:37,1597034227,1597034222,5
2020/8/10 11:36,1597034167,1597034160,7
2020/8/10 11:35,1597034107,1597034067,40
2020/8/10 11:34,1597034047,1597033999,48
2020/8/10 11:33,1597033987,1597033989,-2
2020/8/10 11:32,1597033927,1597033930,-3
2020/8/10 11:31,1597033867,1597033831,36
2020/8/10 11:30,1597033807,1597033668,139
2020/8/10 11:29,1597033747,1597033668,79
2020/8/10 11:28,1597033687,1597033668,19
2020/8/10 11:27,1597033627,1597033628,-1
2020/8/10 11:26,1597033567,1597033556,11
2020/8/10 11:25,1597033507,1597033495,12
2020/8/10 11:24,1597033447,1597033403,44
2020/8/10 11:23,1597033387,1597033356,31
2020/8/10 11:22,1597033327,1597033300,27
2020/8/10 11:21,1597033267,1597033260,7
2020/8/10 11:20,1597033207,1597033177,30
2020/8/10 11:19,1597033147,1597033124,23
2020/8/10 11:18,1597033087,1597033075,12
2020/8/10 11:17,1597033027,1597032972,55
2020/8/10 11:16,1597032967,1597032972,-5
2020/8/10 11:15,1597032907,1597032882,25
2020/8/10 11:14,1597032847,1597032808,39
2020/8/10 11:13,1597032787,1597032787,0
2020/8/10 11:12,1597032727,1597032706,21
2020/8/10 11:11,1597032667,1597032658,9
2020/8/10 11:10,1597032607,1597032572,35
2020/8/10 11:09,1597032547,1597032521,26
2020/8/10 11:08,1597032487,1597032449,38
2020/8/10 11:07,1597032427,1597032418,9
2020/8/10 11:06,1597032367,1597032337,30
2020/8/10 11:05,1597032307,1597032276,31
2020/8/10 11:04,1597032247,1597032213,34
2020/8/10 11:03,1597032187,1597032138,49
2020/8/10 11:02,1597032127,1597032125,2
2020/8/10 11:01,1597032067,1597032060,7
2020/8/10 11:00,1597032007,1597031982,25
2020/8/10 10:59,1597031947,1597031941,6
2020/8/10 10:58,1597031887,1597031859,28
2020/8/10 10:57,1597031827,1597031767,60
2020/8/10 10:56,1597031767,1597031767,0
2020/8/10 10:55,1597031707,1597031666,41
2020/8/10 10:54,1597031647,1597031594,53
2020/8/10 10:53,1597031587,1597031564,23
2020/8/10 10:52,1597031527,1597031476,51
2020/8/10 10:51,1597031467,1597031441,26
2020/8/10 10:50,1597031407,1597031400,7
2020/8/10 10:49,1597031347,1597031330,17
2020/8/10 10:48,1597031287,1597031248,39
2020/8/10 10:47,1597031227,1597031226,1
2020/8/10 10:46,1597031167,1597031161,6
2020/8/10 10:45,1597031107,1597031095,12
2020/8/10 10:44,1597031047,1597031035,12
2020/8/10 10:43,1597030987,1597030991,-4
2020/8/10 10:42,1597030927,1597030921,6
2020/8/10 10:41,1597030867,1597030849,18
2020/8/10 10:40,1597030807,1597030786,21
2020/8/10 10:39,1597030747,1597030695,52
2020/8/10 10:38,1597030687,1597030644,43
2020/8/10 10:37,1597030627,1597030593,34
2020/8/10 10:36,1597030567,1597030546,21
2020/8/10 10:35,1597030507,1597030510,-3
2020/8/10 10:34,1597030447,1597030451,-4
2020/8/10 10:33,1597030387,1597030370,17
2020/8/10 10:32,1597030327,1597030288,39
2020/8/10 10:31,1597030267,1597030155,112
2020/8/10 10:30,1597030207,1597030155,52
2020/8/10 10:29,1597030147,1597030099,48
2020/8/10 10:28,1597030087,1597030092,-5
2020/8/10 10:27,1597030027,1597029952,75
2020/8/10 10:26,1597029967,1597029952,15
2020/8/10 10:25,1597029907,1597029871,36
2020/8/10 10:24,1597029847,1597029718,129
2020/8/10 10:23,1597029787,1597029718,69
2020/8/10 10:22,1597029727,1597029718,9
2020/8/10 10:21,1597029667,1597029667,0
2020/8/10 10:20,1597029607,1597029501,106
2020/8/10 10:19,1597029547,1597029501,46
2020/8/10 10:18,1597029487,1597029470,17
2020/8/10 10:17,1597029427,1597029409,18
2020/8/10 10:16,1597029367,1597029350,17
2020/8/10 10:15,1597029307,1597029231,76
2020/8/10 10:14,1597029247,1597029231,16
2020/8/10 10:13,1597029187,1597029187,0
2020/8/10 10:12,1597029127,1597029114,13
2020/8/10 10:11,1597029067,1597029032,35
2020/8/10 10:10,1597029007,1597028969,38
2020/8/10 10:09,1597028947,1597028927,20
2020/8/10 10:08,1597028887,1597028875,12
2020/8/10 10:07,1597028827,1597028813,14
2020/8/10 10:06,1597028767,1597028733,34
2020/8/10 10:05,1597028707,1597028684,23
2020/8/10 10:04,1597028647,1597028641,6
2020/8/10 10:03,1597028587,1597028585,2
2020/8/10 10:02,1597028527,1597028477,50
2020/8/10 10:01,1597028467,1597028406,61
2020/8/10 10:00,1597028407,1597028406,1
2020/8/10 09:59,1597028347,1597028233,114
2020/8/10 09:58,1597028287,1597028233,54
2020/8/10 09:57,1597028227,1597028212,15
2020/8/10 09:56,1597028167,1597028164,3
2020/8/10 09:55,1597028108,1597028100,8
2020/8/10 09:54,1597028047,1597027968,79
2020/8/10 09:53,1597027987,1597027968,19
2020/8/10 09:52,1597027927,1597027843,84
2020/8/10 09:51,1597027867,1597027843,24
2020/8/10 09:50,1597027807,1597027791,16
2020/8/10 09:49,1597027747,1597027731,16
2020/8/10 09:48,1597027687,1597027692,-5
2020/8/10 09:47,1597027627,1597027629,-2
2020/8/10 09:46,1597027567,1597027537,30
2020/8/10 09:45,1597027507,1597027509,-2
2020/8/10 09:44,1597027447,1597027426,21
2020/8/10 09:43,1597027387,1597027365,22
2020/8/10 09:42,1597027327,1597027273,54
2020/8/10 09:41,1597027267,1597027263,4
2020/8/10 09:40,1597027207,1597027181,26
2020/8/10 09:39,1597027147,1597027149,-2
2020/8/10 09:38,1597027087,1597027089,-2
2020/8/10 09:37,1597027027,1597027012,15
2020/8/10 09:36,1597026967,1597026941,26
2020/8/10 09:35,1597026907,1597026889,18
2020/8/10 09:34,1597026847,1597026851,-4
2020/8/10 09:33,1597026787,1597026785,2
2020/8/10 09:32,1597026727,1597026652,75
2020/8/10 09:31,1597026667,1597026652,15
2020/8/10 09:30,1597026607,1597026612,-5
2020/8/10 09:29,1597026547,1597026525,22
2020/8/10 09:28,1597026487,1597026469,18
2020/8/10 09:27,1597026427,1597026426,1
2020/8/10 09:26,1597026367,1597026359,8
2020/8/10 09:25,1597026307,1597026312,-5
2020/8/10 09:24,1597026247,1597026200,47
2020/8/10 09:23,1597026187,1597026161,26
2020/8/10 09:22,1597026127,1597026038,89
2020/8/10 09:21,1597026067,1597026038,29
2020/8/10 09:20,1597026007,1597025987,20
2020/8/10 09:19,1597025947,1597025933,14
2020/8/10 09:18,1597025887,1597025889,-2
2020/8/10 09:17,1597025827,1597025796,31
2020/8/10 09:16,1597025767,1597025752,15
2020/8/10 09:15,1597025707,1597025696,11
2020/8/10 09:14,1597025647,1597025652,-5
2020/8/10 09:13,1597025587,1597025582,5
2020/8/10 09:12,1597025527,1597025458,69
2020/8/10 09:11,1597025467,1597025458,9
2020/8/10 09:10,1597025407,1597025411,-4
2020/8/10 09:09,1597025347,1597025345,2
2020/8/10 09:08,1597025287,1597025280,7
2020/8/10 09:07,1597025227,1597025231,-4
2020/8/10 09:06,1597025167,1597025123,44
2020/8/10 09:05,1597025107,1597025028,79
2020/8/10 09:04,1597025047,1597025028,19
2020/8/10 09:03,1597024987,1597024966,21
2020/8/10 09:02,1597024927,1597024920,7
2020/8/10 09:01,1597024867,1597024864,3
2020/8/10 09:00,1597024807,1597024806,1
2020/8/10 08:59,1597024747,1597024686,61
2020/8/10 08:58,1597024687,1597024686,1
2020/8/10 08:57,1597024627,1597024589,38
2020/8/10 08:56,1597024567,1597024544,23
2020/8/10 08:55,1597024507,1597024485,22
2020/8/10 08:54,1597024447,1597024424,23
2020/8/10 08:53,1597024387,1597024384,3
2020/8/10 08:52,1597024327,1597024303,24
2020/8/10 08:51,1597024267,1597024262,5
2020/8/10 08:50,1597024207,1597024212,-5
2020/8/10 08:49,1597024147,1597024152,-5
2020/8/10 08:48,1597024088,1597024092,-4
2020/8/10 08:47,1597024027,1597024027,0
2020/8/10 08:46,1597023967,1597023967,0
2020/8/10 08:45,1597023907,1597023896,11
2020/8/10 08:44,1597023847,1597023789,58
2020/8/10 08:43,1597023787,1597023789,-2
2020/8/10 08:42,1597023727,1597023715,12
2020/8/10 08:41,1597023667,1597023651,16
2020/8/10 08:40,1597023607,1597023610,-3
2020/8/10 08:39,1597023547,1597023549,-2
2020/8/10 08:38,1597023487,1597023488,-1
2020/8/10 08:37,1597023427,1597023407,20
2020/8/10 08:36,1597023367,1597023363,4
2020/8/10 08:35,1597023307,1597023279,28
2020/8/10 08:34,1597023247,1597023252,-5
2020/8/10 08:33,1597023187,1597023106,81
2020/8/10 08:32,1597023127,1597023106,21
2020/8/10 08:31,1597023067,1597023003,64
2020/8/10 08:30,1597023007,1597023003,4
2020/8/10 08:29,1597022947,1597022942,5
2020/8/10 08:28,1597022887,1597022871,16
2020/8/10 08:27,1597022827,1597022819,8
2020/8/10 08:26,1597022767,1597022768,-1
2020/8/10 08:25,1597022707,1597022702,5
2020/8/10 08:24,1597022647,1597022616,31
2020/8/10 08:23,1597022587,1597022576,11
2020/8/10 08:22,1597022527,1597022493,34
2020/8/10 08:21,1597022467,1597022442,25
2020/8/10 08:20,1597022407,1597022391,16
2020/8/10 08:19,1597022347,1597022330,17
2020/8/10 08:18,1597022287,1597022238,49
2020/8/10 08:17,1597022227,1597022125,102
2020/8/10 08:16,1597022167,1597022125,42
2020/8/10 08:15,1597022108,1597022033,75
2020/8/10 08:14,1597022047,1597022033,14
2020/8/10 08:13,1597021987,1597021982,5
2020/8/10 08:12,1597021927,1597021931,-4
2020/8/10 08:11,1597021867,1597021800,67
2020/8/10 08:10,1597021807,1597021800,7
2020/8/10 08:09,1597021747,1597021726,21
2020/8/10 08:08,1597021687,1597021687,0
2020/8/10 08:07,1597021627,1597021628,-1
2020/8/10 08:06,1597021567,1597021533,34
2020/8/10 08:05,1597021507,1597021487,20
2020/8/10 08:04,1597021447,1597021401,46
2020/8/10 08:03,1597021387,1597021371,16
2020/8/10 08:02,1597021328,1597021299,29
2020/8/10 08:01,1597021267,1597021248,19
2020/8/10 08:00,1597021207,1597021187,20
2020/8/10 07:59,1597021147,1597021075,72
2020/8/10 07:58,1597021087,1597021075,12
2020/8/10 07:57,1597021027,1597020962,65
2020/8/10 07:56,1597020967,1597020962,5
2020/8/10 07:55,1597020907,1597020911,-4
2020/8/10 07:54,1597020847,1597020810,37
2020/8/10 07:53,1597020787,1597020729,58
2020/8/10 07:52,1597020727,1597020729,-2
2020/8/10 07:51,1597020667,1597020670,-3
2020/8/10 07:50,1597020607,1597020598,9
2020/8/10 07:49,1597020547,1597020531,16
2020/8/10 07:48,1597020487,1597020452,35
2020/8/10 07:47,1597020427,1597020407,20
2020/8/10 07:46,1597020367,1597020338,29
2020/8/10 07:45,1597020307,1597020305,2
2020/8/10 07:44,1597020247,1597020226,21
2020/8/10 07:43,1597020187,1597020184,3
2020/8/10 07:42,1597020127,1597020114,13
2020/8/10 07:41,1597020067,1597020060,7
2020/8/10 07:40,1597020007,1597019999,8
2020/8/10 07:39,1597019947,1597019951,-4
2020/8/10 07:38,1597019887,1597019864,23
2020/8/10 07:37,1597019828,1597019832,-4
2020/8/10 07:36,1597019767,1597019764,3
2020/8/10 07:35,1597019707,1597019681,26
2020/8/10 07:34,1597019647,1597019650,-3
2020/8/10 07:33,1597019587,1597019590,-3
2020/8/10 07:32,1597019527,1597019513,14
2020/8/10 07:31,1597019467,1597019471,-4
2020/8/10 07:30,1597019407,1597019397,10
2020/8/10 07:29,1597019347,1597019344,3
2020/8/10 07:28,1597019287,1597019285,2
2020/8/10 07:27,1597019227,1597019203,24
2020/8/10 07:26,1597019167,1597019152,15
2020/8/10 07:25,1597019107,1597019106,1
2020/8/10 07:24,1597019047,1597019010,37
2020/8/10 07:23,1597018987,1597018989,-2
2020/8/10 07:22,1597018927,1597018888,39
2020/8/10 07:21,1597018867,1597018872,-5
2020/8/10 07:20,1597018807,1597018796,11
2020/8/10 07:19,1597018747,1597018732,15
2020/8/10 07:18,1597018687,1597018654,33
2020/8/10 07:17,1597018627,1597018611,16
2020/8/10 07:16,1597018567,1597018558,9
2020/8/10 07:15,1597018507,1597018512,-5
2020/8/10 07:14,1597018447,1597018352,95
2020/8/10 07:13,1597018387,1597018352,35
2020/8/10 07:12,1597018327,1597018144,183
2020/8/10 07:11,1597018267,1597018144,123
2020/8/10 07:10,1597018207,1597018144,63
2020/8/10 07:09,1597018147,1597018144,3
2020/8/10 07:08,1597018087,1597017373,714
2020/8/10 07:07,1597018027,1597017373,654
2020/8/10 07:06,1597017967,1597017373,594
2020/8/10 07:05,1597017907,1597017373,534
2020/8/10 07:04,1597017847,1597017373,474
2020/8/10 07:03,1597017787,1597017373,414
2020/8/10 07:02,1597017727,1597017373,354
2020/8/10 07:01,1597017667,1597017373,294
2020/8/10 07:00,1597017607,1597017373,234
2020/8/10 06:59,1597017547,1597017373,174
2020/8/10 06:58,1597017487,1597017373,114
2020/8/10 06:57,1597017427,1597017373,54
2020/8/10 06:56,1597017367,1597017372,-5
2020/8/10 06:55,1597017307,1597017203,104
2020/8/10 06:54,1597017247,1597017203,44
2020/8/10 06:53,1597017187,1597017064,123
2020/8/10 06:52,1597017127,1597017064,63
2020/8/10 06:51,1597017067,1597017064,3
2020/8/10 06:50,1597017007,1597016999,8
2020/8/10 06:49,1597016947,1597016920,27
2020/8/10 06:48,1597016887,1597016887,0
2020/8/10 06:47,1597016827,1597016806,21
2020/8/10 06:46,1597016767,1597016766,1
2020/8/10 06:45,1597016707,1597016710,-3
2020/8/10 06:44,1597016647,1597016624,23
2020/8/10 06:43,1597016587,1597016583,4
2020/8/10 06:42,1597016527,1597016481,46
2020/8/10 06:41,1597016467,1597016430,37
2020/8/10 06:40,1597016407,1597016371,36
2020/8/10 06:39,1597016347,1597016349,-2
2020/8/10 06:38,1597016287,1597016287,0
2020/8/10 06:37,1597016227,1597016227,0
2020/8/10 06:36,1597016167,1597016115,52
2020/8/10 06:35,1597016107,1597016075,32
2020/8/10 06:34,1597016047,1597016047,0
2020/8/10 06:33,1597015987,1597015981,6
2020/8/10 06:32,1597015927,1597015836,91
2020/8/10 06:31,1597015867,1597015836,31
2020/8/10 06:30,1597015807,1597015799,8
2020/8/10 06:29,1597015747,1597015731,16
2020/8/10 06:28,1597015687,1597015689,-2
2020/8/10 06:27,1597015627,1597015627,0
2020/8/10 06:26,1597015567,1597015556,11
2020/8/10 06:25,1597015507,1597015475,32
2020/8/10 06:24,1597015447,1597015435,12
2020/8/10 06:23,1597015387,1597015353,34
2020/8/10 06:22,1597015327,1597015320,7
2020/8/10 06:21,1597015267,1597015271,-4
2020/8/10 06:20,1597015207,1597015211,-4
2020/8/10 06:19,1597015147,1597015109,38
2020/8/10 06:18,1597015087,1597015058,29
2020/8/10 06:17,1597015027,1597014966,61
2020/8/10 06:16,1597014967,1597014966,1
2020/8/10 06:15,1597014907,1597014898,9
2020/8/10 06:14,1597014847,1597014743,104
2020/8/10 06:13,1597014787,1597014743,44
2020/8/10 06:12,1597014727,1597014702,25
2020/8/10 06:11,1597014667,1597014671,-4
2020/8/10 06:10,1597014607,1597014571,36
2020/8/10 06:09,1597014547,1597014552,-5
2020/8/10 06:08,1597014487,1597014487,0
2020/8/10 06:07,1597014427,1597014397,30
2020/8/10 06:06,1597014367,1597014346,21
2020/8/10 06:05,1597014307,1597014305,2
2020/8/10 06:04,1597014247,1597014234,13
2020/8/10 06:03,1597014187,1597014183,4
2020/8/10 06:02,1597014127,1597014131,-4
2020/8/10 06:01,1597014067,1597014051,16
2020/8/10 06:00,1597014007,1597013934,73
2020/8/10 05:59,1597013947,1597013934,13
2020/8/10 05:58,1597013887,1597013892,-5
2020/8/10 05:57,1597013827,1597013831,-4
2020/8/10 05:56,1597013767,1597013725,42
2020/8/10 05:55,1597013707,1597013663,44
2020/8/10 05:54,1597013647,1597013613,34
2020/8/10 05:53,1597013587,1597013568,19
2020/8/10 05:52,1597013527,1597013531,-4
2020/8/10 05:51,1597013467,1597013460,7
2020/8/10 05:50,1597013407,1597013396,11
2020/8/10 05:49,1597013347,1597013317,30
2020/8/10 05:48,1597013288,1597013238,50
2020/8/10 05:47,1597013227,1597013226,1
2020/8/10 05:46,1597013167,1597013143,24
2020/8/10 05:45,1597013107,1597013041,66
2020/8/10 05:44,1597013047,1597013041,6
2020/8/10 05:43,1597012987,1597012979,8
2020/8/10 05:42,1597012927,1597012923,4
2020/8/10 05:41,1597012867,1597012785,82
2020/8/10 05:40,1597012807,1597012785,22
2020/8/10 05:39,1597012747,1597012734,13
2020/8/10 05:38,1597012687,1597012655,32
2020/8/10 05:37,1597012627,1597012632,-5
2020/8/10 05:36,1597012567,1597012561,6
2020/8/10 05:35,1597012507,1597012488,19
2020/8/10 05:34,1597012447,1597012418,29
2020/8/10 05:33,1597012387,1597012374,13
2020/8/10 05:32,1597012327,1597012294,33
2020/8/10 05:31,1597012267,1597012262,5
2020/8/10 05:30,1597012207,1597012212,-5
2020/8/10 05:29,1597012147,1597012117,30
2020/8/10 05:28,1597012087,1597012092,-5
2020/8/10 05:27,1597012027,1597011993,34
2020/8/10 05:26,1597011968,1597011970,-2
2020/8/10 05:25,1597011907,1597011884,23
2020/8/10 05:24,1597011847,1597011797,50
2020/8/10 05:23,1597011787,1597011777,10
2020/8/10 05:22,1597011727,1597011711,16
2020/8/10 05:21,1597011667,1597011658,9
2020/8/10 05:20,1597011607,1597011554,53
2020/8/10 05:19,1597011547,1597011469,78
2020/8/10 05:18,1597011487,1597011469,18
2020/8/10 05:17,1597011427,1597011431,-4
2020/8/10 05:16,1597011367,1597011349,18
2020/8/10 05:15,1597011307,1597011297,10
2020/8/10 05:14,1597011247,1597011242,5
2020/8/10 05:13,1597011187,1597011163,24
2020/8/10 05:12,1597011127,1597011102,25
2020/8/10 05:11,1597011067,1597011041,26
2020/8/10 05:10,1597011007,1597011010,-3
2020/8/10 05:09,1597010947,1597010947,0
2020/8/10 05:08,1597010887,1597010875,12
2020/8/10 05:07,1597010827,1597010817,10
2020/8/10 05:06,1597010768,1597010726,42
2020/8/10 05:05,1597010707,1597010695,12
2020/8/10 05:04,1597010647,1597010613,34
2020/8/10 05:03,1597010587,1597010584,3
2020/8/10 05:02,1597010527,1597010530,-3
2020/8/10 05:01,1597010467,1597010420,47
2020/8/10 05:00,1597010407,1597010368,39
2020/8/10 04:59,1597010347,1597010342,5
2020/8/10 04:58,1597010287,1597010276,11
2020/8/10 04:57,1597010227,1597010185,42
2020/8/10 04:56,1597010167,1597010161,6
2020/8/10 04:55,1597010107,1597010088,19
2020/8/10 04:54,1597010047,1597010032,15
2020/8/10 04:53,1597009987,1597009992,-5
2020/8/10 04:52,1597009927,1597009924,3
2020/8/10 04:51,1597009867,1597009849,18
2020/8/10 04:50,1597009807,1597009765,42
2020/8/10 04:49,1597009747,1597009693,54
2020/8/10 04:48,1597009687,1597009602,85
2020/8/10 04:47,1597009627,1597009602,25
2020/8/10 04:46,1597009567,1597009490,77
2020/8/10 04:45,1597009507,1597009490,17
2020/8/10 04:44,1597009447,1597009398,49
2020/8/10 04:43,1597009387,1597009327,60
2020/8/10 04:42,1597009327,1597009327,0
2020/8/10 04:41,1597009267,1597009224,43
2020/8/10 04:40,1597009207,1597009174,33
2020/8/10 04:39,1597009147,1597009125,22
2020/8/10 04:38,1597009087,1597009062,25
2020/8/10 04:37,1597009027,1597008989,38
2020/8/10 04:36,1597008967,1597008876,91
2020/8/10 04:35,1597008907,1597008876,31
2020/8/10 04:34,1597008847,1597008851,-4
2020/8/10 04:33,1597008787,1597008784,3
2020/8/10 04:32,1597008727,1597008730,-3
2020/8/10 04:31,1597008667,1597008666,1
2020/8/10 04:30,1597008607,1597008560,47
2020/8/10 04:29,1597008547,1597008552,-5
2020/8/10 04:28,1597008487,1597008479,8
2020/8/10 04:27,1597008427,1597008387,40
2020/8/10 04:26,1597008367,1597008244,123
2020/8/10 04:25,1597008307,1597008244,63
2020/8/10 04:24,1597008247,1597008244,3
2020/8/10 04:23,1597008187,1597008183,4
2020/8/10 04:22,1597008127,1597008020,107
2020/8/10 04:21,1597008067,1597008020,47
2020/8/10 04:20,1597008007,1597008003,4
2020/8/10 04:19,1597007947,1597007918,29
2020/8/10 04:18,1597007887,1597007805,82
2020/8/10 04:17,1597007827,1597007805,22
2020/8/10 04:16,1597007767,1597007745,22
2020/8/10 04:15,1597007707,1597007662,45
2020/8/10 04:14,1597007647,1597007602,45
2020/8/10 04:13,1597007587,1597007562,25
2020/8/10 04:12,1597007527,1597007532,-5
2020/8/10 04:11,1597007467,1597007460,7
2020/8/10 04:10,1597007407,1597007410,-3
2020/8/10 04:09,1597007347,1597007308,39
2020/8/10 04:08,1597007287,1597007277,10
2020/8/10 04:07,1597007227,1597007229,-2
2020/8/10 04:06,1597007167,1597007165,2
2020/8/10 04:05,1597007107,1597007063,44
2020/8/10 04:04,1597007047,1597007032,15
2020/8/10 04:03,1597006987,1597006942,45
2020/8/10 04:02,1597006927,1597006859,68
2020/8/10 04:01,1597006867,1597006859,8
2020/8/10 04:00,1597006807,1597006793,14
2020/8/10 03:59,1597006747,1597006747,0
2020/8/10 03:58,1597006687,1597006690,-3
2020/8/10 03:57,1597006627,1597006623,4
2020/8/10 03:56,1597006567,1597006546,21
2020/8/10 03:55,1597006508,1597006430,78
2020/8/10 03:54,1597006447,1597006430,17
2020/8/10 03:53,1597006387,1597006338,49
2020/8/10 03:52,1597006327,1597006267,60
2020/8/10 03:51,1597006267,1597006267,0
2020/8/10 03:50,1597006207,1597006134,73
2020/8/10 03:49,1597006147,1597006134,13
2020/8/10 03:48,1597006087,1597006062,25
2020/8/10 03:47,1597006027,1597005963,64
2020/8/10 03:46,1597005967,1597005963,4
2020/8/10 03:45,1597005907,1597005900,7
2020/8/10 03:44,1597005847,1597005848,-1
2020/8/10 03:43,1597005787,1597005787,0
2020/8/10 03:42,1597005727,1597005726,1
2020/8/10 03:41,1597005667,1597005666,1
2020/8/10 03:40,1597005607,1597005603,4
2020/8/10 03:39,1597005547,1597005529,18
2020/8/10 03:38,1597005487,1597005449,38
2020/8/10 03:37,1597005427,1597005358,69
2020/8/10 03:36,1597005367,1597005358,9
2020/8/10 03:35,1597005307,1597005266,41
2020/8/10 03:34,1597005247,1597005246,1
2020/8/10 03:33,1597005187,1597005175,12
2020/8/10 03:32,1597005127,1597005111,16
2020/8/10 03:31,1597005067,1597005068,-1
2020/8/10 03:30,1597005007,1597004971,36
2020/8/10 03:29,1597004947,1597004868,79
2020/8/10 03:28,1597004887,1597004868,19
2020/8/10 03:27,1597004827,1597004736,91
2020/8/10 03:26,1597004767,1597004736,31
2020/8/10 03:25,1597004707,1597004710,-3
2020/8/10 03:24,1597004647,1597004613,34
2020/8/10 03:23,1597004587,1597004562,25
2020/8/10 03:22,1597004527,1597004501,26
2020/8/10 03:21,1597004467,1597004440,27
2020/8/10 03:20,1597004407,1597004399,8
2020/8/10 03:19,1597004347,1597004345,2
2020/8/10 03:18,1597004287,1597004287,0
2020/8/10 03:17,1597004227,1597004206,21
2020/8/10 03:16,1597004167,1597004160,7
2020/8/10 03:15,1597004107,1597004064,43
2020/8/10 03:14,1597004047,1597004012,35
2020/8/10 03:13,1597003987,1597003972,15
2020/8/10 03:12,1597003927,1597003891,36
2020/8/10 03:11,1597003867,1597003829,38
2020/8/10 03:10,1597003807,1597003737,70
2020/8/10 03:09,1597003747,1597003737,10
2020/8/10 03:08,1597003687,1597003604,83
2020/8/10 03:07,1597003627,1597003604,23
2020/8/10 03:06,1597003567,1597003533,34
2020/8/10 03:05,1597003507,1597003493,14
2020/8/10 03:04,1597003447,1597003389,58
2020/8/10 03:03,1597003387,1597003389,-2
2020/8/10 03:02,1597003327,1597003332,-5
2020/8/10 03:01,1597003267,1597003258,9
2020/8/10 03:00,1597003207,1597003187,20
2020/8/10 02:59,1597003147,1597003146,1
2020/8/10 02:58,1597003087,1597003054,33
2020/8/10 02:57,1597003027,1597002996,31
2020/8/10 02:56,1597002967,1597002914,53
2020/8/10 02:55,1597002907,1597002901,6
2020/8/10 02:54,1597002847,1597002820,27
2020/8/10 02:53,1597002787,1597002717,70
2020/8/10 02:52,1597002727,1597002717,10
2020/8/10 02:51,1597002667,1597002603,64
2020/8/10 02:50,1597002607,1597002603,4
2020/8/10 02:49,1597002547,1597002496,51
2020/8/10 02:48,1597002487,1597002487,0
2020/8/10 02:47,1597002427,1597002421,6
2020/8/10 02:46,1597002367,1597002350,17
2020/8/10 02:45,1597002307,1597002303,4
2020/8/10 02:44,1597002247,1597002251,-4
2020/8/10 02:43,1597002187,1597002126,61
2020/8/10 02:42,1597002127,1597002126,1
2020/8/10 02:41,1597002067,1597002013,54
2020/8/10 02:40,1597002007,1597001972,35
2020/8/10 02:39,1597001947,1597001890,57
2020/8/10 02:38,1597001887,1597001890,-3
2020/8/10 02:37,1597001827,1597001810,17
2020/8/10 02:36,1597001767,1597001746,21
2020/8/10 02:35,1597001707,1597001620,87
2020/8/10 02:34,1597001648,1597001620,28
2020/8/10 02:33,1597001587,1597001531,56
2020/8/10 02:32,1597001527,1597001531,-4
2020/8/10 02:31,1597001467,1597001471,-4
2020/8/10 02:30,1597001407,1597001368,39
2020/8/10 02:29,1597001347,1597001324,23
2020/8/10 02:28,1597001287,1597001236,51
2020/8/10 02:27,1597001227,1597001143,84
2020/8/10 02:26,1597001167,1597001143,24
2020/8/10 02:25,1597001107,1597001061,46
2020/8/10 02:24,1597001047,1597001051,-4
2020/8/10 02:23,1597000987,1597000967,20
2020/8/10 02:22,1597000927,1597000928,-1
2020/8/10 02:21,1597000867,1597000795,72
2020/8/10 02:20,1597000807,1597000795,12
2020/8/10 02:19,1597000747,1597000734,13
2020/8/10 02:18,1597000687,1597000690,-3
2020/8/10 02:17,1597000627,1597000622,5
2020/8/10 02:16,1597000567,1597000561,6
2020/8/10 02:15,1597000507,1597000489,18
2020/8/10 02:14,1597000447,1597000429,18
2020/8/10 02:13,1597000387,1597000380,7
2020/8/10 02:12,1597000327,1597000295,32
2020/8/10 02:11,1597000267,1597000224,43
2020/8/10 02:10,1597000207,1597000183,24
2020/8/10 02:09,1597000147,1597000143,4
2020/8/10 02:08,1597000087,1597000091,-4
2020/8/10 02:07,1597000027,1597000031,-4
2020/8/10 02:06,1596999967,1596999969,-2
2020/8/10 02:05,1596999907,1596999877,30
2020/8/10 02:04,1596999847,1596999826,21
2020/8/10 02:03,1596999787,1596999781,6
2020/8/10 02:02,1596999727,1596999703,24
2020/8/10 02:01,1596999667,1596999652,15
2020/8/10 02:00,1596999607,1596999540,67
2020/8/10 01:59,1596999547,1596999540,7
2020/8/10 01:58,1596999487,1596999468,19
2020/8/10 01:57,1596999427,1596999407,20
2020/8/10 01:56,1596999367,1596999371,-4
2020/8/10 01:55,1596999307,1596999294,13
2020/8/10 01:54,1596999247,1596999197,50
2020/8/10 01:53,1596999187,1596999184,3
2020/8/10 01:52,1596999127,1596999050,77
2020/8/10 01:51,1596999067,1596999050,17
2020/8/10 01:50,1596999007,1596999005,2
2020/8/10 01:49,1596998947,1596998950,-3
2020/8/10 01:48,1596998887,1596998866,21
2020/8/10 01:47,1596998827,1596998804,23
2020/8/10 01:46,1596998767,1596998702,65
2020/8/10 01:45,1596998707,1596998702,5
2020/8/10 01:44,1596998647,1596998589,58
2020/8/10 01:43,1596998587,1596998589,-2
2020/8/10 01:42,1596998527,1596998528,-1
2020/8/10 01:41,1596998467,1596998426,41
2020/8/10 01:40,1596998407,1596998375,32
2020/8/10 01:39,1596998347,1596998328,19
2020/8/10 01:38,1596998287,1596998270,17
2020/8/10 01:37,1596998227,1596998228,-1
2020/8/10 01:36,1596998167,1596998168,-1
2020/8/10 01:35,1596998107,1596998089,18
2020/8/10 01:34,1596998047,1596998048,-1
2020/8/10 01:33,1596997987,1596997959,28
2020/8/10 01:32,1596997927,1596997892,35
2020/8/10 01:31,1596997867,1596997854,13
2020/8/10 01:30,1596997807,1596997800,7
2020/8/10 01:29,1596997747,1596997701,46
2020/8/10 01:28,1596997687,1596997650,37
2020/8/10 01:27,1596997627,1596997624,3
2020/8/10 01:26,1596997567,1596997546,21
2020/8/10 01:25,1596997507,1596997509,-2
2020/8/10 01:24,1596997447,1596997425,22
2020/8/10 01:23,1596997387,1596997374,13
2020/8/10 01:22,1596997327,1596997282,45
2020/8/10 01:21,1596997267,1596997180,87
2020/8/10 01:20,1596997207,1596997180,27
2020/8/10 01:19,1596997147,1596997144,3
2020/8/10 01:18,1596997087,1596997067,20
2020/8/10 01:17,1596997027,1596996986,41
2020/8/10 01:16,1596996967,1596996928,39
2020/8/10 01:15,1596996907,1596996853,54
2020/8/10 01:14,1596996847,1596996836,11
2020/8/10 01:13,1596996787,1596996741,46
2020/8/10 01:12,1596996727,1596996720,7
2020/8/10 01:11,1596996667,1596996635,32
2020/8/10 01:10,1596996607,1596996568,39
2020/8/10 01:09,1596996547,1596996508,39
2020/8/10 01:08,1596996487,1596996455,32
2020/8/10 01:07,1596996427,1596996394,33
2020/8/10 01:06,1596996367,1596996331,36
2020/8/10 01:05,1596996307,1596996242,65
2020/8/10 01:04,1596996247,1596996242,5
2020/8/10 01:03,1596996187,1596996185,2
2020/8/10 01:02,1596996127,1596996130,-3
2020/8/10 01:01,1596996067,1596996067,0
2020/8/10 01:00,1596996007,1596995997,10
2020/8/10 00:59,1596995947,1596995924,23
2020/8/10 00:58,1596995887,1596995890,-3
2020/8/10 00:57,1596995827,1596995772,55
2020/8/10 00:56,1596995767,1596995746,21
2020/8/10 00:55,1596995707,1596995701,6
2020/8/10 00:54,1596995647,1596995640,7
2020/8/10 00:53,1596995587,1596995578,9
2020/8/10 00:52,1596995527,1596995532,-5
2020/8/10 00:51,1596995467,1596995470,-3
2020/8/10 00:50,1596995407,1596995405,2
2020/8/10 00:49,1596995347,1596995323,24
2020/8/10 00:48,1596995287,1596995211,76
2020/8/10 00:47,1596995227,1596995211,16
2020/8/10 00:46,1596995167,1596995171,-4
2020/8/10 00:45,1596995107,1596995069,38
2020/8/10 00:44,1596995047,1596995028,19
2020/8/10 00:43,1596994987,1596994978,9
2020/8/10 00:42,1596994927,1596994926,1
2020/8/10 00:41,1596994867,1596994834,33
2020/8/10 00:40,1596994807,1596994796,11
2020/8/10 00:39,1596994747,1596994735,12
2020/8/10 00:38,1596994687,1596994681,6
2020/8/10 00:37,1596994627,1596994589,38
2020/8/10 00:36,1596994567,1596994553,14
2020/8/10 00:35,1596994507,1596994508,-1
2020/8/10 00:34,1596994447,1596994439,8
2020/8/10 00:33,1596994387,1596994314,73
2020/8/10 00:32,1596994327,1596994314,13
2020/8/10 00:31,1596994268,1596994243,25
2020/8/10 00:30,1596994207,1596994183,24
2020/8/10 00:29,1596994147,1596994147,0
2020/8/10 00:28,1596994087,1596994050,37
2020/8/10 00:27,1596994027,1596993988,39
2020/8/10 00:26,1596993967,1596993866,101
2020/8/10 00:25,1596993907,1596993866,41
2020/8/10 00:24,1596993847,1596993846,1
2020/8/10 00:23,1596993787,1596993784,3
2020/8/10 00:22,1596993727,1596993713,14
2020/8/10 00:21,1596993667,1596993611,56
2020/8/10 00:20,1596993607,1596993611,-4
2020/8/10 00:19,1596993547,1596993510,37
2020/8/10 00:18,1596993487,1596993408,79
2020/8/10 00:17,1596993427,1596993408,19
2020/8/10 00:16,1596993367,1596993326,41
2020/8/10 00:15,1596993307,1596993263,44
2020/8/10 00:14,1596993247,1596993228,19
2020/8/10 00:13,1596993187,1596993164,23
2020/8/10 00:12,1596993127,1596993113,14
2020/8/10 00:11,1596993067,1596993027,40
2020/8/10 00:10,1596993007,1596993011,-4
2020/8/10 00:09,1596992947,1596992868,79
2020/8/10 00:08,1596992887,1596992868,19
2020/8/10 00:07,1596992827,1596992734,93
2020/8/10 00:06,1596992767,1596992734,33
2020/8/10 00:05,1596992707,1596992654,53
2020/8/10 00:04,1596992647,1596992624,23
2020/8/10 00:03,1596992587,1596992563,24
2020/8/10 00:02,1596992527,1596992515,12
2020/8/10 00:01,1596992467,1596992471,-4
2020/8/10 00:00,1596992407,1596992411,-4
2020/8/9 23:59,1596992347,1596992329,18
2020/8/9 23:58,1596992287,1596992278,9
2020/8/9 23:57,1596992227,1596992227,0
2020/8/9 23:56,1596992167,1596992145,22
2020/8/9 23:55,1596992107,1596992095,12
2020/8/9 23:54,1596992047,1596991991,56
2020/8/9 23:53,1596991987,1596991991,-4
2020/8/9 23:52,1596991927,1596991931,-4
2020/8/9 23:51,1596991867,1596991871,-4
2020/8/9 23:50,1596991807,1596991779,28
2020/8/9 23:49,1596991747,1596991717,30
2020/8/9 23:48,1596991687,1596991677,10
2020/8/9 23:47,1596991627,1596991616,11
2020/8/9 23:46,1596991567,1596991569,-2
2020/8/9 23:45,1596991507,1596991511,-4
2020/8/9 23:44,1596991447,1596991443,4
2020/8/9 23:43,1596991387,1596991282,105
2020/8/9 23:42,1596991327,1596991282,45
2020/8/9 23:41,1596991267,1596991208,59
2020/8/9 23:40,1596991207,1596991208,-1
2020/8/9 23:39,1596991147,1596991116,31
2020/8/9 23:38,1596991087,1596991044,43
2020/8/9 23:37,1596991027,1596990963,64
2020/8/9 23:36,1596990967,1596990963,4
2020/8/9 23:35,1596990907,1596990881,26
2020/8/9 23:34,1596990847,1596990728,119
2020/8/9 23:33,1596990787,1596990728,59
2020/8/9 23:32,1596990727,1596990728,-1
2020/8/9 23:31,1596990667,1596990616,51
2020/8/9 23:30,1596990607,1596990545,62
2020/8/9 23:29,1596990547,1596990545,2
2020/8/9 23:28,1596990487,1596990477,10
2020/8/9 23:27,1596990427,1596990341,86
2020/8/9 23:26,1596990367,1596990341,26
2020/8/9 23:25,1596990307,1596990301,6
2020/8/9 23:24,1596990247,1596990245,2
2020/8/9 23:23,1596990187,1596990157,30
2020/8/9 23:22,1596990127,1596990096,31
2020/8/9 23:21,1596990067,1596990045,22
2020/8/9 23:20,1596990007,1596989984,23
2020/8/9 23:19,1596989947,1596989933,14
2020/8/9 23:18,1596989887,1596989872,15
2020/8/9 23:17,1596989827,1596989801,26
2020/8/9 23:16,1596989767,1596989754,13
2020/8/9 23:15,1596989707,1596989648,59
2020/8/9 23:14,1596989647,1596989648,-1
2020/8/9 23:13,1596989587,1596989588,-1
2020/8/9 23:12,1596989527,1596989392,135
2020/8/9 23:11,1596989467,1596989392,75
2020/8/9 23:10,1596989407,1596989392,15
2020/8/9 23:09,1596989347,1596989341,6
2020/8/9 23:08,1596989287,1596989277,10
2020/8/9 23:07,1596989227,1596989225,2
2020/8/9 23:06,1596989167,1596989138,29
2020/8/9 23:05,1596989107,1596989098,9
2020/8/9 23:04,1596989047,1596989016,31
2020/8/9 23:03,1596988987,1596988965,22
2020/8/9 23:02,1596988927,1596988926,1
2020/8/9 23:01,1596988867,1596988855,12
2020/8/9 23:00,1596988807,1596988779,28
2020/8/9 22:59,1596988747,1596988730,17
2020/8/9 22:58,1596988687,1596988598,89
2020/8/9 22:57,1596988627,1596988598,29
2020/8/9 22:56,1596988567,1596988536,31
2020/8/9 22:55,1596988507,1596988454,53
2020/8/9 22:54,1596988447,1596988440,7
2020/8/9 22:53,1596988387,1596988388,-1
2020/8/9 22:52,1596988327,1596988282,45
2020/8/9 22:51,1596988267,1596988256,11
2020/8/9 22:50,1596988207,1596988211,-4
2020/8/9 22:49,1596988147,1596988077,70
2020/8/9 22:48,1596988087,1596988077,10
2020/8/9 22:47,1596988027,1596987986,41
2020/8/9 22:46,1596987967,1596987972,-5
2020/8/9 22:45,1596987907,1596987902,5
2020/8/9 22:44,1596987847,1596987812,35
2020/8/9 22:43,1596987787,1596987730,57
2020/8/9 22:42,1596987727,1596987730,-3
2020/8/9 22:41,1596987667,1596987658,9
2020/8/9 22:40,1596987607,1596987588,19
2020/8/9 22:39,1596987547,1596987544,3
2020/8/9 22:38,1596987487,1596987485,2
2020/8/9 22:37,1596987427,1596987406,21
2020/8/9 22:36,1596987367,1596987352,15
2020/8/9 22:35,1596987307,1596987270,37
2020/8/9 22:34,1596987247,1596987219,28
2020/8/9 22:33,1596987187,1596987167,20
2020/8/9 22:32,1596987127,1596987131,-4
2020/8/9 22:31,1596987067,1596986994,73
2020/8/9 22:30,1596987007,1596986994,13
2020/8/9 22:29,1596986947,1596986901,46
2020/8/9 22:28,1596986887,1596986871,16
2020/8/9 22:27,1596986827,1596986831,-4
2020/8/9 22:26,1596986767,1596986769,-2
2020/8/9 22:25,1596986707,1596986657,50
2020/8/9 22:24,1596986647,1596986606,41
2020/8/9 22:23,1596986587,1596986574,13
2020/8/9 22:22,1596986527,1596986514,13
2020/8/9 22:21,1596986467,1596986443,24
2020/8/9 22:20,1596986407,1596986371,36
2020/8/9 22:19,1596986347,1596986338,9
2020/8/9 22:18,1596986287,1596986259,28
2020/8/9 22:17,1596986227,1596986177,50
2020/8/9 22:16,1596986167,1596986137,30
2020/8/9 22:15,1596986107,1596986065,42
2020/8/9 22:14,1596986047,1596986024,23
2020/8/9 22:13,1596985987,1596985992,-5
2020/8/9 22:12,1596985927,1596985912,15
2020/8/9 22:11,1596985867,1596985831,36
2020/8/9 22:10,1596985807,1596985790,17
2020/8/9 22:09,1596985747,1596985708,39
2020/8/9 22:08,1596985687,1596985657,30
2020/8/9 22:07,1596985627,1596985575,52
2020/8/9 22:06,1596985568,1596985524,44
2020/8/9 22:05,1596985507,1596985511,-4
2020/8/9 22:04,1596985447,1596985451,-4
2020/8/9 22:03,1596985387,1596985269,118
2020/8/9 22:02,1596985327,1596985269,58
2020/8/9 22:01,1596985267,1596985269,-2
2020/8/9 22:00,1596985207,1596985211,-4
2020/8/9 21:59,1596985147,1596985146,1
2020/8/9 21:58,1596985087,1596985087,0
2020/8/9 21:57,1596985027,1596985030,-3
2020/8/9 21:56,1596984967,1596984971,-4
2020/8/9 21:55,1596984907,1596984865,42
2020/8/9 21:54,1596984847,1596984837,10
2020/8/9 21:53,1596984787,1596984766,21
2020/8/9 21:52,1596984727,1596984719,8
2020/8/9 21:51,1596984667,1596984634,33
2020/8/9 21:50,1596984607,1596984585,22
2020/8/9 21:49,1596984547,1596984531,16
2020/8/9 21:48,1596984487,1596984470,17
2020/8/9 21:47,1596984427,1596984358,69
2020/8/9 21:46,1596984367,1596984358,9
2020/8/9 21:45,1596984307,1596984266,41
2020/8/9 21:44,1596984247,1596984153,94
2020/8/9 21:43,1596984187,1596984153,34
2020/8/9 21:42,1596984127,1596984030,97
2020/8/9 21:41,1596984067,1596984030,37
2020/8/9 21:40,1596984007,1596983948,59
2020/8/9 21:39,1596983947,1596983948,-1
2020/8/9 21:38,1596983887,1596983847,40
2020/8/9 21:37,1596983827,1596983829,-2
2020/8/9 21:36,1596983767,1596983766,1
2020/8/9 21:35,1596983707,1596983629,78
2020/8/9 21:34,1596983647,1596983629,18
2020/8/9 21:33,1596983587,1596983551,36
2020/8/9 21:32,1596983527,1596983500,27
2020/8/9 21:31,1596983467,1596983459,8
2020/8/9 21:30,1596983407,1596983336,71
2020/8/9 21:29,1596983347,1596983336,11
2020/8/9 21:28,1596983287,1596983234,53
2020/8/9 21:27,1596983227,1596983224,3
2020/8/9 21:26,1596983167,1596983170,-3
2020/8/9 21:25,1596983107,1596983092,15
2020/8/9 21:24,1596983047,1596983045,2
2020/8/9 21:23,1596982987,1596982968,19
2020/8/9 21:22,1596982927,1596982845,82
2020/8/9 21:21,1596982867,1596982845,22
2020/8/9 21:20,1596982807,1596982743,64
2020/8/9 21:19,1596982747,1596982743,4
2020/8/9 21:18,1596982687,1596982683,4
2020/8/9 21:17,1596982627,1596982631,-4
2020/8/9 21:16,1596982567,1596982570,-3
2020/8/9 21:15,1596982507,1596982509,-2
2020/8/9 21:14,1596982447,1596982438,9
2020/8/9 21:13,1596982387,1596982356,31
2020/8/9 21:12,1596982327,1596982295,32
2020/8/9 21:11,1596982267,1596982254,13
2020/8/9 21:10,1596982207,1596982192,15
2020/8/9 21:09,1596982147,1596982089,58
2020/8/9 21:08,1596982087,1596982089,-2
2020/8/9 21:07,1596982027,1596982020,7
2020/8/9 21:06,1596981967,1596981969,-2
2020/8/9 21:05,1596981907,1596981911,-4
2020/8/9 21:04,1596981847,1596981836,11
2020/8/9 21:03,1596981787,1596981755,32
2020/8/9 21:02,1596981727,1596981669,58
2020/8/9 21:01,1596981667,1596981669,-2
2020/8/9 21:00,1596981607,1596981582,25
2020/8/9 20:59,1596981547,1596981531,16
2020/8/9 20:58,1596981487,1596981490,-3
2020/8/9 20:57,1596981427,1596981337,90
2020/8/9 20:56,1596981367,1596981337,30
2020/8/9 20:55,1596981307,1596981246,61
2020/8/9 20:54,1596981247,1596981246,1
2020/8/9 20:53,1596981187,1596981163,24
2020/8/9 20:52,1596981127,1596981123,4
2020/8/9 20:51,1596981067,1596981069,-2
2020/8/9 20:50,1596981007,1596980989,18
2020/8/9 20:49,1596980947,1596980889,58
2020/8/9 20:48,1596980887,1596980889,-2
2020/8/9 20:47,1596980827,1596980797,30
2020/8/9 20:46,1596980767,1596980741,26
2020/8/9 20:45,1596980707,1596980686,21
2020/8/9 20:44,1596980647,1596980614,33
2020/8/9 20:43,1596980587,1596980575,12
2020/8/9 20:42,1596980527,1596980492,35
2020/8/9 20:41,1596980467,1596980431,36
2020/8/9 20:40,1596980407,1596980411,-4
2020/8/9 20:39,1596980347,1596980350,-3
2020/8/9 20:38,1596980287,1596980289,-2
2020/8/9 20:37,1596980227,1596980226,1
2020/8/9 20:36,1596980167,1596980158,9
2020/8/9 20:35,1596980107,1596980104,3
2020/8/9 20:34,1596980047,1596980019,28
2020/8/9 20:33,1596979987,1596979936,51
2020/8/9 20:32,1596979927,1596979928,-1
2020/8/9 20:31,1596979867,1596979871,-4
2020/8/9 20:30,1596979807,1596979759,48
2020/8/9 20:29,1596979747,1596979647,100
2020/8/9 20:28,1596979687,1596979647,40
2020/8/9 20:27,1596979627,1596979535,92
2020/8/9 20:26,1596979567,1596979535,32
2020/8/9 20:25,1596979507,1596979484,23
2020/8/9 20:24,1596979447,1596979378,69
2020/8/9 20:23,1596979387,1596979378,9
2020/8/9 20:22,1596979327,1596979301,26
2020/8/9 20:21,1596979267,1596979270,-3
2020/8/9 20:20,1596979207,1596979128,79
2020/8/9 20:19,1596979147,1596979128,19
2020/8/9 20:18,1596979087,1596979077,10
2020/8/9 20:17,1596979027,1596979026,1
2020/8/9 20:16,1596978967,1596978964,3
2020/8/9 20:15,1596978907,1596978873,34
2020/8/9 20:14,1596978847,1596978851,-4
2020/8/9 20:13,1596978787,1596978761,26
2020/8/9 20:12,1596978727,1596978731,-4
2020/8/9 20:11,1596978667,1596978664,3
2020/8/9 20:10,1596978607,1596978609,-2
2020/8/9 20:09,1596978547,1596978495,52
2020/8/9 20:08,1596978487,1596978485,2
2020/8/9 20:07,1596978427,1596978353,74
2020/8/9 20:06,1596978367,1596978353,14
2020/8/9 20:05,1596978307,1596978287,20
2020/8/9 20:04,1596978247,1596978211,36
2020/8/9 20:03,1596978187,1596978129,58
2020/8/9 20:02,1596978127,1596978129,-2
2020/8/9 20:01,1596978067,1596978008,59
2020/8/9 20:00,1596978007,1596978008,-1
2020/8/9 19:59,1596977947,1596977936,11
2020/8/9 19:58,1596977887,1596977855,32
2020/8/9 19:57,1596977827,1596977824,3
2020/8/9 19:56,1596977767,1596977742,25
2020/8/9 19:55,1596977707,1596977692,15
2020/8/9 19:54,1596977647,1596977651,-4
2020/8/9 19:53,1596977587,1596977589,-2
2020/8/9 19:52,1596977527,1596977468,59
2020/8/9 19:51,1596977467,1596977468,-1
2020/8/9 19:50,1596977407,1596977396,11
2020/8/9 19:49,1596977347,1596977335,12
2020/8/9 19:48,1596977287,1596977247,40
2020/8/9 19:47,1596977227,1596977202,25
2020/8/9 19:46,1596977167,1596977153,14
2020/8/9 19:45,1596977107,1596977106,1
2020/8/9 19:44,1596977047,1596977037,10
2020/8/9 19:43,1596976987,1596976966,21
2020/8/9 19:42,1596976927,1596976927,0
2020/8/9 19:41,1596976867,1596976866,1
2020/8/9 19:40,1596976807,1596976784,23
2020/8/9 19:39,1596976747,1596976751,-4
2020/8/9 19:38,1596976687,1596976689,-2
2020/8/9 19:37,1596976627,1596976612,15
2020/8/9 19:36,1596976567,1596976566,1
2020/8/9 19:35,1596976507,1596976511,-4
2020/8/9 19:34,1596976447,1596976451,-4
2020/8/9 19:33,1596976387,1596976377,10
2020/8/9 19:32,1596976327,1596976318,9
2020/8/9 19:31,1596976267,1596976272,-5
2020/8/9 19:30,1596976207,1596976211,-4
2020/8/9 19:29,1596976147,1596976112,35
2020/8/9 19:28,1596976087,1596976082,5
2020/8/9 19:27,1596976027,1596975990,37
2020/8/9 19:26,1596975967,1596975948,19
2020/8/9 19:25,1596975907,1596975879,28
2020/8/9 19:24,1596975847,1596975837,10
2020/8/9 19:23,1596975787,1596975790,-3
2020/8/9 19:22,1596975727,1596975695,32
2020/8/9 19:21,1596975667,1596975672,-5
2020/8/9 19:20,1596975607,1596975512,95
2020/8/9 19:19,1596975547,1596975512,35
2020/8/9 19:18,1596975487,1596975410,77
2020/8/9 19:17,1596975427,1596975410,17
2020/8/9 19:16,1596975367,1596975329,38
2020/8/9 19:15,1596975307,1596975278,29
2020/8/9 19:14,1596975247,1596975250,-3
2020/8/9 19:13,1596975187,1596975156,31
2020/8/9 19:12,1596975127,1596975084,43
2020/8/9 19:11,1596975067,1596975007,60
2020/8/9 19:10,1596975007,1596975007,0
2020/8/9 19:09,1596974947,1596974940,7
2020/8/9 19:08,1596974887,1596974817,70
2020/8/9 19:07,1596974827,1596974817,10
2020/8/9 19:06,1596974767,1596974194,573
2020/8/9 19:05,1596974707,1596974194,513
2020/8/9 19:04,1596974647,1596974194,453
2020/8/9 19:03,1596974587,1596974194,393
2020/8/9 19:02,1596974527,1596974194,333
2020/8/9 19:01,1596974467,1596974194,273
2020/8/9 19:00,1596974407,1596974194,213
2020/8/9 18:59,1596974347,1596974194,153
2020/8/9 18:58,1596974287,1596974194,93
2020/8/9 18:57,1596974227,1596974194,33
2020/8/9 18:56,1596974167,1596973917,250
2020/8/9 18:55,1596974107,1596973917,190
2020/8/9 18:54,1596974047,1596973917,130
2020/8/9 18:53,1596973987,1596973917,70
2020/8/9 18:52,1596973927,1596973917,10
2020/8/9 18:51,1596973867,1596973795,72
2020/8/9 18:50,1596973807,1596973795,12
2020/8/9 18:49,1596973747,1596973529,218
2020/8/9 18:48,1596973687,1596973529,158
2020/8/9 18:47,1596973627,1596973529,98
2020/8/9 18:46,1596973567,1596973529,38
2020/8/9 18:45,1596973507,1596973423,84
2020/8/9 18:44,1596973447,1596973423,24
2020/8/9 18:43,1596973387,1596973335,52
2020/8/9 18:42,1596973327,1596973148,179
2020/8/9 18:41,1596973267,1596973148,119
2020/8/9 18:40,1596973207,1596973148,59
2020/8/9 18:39,1596973147,1596973148,-1
2020/8/9 18:38,1596973087,1596973076,11
2020/8/9 18:37,1596973027,1596972995,32
2020/8/9 18:36,1596972967,1596972873,94
2020/8/9 18:35,1596972907,1596972873,34
2020/8/9 18:34,1596972847,1596972750,97
2020/8/9 18:33,1596972787,1596972750,37
2020/8/9 18:32,1596972727,1596972697,30
2020/8/9 18:31,1596972667,1596972606,61
2020/8/9 18:30,1596972607,1596972606,1
2020/8/9 18:29,1596972547,1596972545,2
2020/8/9 18:28,1596972487,1596972483,4
2020/8/9 18:27,1596972427,1596972414,13
2020/8/9 18:26,1596972367,1596972298,69
2020/8/9 18:25,1596972307,1596972298,9
2020/8/9 18:24,1596972247,1596972226,21
2020/8/9 18:23,1596972188,1596972154,34
2020/8/9 18:22,1596972127,1596972042,85
2020/8/9 18:21,1596972067,1596972042,25
2020/8/9 18:20,1596972007,1596971991,16
2020/8/9 18:19,1596971947,1596971920,27
2020/8/9 18:18,1596971887,1596971891,-4
2020/8/9 18:17,1596971827,1596971807,20
2020/8/9 18:16,1596971767,1596971760,7
2020/8/9 18:15,1596971707,1596971689,18
2020/8/9 18:14,1596971647,1596971632,15
2020/8/9 18:13,1596971587,1596971548,39
2020/8/9 18:12,1596971527,1596971458,69
2020/8/9 18:11,1596971467,1596971458,9
2020/8/9 18:10,1596971407,1596971326,81
2020/8/9 18:09,1596971347,1596971326,21
2020/8/9 18:08,1596971287,1596971264,23
2020/8/9 18:07,1596971227,1596971213,14
2020/8/9 18:06,1596971167,1596971121,46
2020/8/9 18:05,1596971107,1596971080,27
2020/8/9 18:04,1596971047,1596971019,28
2020/8/9 18:03,1596970987,1596970991,-4
2020/8/9 18:02,1596970927,1596970929,-2
2020/8/9 18:01,1596970867,1596970864,3
2020/8/9 18:00,1596970807,1596970785,22
2020/8/9 17:59,1596970747,1596970744,3
2020/8/9 17:58,1596970687,1596970582,105
2020/8/9 17:57,1596970627,1596970582,45
2020/8/9 17:56,1596970567,1596970500,67
2020/8/9 17:55,1596970507,1596970500,7
2020/8/9 17:54,1596970447,1596970439,8
2020/8/9 17:53,1596970387,1596970340,47
2020/8/9 17:52,1596970327,1596970255,72
2020/8/9 17:51,1596970267,1596970255,12
2020/8/9 17:50,1596970207,1596970173,34
2020/8/9 17:49,1596970147,1596970112,35
2020/8/9 17:48,1596970087,1596970071,16
2020/8/9 17:47,1596970027,1596970012,15
2020/8/9 17:46,1596969967,1596969969,-2
2020/8/9 17:45,1596969907,1596969908,-1
2020/8/9 17:44,1596969847,1596969839,8
2020/8/9 17:43,1596969787,1596969778,9
2020/8/9 17:42,1596969727,1596969714,13
2020/8/9 17:41,1596969667,1596969609,58
2020/8/9 17:40,1596969607,1596969609,-2
2020/8/9 17:39,1596969547,1596969488,59
2020/8/9 17:38,1596969487,1596969488,-1
2020/8/9 17:37,1596969427,1596969432,-5
2020/8/9 17:36,1596969367,1596969276,91
2020/8/9 17:35,1596969307,1596969276,31
2020/8/9 17:34,1596969247,1596969245,2
2020/8/9 17:33,1596969187,1596969184,3
2020/8/9 17:32,1596969127,1596969043,84
2020/8/9 17:31,1596969067,1596969043,24
2020/8/9 17:30,1596969007,1596968961,46
2020/8/9 17:29,1596968947,1596968944,3
2020/8/9 17:28,1596968887,1596968869,18
2020/8/9 17:27,1596968827,1596968767,60
2020/8/9 17:26,1596968767,1596968767,0
2020/8/9 17:25,1596968707,1596968705,2
2020/8/9 17:24,1596968647,1596968581,66
2020/8/9 17:23,1596968587,1596968581,6
2020/8/9 17:22,1596968527,1596968478,49
2020/8/9 17:21,1596968467,1596968449,18
2020/8/9 17:20,1596968407,1596968396,11
2020/8/9 17:19,1596968347,1596968350,-3
2020/8/9 17:18,1596968287,1596968289,-2
2020/8/9 17:17,1596968227,1596968214,13
2020/8/9 17:16,1596968167,1596968160,7
2020/8/9 17:15,1596968107,1596968110,-3
2020/8/9 17:14,1596968047,1596968038,9
2020/8/9 17:13,1596967987,1596967965,22
2020/8/9 17:12,1596967927,1596967914,13
2020/8/9 17:11,1596967867,1596967820,47
2020/8/9 17:10,1596967807,1596967758,49
2020/8/9 17:09,1596967747,1596967751,-4
2020/8/9 17:08,1596967687,1596967676,11
2020/8/9 17:07,1596967627,1596967624,3
2020/8/9 17:06,1596967567,1596967558,9
2020/8/9 17:05,1596967507,1596967499,8
2020/8/9 17:04,1596967447,1596967451,-4
2020/8/9 17:03,1596967387,1596967376,11
2020/8/9 17:02,1596967327,1596967278,49
2020/8/9 17:01,1596967267,1596967260,7
2020/8/9 17:00,1596967207,1596967211,-4
2020/8/9 16:59,1596967147,1596967130,17
2020/8/9 16:58,1596967087,1596967089,-2
2020/8/9 16:57,1596967027,1596967028,-1
2020/8/9 16:56,1596966967,1596966940,27
2020/8/9 16:55,1596966907,1596966906,1
2020/8/9 16:54,1596966847,1596966813,34
2020/8/9 16:53,1596966787,1596966781,6
2020/8/9 16:52,1596966727,1596966707,20
2020/8/9 16:51,1596966667,1596966649,18
2020/8/9 16:50,1596966607,1596966567,40
2020/8/9 16:49,1596966547,1596966544,3
2020/8/9 16:48,1596966487,1596966434,53
2020/8/9 16:47,1596966427,1596966408,19
2020/8/9 16:46,1596966367,1596966330,37
2020/8/9 16:45,1596966307,1596966268,39
2020/8/9 16:44,1596966247,1596966187,60
2020/8/9 16:43,1596966187,1596966187,0
2020/8/9 16:42,1596966127,1596966102,25
2020/8/9 16:41,1596966067,1596966071,-4
2020/8/9 16:40,1596966007,1596965968,39
2020/8/9 16:39,1596965947,1596965949,-2
2020/8/9 16:38,1596965887,1596965876,11
2020/8/9 16:37,1596965827,1596965826,1
2020/8/9 16:36,1596965767,1596965763,4
2020/8/9 16:35,1596965707,1596965702,5
2020/8/9 16:34,1596965647,1596965626,21
2020/8/9 16:33,1596965587,1596965566,21
2020/8/9 16:32,1596965527,1596965476,51
2020/8/9 16:31,1596965467,1596965436,31
2020/8/9 16:30,1596965407,1596965410,-3
2020/8/9 16:29,1596965347,1596965335,12
2020/8/9 16:28,1596965287,1596965271,16
2020/8/9 16:27,1596965227,1596965230,-3
2020/8/9 16:26,1596965167,1596965148,19
2020/8/9 16:25,1596965107,1596965111,-4
2020/8/9 16:24,1596965047,1596965023,24
2020/8/9 16:23,1596964987,1596964982,5
2020/8/9 16:22,1596964927,1596964827,100
2020/8/9 16:21,1596964867,1596964827,40
2020/8/9 16:20,1596964807,1596964791,16
2020/8/9 16:19,1596964747,1596964744,3
2020/8/9 16:18,1596964687,1596964673,14
2020/8/9 16:17,1596964627,1596964538,89
2020/8/9 16:16,1596964567,1596964538,29
2020/8/9 16:15,1596964507,1596964497,10
2020/8/9 16:14,1596964447,1596964415,32
2020/8/9 16:13,1596964387,1596964361,26
2020/8/9 16:12,1596964327,1596964317,10
2020/8/9 16:11,1596964267,1596964198,69
2020/8/9 16:10,1596964207,1596964198,9
2020/8/9 16:09,1596964147,1596964137,10
2020/8/9 16:08,1596964087,1596964091,-4
2020/8/9 16:07,1596964027,1596964015,12
2020/8/9 16:06,1596963967,1596963964,3
2020/8/9 16:05,1596963907,1596963883,24
2020/8/9 16:04,1596963847,1596963821,26
2020/8/9 16:03,1596963787,1596963764,23
2020/8/9 16:02,1596963727,1596963717,10
2020/8/9 16:01,1596963667,1596963636,31
2020/8/9 16:00,1596963607,1596963611,-4
2020/8/9 15:59,1596963547,1596963471,76
2020/8/9 15:58,1596963487,1596963471,16
2020/8/9 15:57,1596963427,1596963379,48
2020/8/9 15:56,1596963367,1596963338,29
2020/8/9 15:55,1596963307,1596963273,34
2020/8/9 15:54,1596963247,1596963251,-4
2020/8/9 15:53,1596963187,1596963174,13
2020/8/9 15:52,1596963127,1596963101,26
2020/8/9 15:51,1596963067,1596963063,4
2020/8/9 15:50,1596963007,1596963005,2
2020/8/9 15:49,1596962947,1596962920,27
2020/8/9 15:48,1596962887,1596962831,56
2020/8/9 15:47,1596962827,1596962831,-4
2020/8/9 15:46,1596962767,1596962727,40
2020/8/9 15:45,1596962707,1596962666,41
2020/8/9 15:44,1596962647,1596962644,3
2020/8/9 15:43,1596962587,1596962504,83
2020/8/9 15:42,1596962527,1596962504,23
2020/8/9 15:41,1596962467,1596962412,55
2020/8/9 15:40,1596962407,1596962397,10
2020/8/9 15:39,1596962347,1596962310,37
2020/8/9 15:38,1596962287,1596962249,38
2020/8/9 15:37,1596962227,1596962230,-3
2020/8/9 15:36,1596962167,1596962158,9
2020/8/9 15:35,1596962107,1596962107,0
2020/8/9 15:34,1596962047,1596962049,-2
2020/8/9 15:33,1596961987,1596961985,2
2020/8/9 15:32,1596961927,1596961894,33
2020/8/9 15:31,1596961867,1596961774,93
2020/8/9 15:30,1596961808,1596961774,34
2020/8/9 15:29,1596961747,1596961730,17
2020/8/9 15:28,1596961687,1596961686,1
2020/8/9 15:27,1596961627,1596961630,-3
2020/8/9 15:26,1596961567,1596961570,-3
2020/8/9 15:25,1596961507,1596961478,29
2020/8/9 15:24,1596961447,1596961416,31
2020/8/9 15:23,1596961387,1596961375,12
2020/8/9 15:22,1596961327,1596961263,64
2020/8/9 15:21,1596961267,1596961263,4
2020/8/9 15:20,1596961207,1596961201,6
2020/8/9 15:19,1596961147,1596961080,67
2020/8/9 15:18,1596961087,1596961080,7
2020/8/9 15:17,1596961027,1596960968,59
2020/8/9 15:16,1596960967,1596960968,-1
2020/8/9 15:15,1596960907,1596960877,30
2020/8/9 15:14,1596960847,1596960836,11
2020/8/9 15:13,1596960787,1596960785,2
2020/8/9 15:12,1596960727,1596960694,33
2020/8/9 15:11,1596960667,1596960666,1
2020/8/9 15:10,1596960607,1596960568,39
2020/8/9 15:09,1596960547,1596960520,27
2020/8/9 15:08,1596960487,1596960490,-3
2020/8/9 15:07,1596960427,1596960429,-2
2020/8/9 15:06,1596960367,1596960308,59
2020/8/9 15:05,1596960307,1596960308,-1
2020/8/9 15:04,1596960247,1596960205,42
2020/8/9 15:03,1596960187,1596960186,1
2020/8/9 15:02,1596960127,1596960131,-4
2020/8/9 15:01,1596960067,1596960055,12
2020/8/9 15:00,1596960007,1596960003,4
2020/8/9 14:59,1596959947,1596959890,57
2020/8/9 14:58,1596959887,1596959890,-3
2020/8/9 14:57,1596959827,1596959821,6
2020/8/9 14:56,1596959767,1596959689,78
2020/8/9 14:55,1596959707,1596959689,18
2020/8/9 14:54,1596959647,1596959597,50
2020/8/9 14:53,1596959587,1596959536,51
2020/8/9 14:52,1596959527,1596959516,11
2020/8/9 14:51,1596959467,1596959455,12
2020/8/9 14:50,1596959407,1596959410,-3
2020/8/9 14:49,1596959347,1596959333,14
2020/8/9 14:48,1596959287,1596959262,25
2020/8/9 14:47,1596959227,1596959190,37
2020/8/9 14:46,1596959167,1596959149,18
2020/8/9 14:45,1596959107,1596959099,8
2020/8/9 14:44,1596959047,1596959050,-3
2020/8/9 14:43,1596958987,1596958937,50
2020/8/9 14:42,1596958927,1596958926,1
2020/8/9 14:41,1596958867,1596958866,1
2020/8/9 14:40,1596958807,1596958802,5
2020/8/9 14:39,1596958747,1596958733,14
2020/8/9 14:38,1596958687,1596958631,56
2020/8/9 14:37,1596958627,1596958571,56
2020/8/9 14:36,1596958567,1596958571,-4
2020/8/9 14:35,1596958507,1596958459,48
2020/8/9 14:34,1596958447,1596958448,-1
2020/8/9 14:33,1596958387,1596958391,-4
2020/8/9 14:32,1596958327,1596958204,123
2020/8/9 14:31,1596958267,1596958204,63
2020/8/9 14:30,1596958207,1596958204,3
2020/8/9 14:29,1596958148,1596958142,6
2020/8/9 14:28,1596958087,1596958082,5
2020/8/9 14:27,1596958027,1596958021,6
2020/8/9 14:26,1596957967,1596957970,-3
2020/8/9 14:25,1596957907,1596957899,8
2020/8/9 14:24,1596957847,1596957844,3
2020/8/9 14:23,1596957787,1596957779,8
2020/8/9 14:22,1596957727,1596957706,21
2020/8/9 14:21,1596957667,1596957665,2
2020/8/9 14:20,1596957607,1596957584,23
2020/8/9 14:19,1596957547,1596957513,34
2020/8/9 14:18,1596957487,1596957490,-3
2020/8/9 14:17,1596957427,1596957428,-1
2020/8/9 14:16,1596957367,1596957371,-4
2020/8/9 14:15,1596957307,1596957283,24
2020/8/9 14:14,1596957247,1596957227,20
2020/8/9 14:13,1596957187,1596957185,2
2020/8/9 14:12,1596957127,1596957096,31
2020/8/9 14:11,1596957067,1596957045,22
2020/8/9 14:10,1596957007,1596956969,38
2020/8/9 14:09,1596956947,1596956914,33
2020/8/9 14:08,1596956887,1596956885,2
2020/8/9 14:07,1596956827,1596956782,45
2020/8/9 14:06,1596956767,1596956659,108
2020/8/9 14:05,1596956707,1596956659,48
2020/8/9 14:04,1596956647,1596956621,26
2020/8/9 14:03,1596956587,1596956568,19
2020/8/9 14:02,1596956527,1596956507,20
2020/8/9 14:01,1596956467,1596956405,62
2020/8/9 14:00,1596956407,1596956405,2
2020/8/7 23:59,1596819547,1596819537,10
2020/8/7 23:58,1596819487,1596819483,4
2020/8/7 23:57,1596819427,1596819350,77
2020/8/7 23:56,1596819367,1596819350,17
2020/8/7 23:55,1596819307,1596819304,3
2020/8/7 23:54,1596819247,1596819120,127
2020/8/7 23:53,1596819187,1596819120,67
2020/8/7 23:52,1596819127,1596819120,7
2020/8/7 23:51,1596819067,1596819065,2
2020/8/7 23:50,1596819007,1596818998,9
2020/8/7 23:49,1596818947,1596818944,3
2020/8/7 23:48,1596818887,1596818830,57
2020/8/7 23:47,1596818827,1596818829,-2
2020/8/7 23:46,1596818767,1596818763,4
2020/8/7 23:45,1596818707,1596818642,65
2020/8/7 23:44,1596818647,1596818642,5
2020/8/7 23:43,1596818587,1596818518,69
2020/8/7 23:42,1596818527,1596818518,9
2020/8/7 23:41,1596818467,1596818458,9
2020/8/7 23:40,1596818407,1596818350,57
2020/8/7 23:39,1596818347,1596818349,-2
2020/8/7 23:38,1596818287,1596818274,13
2020/8/7 23:37,1596818227,1596818202,25
2020/8/7 23:36,1596818167,1596818163,4
2020/8/7 23:35,1596818107,1596818082,25
2020/8/7 23:34,1596818047,1596818020,27
2020/8/7 23:33,1596817987,1596817938,49
2020/8/7 23:32,1596817927,1596817908,19
2020/8/7 23:31,1596817867,1596817836,31
2020/8/7 23:30,1596817807,1596817765,42
2020/8/7 23:29,1596817747,1596817694,53
2020/8/7 23:28,1596817687,1596817683,4
2020/8/7 23:27,1596817627,1596817521,106
2020/8/7 23:26,1596817567,1596817521,46
2020/8/7 23:25,1596817507,1596817500,7
2020/8/7 23:24,1596817447,1596817430,17
2020/8/7 23:23,1596817387,1596817389,-2
2020/8/7 23:22,1596817327,1596817315,12
2020/8/7 23:21,1596817267,1596817257,10
2020/8/7 23:20,1596817207,1596817206,1
2020/8/7 23:19,1596817147,1596817143,4
2020/8/7 23:18,1596817087,1596817074,13
2020/8/7 23:17,1596817027,1596816999,28
2020/8/7 23:16,1596816967,1596816937,30
2020/8/7 23:15,1596816907,1596816908,-1
2020/8/7 23:14,1596816847,1596816840,7
2020/8/7 23:13,1596816787,1596816789,-2
2020/8/7 23:12,1596816727,1596816727,0
2020/8/7 23:11,1596816667,1596816586,81
2020/8/7 23:10,1596816607,1596816586,21
2020/8/7 23:09,1596816547,1596816549,-2
2020/8/7 23:08,1596816487,1596816478,9
2020/8/7 23:07,1596816427,1596816430,-3
2020/8/7 23:06,1596816367,1596816342,25
2020/8/7 23:05,1596816307,1596816291,16
2020/8/7 23:04,1596816247,1596816189,58
2020/8/7 23:03,1596816187,1596816189,-2
2020/8/7 23:02,1596816128,1596816118,10
2020/8/7 23:01,1596816067,1596816067,0
2020/8/7 23:00,1596816007,1596816006,1
2020/8/7 22:59,1596815947,1596815884,63
2020/8/7 22:58,1596815887,1596815884,3
2020/8/7 22:57,1596815827,1596815721,106
2020/8/7 22:56,1596815767,1596815721,46
2020/8/7 22:55,1596815707,1596815681,26
2020/8/7 22:54,1596815647,1596815647,0
2020/8/7 22:53,1596815587,1596815582,5
2020/8/7 22:52,1596815527,1596815517,10
2020/8/7 22:51,1596815467,1596815456,11
2020/8/7 22:50,1596815407,1596815284,123
2020/8/7 22:49,1596815347,1596815284,63
2020/8/7 22:48,1596815287,1596815284,3
2020/8/7 22:47,1596815227,1596815223,4
2020/8/7 22:46,1596815167,1596815153,14
2020/8/7 22:45,1596815107,1596815090,17
2020/8/7 22:44,1596815047,1596814999,48
2020/8/7 22:43,1596814987,1596814958,29
2020/8/7 22:42,1596814927,1596814877,50
2020/8/7 22:41,1596814867,1596814694,173
2020/8/7 22:40,1596814807,1596814694,113
2020/8/7 22:39,1596814747,1596814694,53
2020/8/7 22:38,1596814687,1596814681,6
2020/8/7 22:37,1596814627,1596814603,24
2020/8/7 22:36,1596814567,1596814562,5
2020/8/7 22:35,1596814507,1596814410,97
2020/8/7 22:34,1596814447,1596814410,37
2020/8/7 22:33,1596814387,1596814373,14
2020/8/7 22:32,1596814327,1596814328,-1
2020/8/7 22:31,1596814267,1596814263,4
2020/8/7 22:30,1596814207,1596814180,27
2020/8/7 22:29,1596814147,1596814073,74
2020/8/7 22:28,1596814087,1596814073,14
2020/8/7 22:27,1596814027,1596813993,34
2020/8/7 22:26,1596813967,1596813961,6
2020/8/7 22:25,1596813907,1596813880,27
2020/8/7 22:24,1596813847,1596813820,27
2020/8/7 22:23,1596813787,1596813718,69
2020/8/7 22:22,1596813727,1596813718,9
2020/8/7 22:21,1596813667,1596813657,10
2020/8/7 22:20,1596813607,1596813604,3
2020/8/7 22:19,1596813547,1596813545,2
2020/8/7 22:18,1596813487,1596813433,54
2020/8/7 22:17,1596813427,1596813420,7
2020/8/7 22:16,1596813367,1596813352,15
2020/8/7 22:15,1596813307,1596813260,47
2020/8/7 22:14,1596813247,1596813240,7
2020/8/7 22:13,1596813187,1596813169,18
2020/8/7 22:12,1596813127,1596813100,27
2020/8/7 22:11,1596813067,1596813047,20
2020/8/7 22:10,1596813007,1596812947,60
2020/8/7 22:09,1596812947,1596812947,0
2020/8/7 22:08,1596812887,1596812843,44
2020/8/7 22:07,1596812827,1596812804,23
2020/8/7 22:06,1596812767,1596812762,5
2020/8/7 22:05,1596812707,1596812630,77
2020/8/7 22:04,1596812647,1596812630,17
2020/8/7 22:03,1596812587,1596812509,78
2020/8/7 22:02,1596812527,1596812509,18
2020/8/7 22:01,1596812467,1596812397,70
2020/8/7 22:00,1596812407,1596812397,10
2020/8/7 21:59,1596812347,1596812335,12
2020/8/7 21:58,1596812287,1596812281,6
2020/8/7 21:57,1596812227,1596812193,34
2020/8/7 21:56,1596812167,1596812163,4
2020/8/7 21:55,1596812107,1596812109,-2
2020/8/7 21:54,1596812047,1596811959,88
2020/8/7 21:53,1596811987,1596811959,28
2020/8/7 21:52,1596811928,1596811898,30
2020/8/7 21:51,1596811867,1596811869,-2
2020/8/7 21:50,1596811807,1596811809,-2
2020/8/7 21:49,1596811747,1596811705,42
2020/8/7 21:48,1596811687,1596811678,9
2020/8/7 21:47,1596811627,1596811614,13
2020/8/7 21:46,1596811567,1596811543,24
2020/8/7 21:45,1596811507,1596811413,94
2020/8/7 21:44,1596811447,1596811413,34
2020/8/7 21:43,1596811387,1596811380,7
2020/8/7 21:42,1596811327,1596811309,18
2020/8/7 21:41,1596811267,1596811245,22
2020/8/7 21:40,1596811207,1596811157,50
2020/8/7 21:39,1596811147,1596811044,103
2020/8/7 21:38,1596811087,1596811044,43
2020/8/7 21:37,1596811027,1596811004,23
2020/8/7 21:36,1596810967,1596810970,-3
2020/8/7 21:35,1596810907,1596810892,15
2020/8/7 21:34,1596810847,1596810780,67
2020/8/7 21:33,1596810787,1596810780,7
2020/8/7 21:32,1596810727,1596810702,25
2020/8/7 21:31,1596810667,1596810637,30
2020/8/7 21:30,1596810607,1596810515,92
2020/8/7 21:29,1596810547,1596810515,32
2020/8/7 21:28,1596810487,1596810468,19
2020/8/7 21:27,1596810427,1596810423,4
2020/8/7 21:26,1596810367,1596810362,5
2020/8/7 21:25,1596810307,1596810307,0
2020/8/7 21:24,1596810247,1596810242,5
2020/8/7 21:23,1596810187,1596810132,55
2020/8/7 21:22,1596810127,1596810105,22
2020/8/7 21:21,1596810067,1596810024,43
2020/8/7 21:20,1596810007,1596809983,24
2020/8/7 21:19,1596809947,1596809933,14
2020/8/7 21:18,1596809887,1596809861,26
2020/8/7 21:17,1596809827,1596809728,99
2020/8/7 21:16,1596809767,1596809728,39
2020/8/7 21:15,1596809707,1596809688,19
2020/8/7 21:14,1596809647,1596809615,32
2020/8/7 21:13,1596809587,1596809554,33
2020/8/7 21:12,1596809527,1596809463,64
2020/8/7 21:11,1596809467,1596809463,4
2020/8/7 21:10,1596809407,1596809249,158
2020/8/7 21:09,1596809347,1596809249,98
2020/8/7 21:08,1596809287,1596809249,38
2020/8/7 21:07,1596809227,1596809206,21
2020/8/7 21:06,1596809167,1596809137,30
2020/8/7 21:05,1596809107,1596809000,107
2020/8/7 21:04,1596809047,1596809000,47
2020/8/7 21:03,1596808988,1596808984,4
2020/8/7 21:02,1596808927,1596808863,64
2020/8/7 21:01,1596808867,1596808863,4
2020/8/7 21:00,1596808807,1596808797,10
2020/8/7 20:59,1596808747,1596808748,-1
2020/8/7 20:58,1596808687,1596808638,49
2020/8/7 20:57,1596808627,1596808628,-1
2020/8/7 20:56,1596808567,1596808516,51
2020/8/7 20:55,1596808507,1596808425,82
2020/8/7 20:54,1596808447,1596808425,22
2020/8/7 20:53,1596808387,1596808363,24
2020/8/7 20:52,1596808327,1596808292,35
2020/8/7 20:51,1596808267,1596808259,8
2020/8/7 20:50,1596808207,1596808200,7
2020/8/7 20:49,1596808147,1596808149,-2
2020/8/7 20:48,1596808087,1596808088,-1
2020/8/7 20:47,1596808027,1596807976,51
2020/8/7 20:46,1596807967,1596807968,-1
2020/8/7 20:45,1596807907,1596807895,12
2020/8/7 20:44,1596807847,1596807828,19
2020/8/7 20:43,1596807787,1596807741,46
2020/8/7 20:42,1596807727,1596807681,46
2020/8/7 20:41,1596807667,1596807650,17
2020/8/7 20:40,1596807607,1596807609,-2
2020/8/7 20:39,1596807547,1596807539,8
2020/8/7 20:38,1596807487,1596807477,10
2020/8/7 20:37,1596807427,1596807400,27
2020/8/7 20:36,1596807367,1596807368,-1
2020/8/7 20:35,1596807307,1596807293,14
2020/8/7 20:34,1596807247,1596807218,29
2020/8/7 20:33,1596807187,1596807124,63
2020/8/7 20:32,1596807127,1596807124,3
2020/8/7 20:31,1596807067,1596807039,28
2020/8/7 20:30,1596807007,1596806999,8
2020/8/7 20:29,1596806947,1596806923,24
2020/8/7 20:28,1596806887,1596806887,0
2020/8/7 20:27,1596806827,1596806820,7
2020/8/7 20:26,1596806767,1596806765,2
2020/8/7 20:25,1596806707,1596806688,19
2020/8/7 20:24,1596806647,1596806649,-2
2020/8/7 20:23,1596806587,1596806582,5
2020/8/7 20:22,1596806527,1596806513,14
2020/8/7 20:21,1596806467,1596806463,4
2020/8/7 20:20,1596806407,1596806409,-2
2020/8/7 20:19,1596806347,1596806332,15
2020/8/7 20:18,1596806287,1596806285,2
2020/8/7 20:17,1596806227,1596806198,29
2020/8/7 20:16,1596806167,1596806145,22
2020/8/7 20:15,1596806107,1596806104,3
2020/8/7 20:14,1596806047,1596806013,34
2020/8/7 20:13,1596805987,1596805903,84
2020/8/7 20:12,1596805927,1596805903,24
2020/8/7 20:11,1596805867,1596805840,27
2020/8/7 20:10,1596805807,1596805747,60
2020/8/7 20:09,1596805747,1596805747,0
2020/8/7 20:08,1596805687,1596805645,42
2020/8/7 20:07,1596805627,1596805594,33
2020/8/7 20:06,1596805567,1596805557,10
2020/8/7 20:05,1596805507,1596805503,4
2020/8/7 20:04,1596805447,1596805441,6
2020/8/7 20:03,1596805387,1596805370,17
2020/8/7 20:02,1596805327,1596805329,-2
2020/8/7 20:01,1596805267,1596805268,-1
2020/8/7 20:00,1596805207,1596805208,-1
2020/8/7 19:59,1596805147,1596805127,20
2020/8/7 19:58,1596805087,1596805083,4
2020/8/7 19:57,1596805027,1596804953,74
2020/8/7 19:56,1596804967,1596804953,14
2020/8/7 19:55,1596804907,1596804887,20
2020/8/7 19:54,1596804847,1596804821,26
2020/8/7 19:53,1596804787,1596804778,9
2020/8/7 19:52,1596804727,1596804719,8
2020/8/7 19:51,1596804667,1596804597,70
2020/8/7 19:50,1596804607,1596804597,10
2020/8/7 19:49,1596804547,1596804526,21
2020/8/7 19:48,1596804487,1596804444,43
2020/8/7 19:47,1596804427,1596804424,3
2020/8/7 19:46,1596804367,1596804323,44
2020/8/7 19:45,1596804307,1596804261,46
2020/8/7 19:44,1596804247,1596804185,62
2020/8/7 19:43,1596804188,1596804185,3
2020/8/7 19:42,1596804127,1596804129,-2
2020/8/7 19:41,1596804067,1596804048,19
2020/8/7 19:40,1596804007,1596803957,50
2020/8/7 19:39,1596803947,1596803912,35
2020/8/7 19:38,1596803887,1596803882,5
2020/8/7 19:37,1596803827,1596803819,8
2020/8/7 19:36,1596803767,1596803758,9
2020/8/7 19:35,1596803707,1596803667,40
2020/8/7 19:34,1596803647,1596803643,4
2020/8/7 19:33,1596803587,1596803557,30
2020/8/7 19:32,1596803527,1596803500,27
2020/8/7 19:31,1596803467,1596803469,-2
2020/8/7 19:30,1596803407,1596803407,0
2020/8/7 19:29,1596803347,1596803346,1
2020/8/7 19:28,1596803287,1596803255,32
2020/8/7 19:27,1596803227,1596803194,33
2020/8/7 19:26,1596803167,1596803154,13
2020/8/7 19:25,1596803107,1596803108,-1
2020/8/7 19:24,1596803047,1596802991,56
2020/8/7 19:23,1596802987,1596802960,27
2020/8/7 19:22,1596802927,1596802928,-1
2020/8/7 19:21,1596802867,1596802849,18
2020/8/7 19:20,1596802807,1596802803,4
2020/8/7 19:19,1596802747,1596802748,-1
2020/8/7 19:18,1596802687,1596802669,18
2020/8/7 19:17,1596802627,1596802625,2
2020/8/7 19:16,1596802567,1596802483,84
2020/8/7 19:15,1596802508,1596802483,25
2020/8/7 19:14,1596802447,1596802330,117
2020/8/7 19:13,1596802387,1596802330,57
2020/8/7 19:12,1596802327,1596802209,118
2020/8/7 19:11,1596802267,1596802209,58
2020/8/7 19:10,1596802207,1596802209,-2
2020/8/7 19:09,1596802147,1596801822,325
2020/8/7 19:08,1596802087,1596801822,265
2020/8/7 19:07,1596802027,1596801822,205
2020/8/7 19:06,1596801967,1596801822,145
2020/8/7 19:05,1596801907,1596801822,85
2020/8/7 19:04,1596801847,1596801822,25
2020/8/7 19:03,1596801787,1596801265,522
2020/8/7 19:02,1596801727,1596801265,462
2020/8/7 19:01,1596801667,1596801265,402
2020/8/7 19:00,1596801607,1596801265,342
2020/8/7 18:59,1596801547,1596801265,282
2020/8/7 18:58,1596801487,1596801265,222
2020/8/7 18:57,1596801427,1596801265,162
2020/8/7 18:56,1596801367,1596801265,102
2020/8/7 18:55,1596801307,1596801265,42
2020/8/7 18:54,1596801247,1596801046,201
2020/8/7 18:53,1596801187,1596801046,141
2020/8/7 18:52,1596801127,1596801046,81
2020/8/7 18:51,1596801067,1596801046,21
2020/8/7 18:50,1596801007,1596800944,63
2020/8/7 18:49,1596800947,1596800944,3
2020/8/7 18:48,1596800887,1596800873,14
2020/8/7 18:47,1596800827,1596800741,86
2020/8/7 18:46,1596800767,1596800741,26
2020/8/7 18:45,1596800708,1596800687,21
2020/8/7 18:44,1596800647,1596800629,18
2020/8/7 18:43,1596800587,1596800568,19
2020/8/7 18:42,1596800527,1596800467,60
2020/8/7 18:41,1596800467,1596800467,0
2020/8/7 18:40,1596800407,1596800386,21
2020/8/7 18:39,1596800347,1596800273,74
2020/8/7 18:38,1596800287,1596800273,14
2020/8/7 18:37,1596800227,1596800212,15
2020/8/7 18:36,1596800167,1596800169,-2
2020/8/7 18:35,1596800107,1596800093,14
2020/8/7 18:34,1596800047,1596799979,68
2020/8/7 18:33,1596799987,1596799979,8
2020/8/7 18:32,1596799927,1596799927,0
2020/8/7 18:31,1596799867,1596799856,11
2020/8/7 18:30,1596799807,1596799735,72
2020/8/7 18:29,1596799747,1596799735,12
2020/8/7 18:28,1596799687,1596799653,34
2020/8/7 18:27,1596799627,1596799552,75
2020/8/7 18:26,1596799567,1596799552,15
2020/8/7 18:25,1596799507,1596799502,5
2020/8/7 18:24,1596799447,1596799440,7
2020/8/7 18:23,1596799387,1596799368,19
2020/8/7 18:22,1596799327,1596799327,0
2020/8/7 18:21,1596799267,1596799215,52
2020/8/7 18:20,1596799207,1596799184,23
2020/8/7 18:19,1596799147,1596799103,44
2020/8/7 18:18,1596799087,1596799053,34
2020/8/7 18:17,1596799027,1596798900,127
2020/8/7 18:16,1596798967,1596798900,67
2020/8/7 18:15,1596798907,1596798900,7
2020/8/7 18:14,1596798847,1596798819,28
2020/8/7 18:13,1596798787,1596798758,29
2020/8/7 18:12,1596798727,1596798661,66
2020/8/7 18:11,1596798667,1596798661,6
2020/8/7 18:10,1596798607,1596798543,64
2020/8/7 18:09,1596798547,1596798543,4
2020/8/7 18:08,1596798488,1596798462,26
2020/8/7 18:07,1596798427,1596798388,39
2020/8/7 18:06,1596798367,1596798361,6
2020/8/7 18:05,1596798307,1596798300,7
2020/8/7 18:04,1596798248,1596798178,70
2020/8/7 18:03,1596798187,1596798178,9
2020/8/7 18:02,1596798127,1596798129,-2
2020/8/7 18:01,1596798067,1596798064,3
2020/8/7 18:00,1596798007,1596797993,14
2020/8/7 17:59,1596797947,1596797928,19
2020/8/7 17:58,1596797887,1596797845,42
2020/8/7 17:57,1596797827,1596797780,47
2020/8/7 17:56,1596797767,1596797709,58
2020/8/7 17:55,1596797707,1596797709,-2
2020/8/7 17:54,1596797647,1596797607,40
2020/8/7 17:53,1596797587,1596797515,72
2020/8/7 17:52,1596797527,1596797515,12
2020/8/7 17:51,1596797467,1596797439,28
2020/8/7 17:50,1596797407,1596797348,59
2020/8/7 17:49,1596797347,1596797348,-1
2020/8/7 17:48,1596797287,1596797221,66
2020/8/7 17:47,1596797227,1596797221,6
2020/8/7 17:46,1596797167,1596797109,58
2020/8/7 17:45,1596797107,1596797047,60
2020/8/7 17:44,1596797047,1596797047,0
2020/8/7 17:43,1596796987,1596796987,0
2020/8/7 17:42,1596796927,1596796885,42
2020/8/7 17:41,1596796867,1596796869,-2
2020/8/7 17:40,1596796807,1596796763,44
2020/8/7 17:39,1596796747,1596796681,66
2020/8/7 17:38,1596796687,1596796681,6
2020/8/7 17:37,1596796627,1596796610,17
2020/8/7 17:36,1596796567,1596796529,38
2020/8/7 17:35,1596796507,1596796447,60
2020/8/7 17:34,1596796447,1596796447,0
2020/8/7 17:33,1596796387,1596796356,31
2020/8/7 17:32,1596796327,1596796275,52
2020/8/7 17:31,1596796267,1596796183,84
2020/8/7 17:30,1596796207,1596796183,24
2020/8/7 17:29,1596796147,1596796142,5
2020/8/7 17:28,1596796087,1596796078,9
2020/8/7 17:27,1596796027,1596796029,-2
2020/8/7 17:26,1596795967,1596795945,22
2020/8/7 17:25,1596795907,1596795908,-1
2020/8/7 17:24,1596795847,1596795746,101
2020/8/7 17:23,1596795787,1596795746,41
2020/8/7 17:22,1596795727,1596795715,12
2020/8/7 17:21,1596795667,1596795655,12
2020/8/7 17:20,1596795607,1596795583,24
2020/8/7 17:19,1596795547,1596795492,55
2020/8/7 17:18,1596795487,1596795380,107
2020/8/7 17:17,1596795427,1596795380,47
2020/8/7 17:16,1596795367,1596795319,48
2020/8/7 17:15,1596795307,1596795268,39
2020/8/7 17:14,1596795247,1596795176,71
2020/8/7 17:13,1596795187,1596795176,11
2020/8/7 17:12,1596795127,1596795064,63
2020/8/7 17:11,1596795067,1596795064,3
2020/8/7 17:10,1596795007,1596794902,105
2020/8/7 17:09,1596794947,1596794902,45
2020/8/7 17:08,1596794887,1596794790,97
2020/8/7 17:07,1596794827,1596794790,37
2020/8/7 17:06,1596794767,1596794698,69
2020/8/7 17:05,1596794707,1596794698,9
2020/8/7 17:04,1596794647,1596794525,122
2020/8/7 17:03,1596794587,1596794525,62
2020/8/7 17:02,1596794527,1596794525,2
2020/8/7 17:01,1596794467,1596794464,3
2020/8/7 17:00,1596794407,1596794296,111
2020/8/7 16:59,1596794347,1596794296,51
2020/8/7 16:58,1596794287,1596794280,7
2020/8/7 16:57,1596794227,1596794222,5
2020/8/7 16:56,1596794167,1596794169,-2
2020/8/7 16:55,1596794107,1596794078,29
2020/8/7 16:54,1596794047,1596793996,51
2020/8/7 16:53,1596793987,1596793966,21
2020/8/7 16:52,1596793927,1596793929,-2
2020/8/7 16:51,1596793867,1596793855,12
2020/8/7 16:50,1596793807,1596793733,74
2020/8/7 16:49,1596793747,1596793733,14
2020/8/7 16:48,1596793687,1596793681,6
2020/8/7 16:47,1596793627,1596793580,47
2020/8/7 16:46,1596793567,1596793509,58
2020/8/7 16:45,1596793507,1596793509,-2
2020/8/7 16:44,1596793447,1596793444,3
2020/8/7 16:43,1596793387,1596793375,12
2020/8/7 16:42,1596793327,1596793240,87
2020/8/7 16:41,1596793267,1596793240,27
2020/8/7 16:40,1596793207,1596793192,15
2020/8/7 16:39,1596793147,1596793102,45
2020/8/7 16:38,1596793087,1596793079,8
2020/8/7 16:37,1596793027,1596793008,19
2020/8/7 16:36,1596792967,1596792886,81
2020/8/7 16:35,1596792907,1596792886,21
2020/8/7 16:34,1596792847,1596792763,84
2020/8/7 16:33,1596792787,1596792763,24
2020/8/7 16:32,1596792727,1596792670,57
2020/8/7 16:31,1596792667,1596792649,18
2020/8/7 16:30,1596792607,1596792609,-2
2020/8/7 16:29,1596792547,1596792517,30
2020/8/7 16:28,1596792487,1596792466,21
2020/8/7 16:27,1596792427,1596792416,11
2020/8/7 16:26,1596792367,1596792362,5
2020/8/7 16:25,1596792307,1596792308,-1
2020/8/7 16:24,1596792247,1596792232,15
2020/8/7 16:23,1596792187,1596792181,6
2020/8/7 16:22,1596792127,1596791990,137
2020/8/7 16:21,1596792067,1596791990,77
2020/8/7 16:20,1596792007,1596791990,17
2020/8/7 16:19,1596791947,1596791927,20
2020/8/7 16:18,1596791887,1596791878,9
2020/8/7 16:17,1596791827,1596791815,12
2020/8/7 16:16,1596791767,1596791754,13
2020/8/7 16:15,1596791707,1596791703,4
2020/8/7 16:14,1596791647,1596791644,3
2020/8/7 16:13,1596791587,1596791581,6
2020/8/7 16:12,1596791527,1596791520,7
2020/8/7 16:11,1596791467,1596791469,-2
2020/8/7 16:10,1596791407,1596791408,-1
2020/8/7 16:09,1596791347,1596791336,11
2020/8/7 16:08,1596791287,1596791225,62
2020/8/7 16:07,1596791227,1596791225,2
2020/8/7 16:06,1596791167,1596791123,44
2020/8/7 16:05,1596791107,1596791106,1
2020/8/7 16:04,1596791047,1596790961,86
2020/8/7 16:03,1596790987,1596790961,26
2020/8/7 16:02,1596790927,1596790924,3
2020/8/7 16:01,1596790867,1596790869,-2
2020/8/7 16:00,1596790807,1596790788,19
2020/8/7 15:59,1596790747,1596790749,-2
2020/8/7 15:58,1596790687,1596790627,60
2020/8/7 15:57,1596790627,1596790627,0
2020/8/7 15:56,1596790567,1596790553,14
2020/8/7 15:55,1596790507,1596790472,35
2020/8/7 15:54,1596790447,1596790426,21
2020/8/7 15:53,1596790387,1596790363,24
2020/8/7 15:52,1596790327,1596790309,18
2020/8/7 15:51,1596790267,1596790217,50
2020/8/7 15:50,1596790207,1596790155,52
2020/8/7 15:49,1596790147,1596790115,32
2020/8/7 15:48,1596790087,1596790088,-1
2020/8/7 15:47,1596790027,1596790024,3
2020/8/7 15:46,1596789967,1596789961,6
2020/8/7 15:45,1596789907,1596789890,17
2020/8/7 15:44,1596789847,1596789829,18
2020/8/7 15:43,1596789787,1596789778,9
2020/8/7 15:42,1596789727,1596789714,13
2020/8/7 15:41,1596789667,1596789616,51
2020/8/7 15:40,1596789607,1596789555,52
2020/8/7 15:39,1596789547,1596789516,31
2020/8/7 15:38,1596789487,1596789411,76
2020/8/7 15:37,1596789427,1596789411,16
2020/8/7 15:36,1596789367,1596789342,25
2020/8/7 15:35,1596789307,1596789291,16
2020/8/7 15:34,1596789247,1596789199,48
2020/8/7 15:33,1596789187,1596789183,4
2020/8/7 15:32,1596789127,1596789127,0
2020/8/7 15:31,1596789067,1596789057,10
2020/8/7 15:30,1596789007,1596788959,48
2020/8/7 15:29,1596788947,1596788930,17
2020/8/7 15:28,1596788887,1596788844,43
2020/8/7 15:27,1596788827,1596788826,1
2020/8/7 15:26,1596788767,1596788720,47
2020/8/7 15:25,1596788707,1596788699,8
2020/8/7 15:24,1596788647,1596788649,-2
2020/8/7 15:23,1596788587,1596788582,5
2020/8/7 15:22,1596788527,1596788527,0
2020/8/7 15:21,1596788467,1596788436,31
2020/8/7 15:20,1596788407,1596788344,63
2020/8/7 15:19,1596788347,1596788344,3
2020/8/7 15:18,1596788287,1596788202,85
2020/8/7 15:17,1596788227,1596788202,25
2020/8/7 15:16,1596788167,1596788091,76
2020/8/7 15:15,1596788107,1596788091,16
2020/8/7 15:14,1596788047,1596787999,48
2020/8/7 15:13,1596787987,1596787969,18
2020/8/7 15:12,1596787927,1596787926,1
2020/8/7 15:11,1596787867,1596787868,-1
2020/8/7 15:10,1596787807,1596787765,42
2020/8/7 15:09,1596787747,1596787683,64
2020/8/7 15:08,1596787687,1596787683,4
2020/8/7 15:07,1596787627,1596787608,19
2020/8/7 15:06,1596787567,1596787562,5
2020/8/7 15:05,1596787507,1596787506,1
2020/8/7 15:04,1596787447,1596787440,7
2020/8/7 15:03,1596787387,1596787359,28
2020/8/7 15:02,1596787327,1596787298,29
2020/8/7 15:01,1596787267,1596787246,21
2020/8/7 15:00,1596787207,1596787146,61
2020/8/7 14:59,1596787147,1596787146,1
2020/8/7 14:58,1596787087,1596787085,2
2020/8/7 14:57,1596787027,1596786973,54
2020/8/7 14:56,1596786967,1596786923,44
2020/8/7 14:55,1596786907,1596786872,35
2020/8/7 14:54,1596786847,1596786831,16
2020/8/7 14:53,1596786787,1596786780,7
2020/8/7 14:52,1596786727,1596786722,5
2020/8/7 14:51,1596786667,1596786659,8
2020/8/7 14:50,1596786607,1596786597,10
2020/8/7 14:49,1596786547,1596786496,51
2020/8/7 14:48,1596786487,1596786425,62
2020/8/7 14:47,1596786427,1596786425,2
2020/8/7 14:46,1596786367,1596786366,1
2020/8/7 14:45,1596786307,1596786303,4
2020/8/7 14:44,1596786247,1596786202,45
2020/8/7 14:43,1596786187,1596786187,0
2020/8/7 14:42,1596786127,1596786100,27
2020/8/7 14:41,1596786067,1596786039,28
2020/8/7 14:40,1596786007,1596786008,-1
2020/8/7 14:39,1596785947,1596785937,10
2020/8/7 14:38,1596785887,1596785876,11
2020/8/7 14:37,1596785827,1596785825,2
2020/8/7 14:36,1596785767,1596785713,54
2020/8/7 14:35,1596785707,1596785673,34
2020/8/7 14:34,1596785647,1596785631,16
2020/8/7 14:33,1596785587,1596785539,48
2020/8/7 14:32,1596785527,1596785488,39
2020/8/7 14:31,1596785467,1596785448,19
2020/8/7 14:30,1596785407,1596785391,16
2020/8/7 14:29,1596785347,1596785305,42
2020/8/7 14:28,1596785287,1596785274,13
2020/8/7 14:27,1596785227,1596785206,21
2020/8/7 14:26,1596785167,1596785163,4
2020/8/7 14:25,1596785107,1596785061,46
2020/8/7 14:24,1596785047,1596785027,20
2020/8/7 14:23,1596784987,1596784960,27
2020/8/7 14:22,1596784927,1596784925,2
2020/8/7 14:21,1596784867,1596784867,0
2020/8/7 14:20,1596784807,1596784777,30
2020/8/7 14:19,1596784747,1596784737,10
2020/8/7 14:18,1596784687,1596784686,1
2020/8/7 14:17,1596784627,1596784625,2
2020/8/7 14:16,1596784567,1596784553,14
2020/8/7 14:15,1596784507,1596784503,4
2020/8/7 14:14,1596784447,1596784411,36
2020/8/7 14:13,1596784387,1596784361,26
2020/8/7 14:12,1596784327,1596784268,59
2020/8/7 14:11,1596784267,1596784268,-1
2020/8/7 14:10,1596784208,1596784187,21
2020/8/7 14:09,1596784147,1596784104,43
2020/8/7 14:08,1596784087,1596784086,1
2020/8/7 14:07,1596784027,1596784015,12
2020/8/7 14:06,1596783967,1596783943,24
2020/8/7 14:05,1596783907,1596783863,44
2020/8/7 14:04,1596783847,1596783802,45
2020/8/7 14:03,1596783787,1596783770,17
2020/8/7 14:02,1596783727,1596783689,38
2020/8/7 14:01,1596783667,1596783599,68
2020/8/7 14:00,1596783607,1596783599,8
2020/8/7 13:59,1596783547,1596783527,20
2020/8/7 13:58,1596783487,1596783445,42
2020/8/7 13:57,1596783427,1596783425,2
2020/8/7 13:56,1596783367,1596783341,26
2020/8/7 13:55,1596783307,1596783304,3
2020/8/7 13:54,1596783247,1596783246,1
2020/8/7 13:53,1596783187,1596783182,5
2020/8/7 13:52,1596783127,1596783104,23
2020/8/7 13:51,1596783067,1596783054,13
2020/8/7 13:50,1596783007,1596782978,29
2020/8/7 13:49,1596782947,1596782949,-2
2020/8/7 13:48,1596782887,1596782878,9
2020/8/7 13:47,1596782827,1596782828,-1
2020/8/7 13:46,1596782767,1596782768,-1
2020/8/7 13:45,1596782707,1596782684,23
2020/8/7 13:44,1596782648,1596782614,34
2020/8/7 13:43,1596782587,1596782547,40
2020/8/7 13:42,1596782527,1596782527,0
2020/8/7 13:41,1596782467,1596782452,15
2020/8/7 13:40,1596782407,1596782378,29
2020/8/7 13:39,1596782347,1596782319,28
2020/8/7 13:38,1596782287,1596782289,-2
2020/8/7 13:37,1596782227,1596782174,53
2020/8/7 13:36,1596782167,1596782163,4
2020/8/7 13:35,1596782107,1596782090,17
2020/8/7 13:34,1596782047,1596782045,2
2020/8/7 13:33,1596781987,1596781944,43
2020/8/7 13:32,1596781927,1596781791,136
2020/8/7 13:31,1596781867,1596781791,76
2020/8/7 13:30,1596781807,1596781791,16
2020/8/7 13:29,1596781747,1596781638,109
2020/8/7 13:28,1596781687,1596781638,49
2020/8/7 13:27,1596781627,1596781558,69
2020/8/7 13:26,1596781567,1596781558,9
2020/8/7 13:25,1596781508,1596781481,27
2020/8/7 13:24,1596781447,1596781446,1
2020/8/7 13:23,1596781387,1596781375,12
2020/8/7 13:22,1596781327,1596781324,3
2020/8/7 13:21,1596781267,1596781264,3
2020/8/7 13:20,1596781207,1596781131,76
2020/8/7 13:19,1596781147,1596781131,16
2020/8/7 13:18,1596781087,1596781075,12
2020/8/7 13:17,1596781027,1596781000,27
2020/8/7 13:16,1596780967,1596780969,-2
2020/8/7 13:15,1596780907,1596780878,29
2020/8/7 13:14,1596780847,1596780807,40
2020/8/7 13:13,1596780787,1596780706,81
2020/8/7 13:12,1596780727,1596780706,21
2020/8/7 13:11,1596780667,1596780634,33
2020/8/7 13:10,1596780607,1596780607,0
2020/8/7 13:09,1596780547,1596780501,46
2020/8/7 13:08,1596780487,1596780477,10
2020/8/7 13:07,1596780427,1596780350,77
2020/8/7 13:06,1596780367,1596780350,17
2020/8/7 13:05,1596780307,1596780309,-2
2020/8/7 13:04,1596780248,1596780249,-1
2020/8/7 13:03,1596780187,1596780187,0
2020/8/7 13:02,1596780127,1596780116,11
2020/8/7 13:01,1596780067,1596780061,6
2020/8/7 13:00,1596780007,1596780005,2
2020/8/7 12:59,1596779947,1596779913,34
2020/8/7 12:58,1596779887,1596779875,12
2020/8/7 12:57,1596779827,1596779802,25
2020/8/7 12:56,1596779767,1596779756,11
2020/8/7 12:55,1596779707,1596779652,55
2020/8/7 12:54,1596779647,1596779648,-1
2020/8/7 12:53,1596779587,1596779585,2
2020/8/7 12:52,1596779527,1596779511,16
2020/8/7 12:51,1596779467,1596779446,21
2020/8/7 12:50,1596779407,1596779321,86
2020/8/7 12:49,1596779347,1596779321,26
2020/8/7 12:48,1596779287,1596779283,4
2020/8/7 12:47,1596779227,1596779161,66
2020/8/7 12:46,1596779167,1596779161,6
2020/8/7 12:45,1596779107,1596779090,17
2020/8/7 12:44,1596779047,1596779042,5
2020/8/7 12:43,1596778987,1596778954,33
2020/8/7 12:42,1596778927,1596778856,71
2020/8/7 12:41,1596778867,1596778856,11
2020/8/7 12:40,1596778807,1596778761,46
2020/8/7 12:39,1596778747,1596778735,12
2020/8/7 12:38,1596778687,1596778663,24
2020/8/7 12:37,1596778627,1596778624,3
2020/8/7 12:36,1596778567,1596778451,116
2020/8/7 12:35,1596778507,1596778451,56
2020/8/7 12:34,1596778447,1596778431,16
2020/8/7 12:33,1596778387,1596778384,3
2020/8/7 12:32,1596778327,1596778309,18
2020/8/7 12:31,1596778267,1596778216,51
2020/8/7 12:30,1596778207,1596778186,21
2020/8/7 12:29,1596778147,1596778125,22
2020/8/7 12:28,1596778087,1596778024,63
2020/8/7 12:27,1596778027,1596778024,3
2020/8/7 12:26,1596777967,1596777932,35
2020/8/7 12:25,1596777907,1596777885,22
2020/8/7 12:24,1596777847,1596777841,6
2020/8/7 12:23,1596777787,1596777789,-2
2020/8/7 12:22,1596777727,1596777724,3
2020/8/7 12:21,1596777667,1596777657,10
2020/8/7 12:20,1596777607,1596777586,21
2020/8/7 12:19,1596777548,1596777545,3
2020/8/7 12:18,1596777487,1596777477,10
2020/8/7 12:17,1596777427,1596777321,106
2020/8/7 12:16,1596777367,1596777321,46
2020/8/7 12:15,1596777307,1596777281,26
2020/8/7 12:14,1596777247,1596777210,37
2020/8/7 12:13,1596777187,1596777187,0
2020/8/7 12:12,1596777127,1596777078,49
2020/8/7 12:11,1596777067,1596776960,107
2020/8/7 12:10,1596777007,1596776960,47
2020/8/7 12:09,1596776947,1596776936,11
2020/8/7 12:08,1596776887,1596776824,63
2020/8/7 12:07,1596776827,1596776824,3
2020/8/7 12:06,1596776767,1596776756,11
2020/8/7 12:05,1596776707,1596776681,26
2020/8/7 12:04,1596776647,1596776643,4
2020/8/7 12:03,1596776587,1596776580,7
2020/8/7 12:02,1596776527,1596776509,18
2020/8/7 12:01,1596776467,1596776457,10
2020/8/7 12:00,1596776407,1596776367,40
2020/8/7 11:59,1596776347,1596776283,64
2020/8/7 11:58,1596776287,1596776283,4
2020/8/7 11:57,1596776227,1596776204,23
2020/8/7 11:56,1596776167,1596776167,0
2020/8/7 11:55,1596776107,1596776083,24
2020/8/7 11:54,1596776047,1596775986,61
2020/8/7 11:53,1596775987,1596775986,1
2020/8/7 11:52,1596775927,1596775913,14
2020/8/7 11:51,1596775867,1596775858,9
2020/8/7 11:50,1596775807,1596775806,1
2020/8/7 11:49,1596775747,1596775744,3
2020/8/7 11:48,1596775687,1596775686,1
2020/8/7 11:47,1596775627,1596775628,-1
2020/8/7 11:46,1596775567,1596775566,1
2020/8/7 11:45,1596775507,1596775495,12
2020/8/7 11:44,1596775447,1596775402,45
2020/8/7 11:43,1596775387,1596775341,46
2020/8/7 11:42,1596775327,1596775310,17
2020/8/7 11:41,1596775267,1596775229,38
2020/8/7 11:40,1596775207,1596775169,38
2020/8/7 11:39,1596775147,1596775128,19
2020/8/7 11:38,1596775087,1596774995,92
2020/8/7 11:37,1596775027,1596774995,32
2020/8/7 11:36,1596774967,1596774884,83
2020/8/7 11:35,1596774907,1596774884,23
2020/8/7 11:34,1596774847,1596774752,95
2020/8/7 11:33,1596774787,1596774752,35
2020/8/7 11:32,1596774727,1596774701,26
2020/8/7 11:31,1596774667,1596774623,44
2020/8/7 11:30,1596774607,1596774608,-1
2020/8/7 11:29,1596774547,1596774548,-1
2020/8/7 11:28,1596774487,1596774447,40
2020/8/7 11:27,1596774427,1596774396,31
2020/8/7 11:26,1596774367,1596774345,22
2020/8/7 11:25,1596774307,1596774301,6
2020/8/7 11:24,1596774247,1596774193,54
2020/8/7 11:23,1596774187,1596774111,76
2020/8/7 11:22,1596774127,1596774111,16
2020/8/7 11:21,1596774067,1596773970,97
2020/8/7 11:20,1596774007,1596773970,37
2020/8/7 11:19,1596773947,1596773848,99
2020/8/7 11:18,1596773887,1596773848,39
2020/8/7 11:17,1596773827,1596773790,37
2020/8/7 11:16,1596773767,1596773737,30
2020/8/7 11:15,1596773707,1596773696,11
2020/8/7 11:14,1596773647,1596773640,7
2020/8/7 11:13,1596773587,1596773584,3
2020/8/7 11:12,1596773527,1596773516,11
2020/8/7 11:11,1596773467,1596773463,4
2020/8/7 11:10,1596773407,1596773385,22
2020/8/7 11:09,1596773347,1596773258,89
2020/8/7 11:08,1596773287,1596773258,29
2020/8/7 11:07,1596773227,1596773126,101
2020/8/7 11:06,1596773167,1596773126,41
2020/8/7 11:05,1596773107,1596773051,56
2020/8/7 11:04,1596773047,1596773004,43
2020/8/7 11:03,1596772987,1596772963,24
2020/8/7 11:02,1596772927,1596772925,2
2020/8/7 11:01,1596772867,1596772851,16
2020/8/7 11:00,1596772807,1596772780,27
2020/8/7 10:59,1596772747,1596772668,79
2020/8/7 10:58,1596772687,1596772668,19
2020/8/7 10:57,1596772627,1596772607,20
2020/8/7 10:56,1596772567,1596772465,102
2020/8/7 10:55,1596772507,1596772465,42
2020/8/7 10:54,1596772447,1596772353,94
2020/8/7 10:53,1596772387,1596772353,34
2020/8/7 10:52,1596772327,1596772306,21
2020/8/7 10:51,1596772267,1596772253,14
2020/8/7 10:50,1596772207,1596772170,37
2020/8/7 10:49,1596772147,1596772037,110
2020/8/7 10:48,1596772087,1596772037,50
2020/8/7 10:47,1596772027,1596771997,30
2020/8/7 10:46,1596771967,1596771924,43
2020/8/7 10:45,1596771907,1596771884,23
2020/8/7 10:44,1596771847,1596771834,13
2020/8/7 10:43,1596771787,1596771701,86
2020/8/7 10:42,1596771727,1596771701,26
2020/8/7 10:41,1596771667,1596771668,-1
2020/8/7 10:40,1596771607,1596771528,79
2020/8/7 10:39,1596771547,1596771528,19
2020/8/7 10:38,1596771487,1596771467,20
2020/8/7 10:37,1596771427,1596771386,41
2020/8/7 10:36,1596771367,1596771344,23
2020/8/7 10:35,1596771307,1596771264,43
2020/8/7 10:34,1596771247,1596771132,115
2020/8/7 10:33,1596771187,1596771132,55
2020/8/7 10:32,1596771127,1596771123,4
2020/8/7 10:31,1596771067,1596771020,47
2020/8/7 10:30,1596771007,1596770959,48
2020/8/7 10:29,1596770947,1596770942,5
2020/8/7 10:28,1596770887,1596770866,21
2020/8/7 10:27,1596770827,1596770765,62
2020/8/7 10:26,1596770767,1596770765,2
2020/8/7 10:25,1596770707,1596770684,23
2020/8/7 10:24,1596770647,1596770645,2
2020/8/7 10:23,1596770587,1596770572,15
2020/8/7 10:22,1596770527,1596770502,25
2020/8/7 10:21,1596770467,1596770462,5
2020/8/7 10:20,1596770407,1596770368,39
2020/8/7 10:19,1596770347,1596770329,18
2020/8/7 10:18,1596770287,1596770288,-1
2020/8/7 10:17,1596770227,1596770177,50
2020/8/7 10:16,1596770167,1596770156,11
2020/8/7 10:15,1596770107,1596770085,22
2020/8/7 10:14,1596770047,1596770049,-2
2020/8/7 10:13,1596769987,1596769943,44
2020/8/7 10:12,1596769927,1596769912,15
2020/8/7 10:11,1596769867,1596769851,16
2020/8/7 10:10,1596769807,1596769800,7
2020/8/7 10:09,1596769747,1596769749,-2
2020/8/7 10:08,1596769687,1596769668,19
2020/8/7 10:07,1596769627,1596769567,60
2020/8/7 10:06,1596769567,1596769567,0
2020/8/7 10:05,1596769507,1596769508,-1
2020/8/7 10:04,1596769447,1596769415,32
2020/8/7 10:03,1596769387,1596769354,33
2020/8/7 10:02,1596769327,1596769325,2
2020/8/7 10:01,1596769268,1596769269,-1
2020/8/7 10:00,1596769207,1596769110,97
2020/8/7 09:59,1596769147,1596769110,37
2020/8/7 09:58,1596769088,1596769079,9
2020/8/7 09:57,1596769027,1596769008,19
2020/8/7 09:56,1596768967,1596768937,30
2020/8/7 09:55,1596768907,1596768889,18
2020/8/7 09:54,1596768847,1596768846,1
2020/8/7 09:53,1596768787,1596768702,85
2020/8/7 09:52,1596768727,1596768702,25
2020/8/7 09:51,1596768667,1596768642,25
2020/8/7 09:50,1596768607,1596768608,-1
2020/8/7 09:49,1596768547,1596768547,0
2020/8/7 09:48,1596768487,1596768484,3
2020/8/7 09:47,1596768427,1596768418,9
2020/8/7 09:46,1596768367,1596768317,50
2020/8/7 09:45,1596768307,1596768254,53
2020/8/7 09:44,1596768247,1596768219,28
2020/8/7 09:43,1596768187,1596768183,4
2020/8/7 09:42,1596768127,1596768127,0
2020/8/7 09:41,1596768067,1596768046,21
2020/8/7 09:40,1596768007,1596767999,8
2020/8/7 09:39,1596767947,1596767940,7
2020/8/7 09:38,1596767887,1596767866,21
2020/8/7 09:37,1596767827,1596767828,-1
2020/8/7 09:36,1596767767,1596767768,-1
2020/8/7 09:35,1596767707,1596767696,11
2020/8/7 09:34,1596767647,1596767635,12
2020/8/7 09:33,1596767587,1596767573,14
2020/8/7 09:32,1596767527,1596767467,60
2020/8/7 09:31,1596767467,1596767467,0
2020/8/7 09:30,1596767407,1596767369,38
2020/8/7 09:29,1596767347,1596767324,23
2020/8/7 09:28,1596767287,1596767239,48
2020/8/7 09:27,1596767227,1596767087,140
2020/8/7 09:26,1596767167,1596767087,80
2020/8/7 09:25,1596767107,1596767087,20
2020/8/7 09:24,1596767047,1596767047,0
2020/8/7 09:23,1596766987,1596766965,22
2020/8/7 09:22,1596766927,1596766925,2
2020/8/7 09:21,1596766867,1596766863,4
2020/8/7 09:20,1596766807,1596766696,111
2020/8/7 09:19,1596766747,1596766696,51
2020/8/7 09:18,1596766687,1596766679,8
2020/8/7 09:17,1596766627,1596766607,20
2020/8/7 09:16,1596766567,1596766513,54
2020/8/7 09:15,1596766507,1596766497,10
2020/8/7 09:14,1596766447,1596766367,80
2020/8/7 09:13,1596766387,1596766367,20
2020/8/7 09:12,1596766327,1596766316,11
2020/8/7 09:11,1596766267,1596766263,4
2020/8/7 09:10,1596766207,1596766150,57
2020/8/7 09:09,1596766147,1596766130,17
2020/8/7 09:08,1596766087,1596766078,9
2020/8/7 09:07,1596766027,1596765995,32
2020/8/7 09:06,1596765967,1596765903,64
2020/8/7 09:05,1596765907,1596765903,4
2020/8/7 09:04,1596765847,1596765840,7
2020/8/7 09:03,1596765787,1596765757,30
2020/8/7 09:02,1596765727,1596765704,23
2020/8/7 09:01,1596765667,1596765652,15
2020/8/7 09:00,1596765607,1596765566,41
2020/8/7 08:59,1596765547,1596765508,39
2020/8/7 08:58,1596765487,1596765406,81
2020/8/7 08:57,1596765427,1596765406,21
2020/8/7 08:56,1596765367,1596765366,1
2020/8/7 08:55,1596765307,1596765255,52
2020/8/7 08:54,1596765247,1596765224,23
2020/8/7 08:53,1596765187,1596765163,24
2020/8/7 08:52,1596765127,1596765102,25
2020/8/7 08:51,1596765067,1596765017,50
2020/8/7 08:50,1596765007,1596765008,-1
2020/8/7 08:49,1596764947,1596764878,69
2020/8/7 08:48,1596764887,1596764878,9
2020/8/7 08:47,1596764827,1596764787,40
2020/8/7 08:46,1596764767,1596764746,21
2020/8/7 08:45,1596764707,1596764676,31
2020/8/7 08:44,1596764647,1596764573,74
2020/8/7 08:43,1596764587,1596764573,14
2020/8/7 08:42,1596764527,1596764492,35
2020/8/7 08:41,1596764467,1596764441,26
2020/8/7 08:40,1596764407,1596764359,48
2020/8/7 08:39,1596764347,1596764302,45
2020/8/7 08:38,1596764287,1596764288,-1
2020/8/7 08:37,1596764227,1596764207,20
2020/8/7 08:36,1596764167,1596764168,-1
2020/8/7 08:35,1596764107,1596764084,23
2020/8/7 08:34,1596764047,1596764018,29
2020/8/7 08:33,1596763987,1596763973,14
2020/8/7 08:32,1596763927,1596763881,46
2020/8/7 08:31,1596763867,1596763851,16
2020/8/7 08:30,1596763807,1596763728,79
2020/8/7 08:29,1596763747,1596763728,19
2020/8/7 08:28,1596763687,1596763617,70
2020/8/7 08:27,1596763627,1596763617,10
2020/8/7 08:26,1596763567,1596763495,72
2020/8/7 08:25,1596763507,1596763495,12
2020/8/7 08:24,1596763447,1596763449,-2
2020/8/7 08:23,1596763387,1596763383,4
2020/8/7 08:22,1596763327,1596763319,8
2020/8/7 08:21,1596763267,1596763268,-1
2020/8/7 08:20,1596763207,1596763202,5
2020/8/7 08:19,1596763147,1596763148,-1
2020/8/7 08:18,1596763087,1596763088,-1
2020/8/7 08:17,1596763027,1596763019,8
2020/8/7 08:16,1596762967,1596762960,7
2020/8/7 08:15,1596762907,1596762898,9
2020/8/7 08:14,1596762847,1596762843,4
2020/8/7 08:13,1596762787,1596762771,16
2020/8/7 08:12,1596762727,1596762721,6
2020/8/7 08:11,1596762667,1596762659,8
2020/8/7 08:10,1596762607,1596762608,-1
2020/8/7 08:09,1596762547,1596762536,11
2020/8/7 08:08,1596762487,1596762455,32
2020/8/7 08:07,1596762427,1596762405,22
2020/8/7 08:06,1596762367,1596762334,33
2020/8/7 08:05,1596762307,1596762294,13
2020/8/7 08:04,1596762247,1596762232,15
2020/8/7 08:03,1596762187,1596762130,57
2020/8/7 08:02,1596762127,1596762128,-1
2020/8/7 08:01,1596762067,1596762064,3
2020/8/7 08:00,1596762007,1596761994,13
2020/8/7 07:59,1596761947,1596761947,0
2020/8/7 07:58,1596761887,1596761877,10
2020/8/7 07:57,1596761827,1596761826,1
2020/8/7 07:56,1596761767,1596761769,-2
2020/8/7 07:55,1596761707,1596761708,-1
2020/8/7 07:54,1596761647,1596761633,14
2020/8/7 07:53,1596761587,1596761587,0
2020/8/7 07:52,1596761527,1596761523,4
2020/8/7 07:51,1596761467,1596761468,-1
2020/8/7 07:50,1596761407,1596761401,6
2020/8/7 07:49,1596761347,1596761348,-1
2020/8/7 07:48,1596761287,1596761233,54
2020/8/7 07:47,1596761227,1596761226,1
2020/8/7 07:46,1596761167,1596761135,32
2020/8/7 07:45,1596761107,1596761054,53
2020/8/7 07:44,1596761047,1596760992,55
2020/8/7 07:43,1596760987,1596760956,31
2020/8/7 07:42,1596760927,1596760881,46
2020/8/7 07:41,1596760867,1596760810,57
2020/8/7 07:40,1596760807,1596760739,68
2020/8/7 07:39,1596760747,1596760739,8
2020/8/7 07:38,1596760687,1596760648,39
2020/8/7 07:37,1596760627,1596760627,0
2020/8/7 07:36,1596760567,1596760546,21
2020/8/7 07:35,1596760507,1596760465,42
2020/8/7 07:34,1596760447,1596760344,103
2020/8/7 07:33,1596760387,1596760344,43
2020/8/7 07:32,1596760327,1596760323,4
2020/8/7 07:31,1596760267,1596760216,51
2020/8/7 07:30,1596760207,1596760171,36
2020/8/7 07:29,1596760147,1596760140,7
2020/8/7 07:28,1596760087,1596760081,6
2020/8/7 07:27,1596760027,1596760008,19
2020/8/7 07:26,1596759967,1596759968,-1
2020/8/7 07:25,1596759907,1596759908,-1
2020/8/7 07:24,1596759847,1596759775,72
2020/8/7 07:23,1596759787,1596759775,12
2020/8/7 07:22,1596759727,1596759649,78
2020/8/7 07:21,1596759667,1596759649,18
2020/8/7 07:20,1596759607,1596759603,4
2020/8/7 07:19,1596759547,1596759548,-1
2020/8/7 07:18,1596759487,1596759440,47
2020/8/7 07:17,1596759427,1596759370,57
2020/8/7 07:16,1596759367,1596759217,150
2020/8/7 07:15,1596759307,1596759217,90
2020/8/7 07:14,1596759247,1596759217,30
2020/8/7 07:13,1596759187,1596759177,10
2020/8/7 07:12,1596759127,1596759065,62
2020/8/7 07:11,1596759067,1596759065,2
2020/8/7 07:10,1596759007,1596758486,521
2020/8/7 07:09,1596758947,1596758486,461
2020/8/7 07:08,1596758887,1596758486,401
2020/8/7 07:07,1596758827,1596758486,341
2020/8/7 07:06,1596758767,1596758486,281
2020/8/7 07:05,1596758707,1596758486,221
2020/8/7 07:04,1596758647,1596758486,161
2020/8/7 07:03,1596758587,1596758486,101
2020/8/7 07:02,1596758527,1596758486,41
2020/8/7 07:01,1596758467,1596758312,155
2020/8/7 07:00,1596758407,1596758312,95
2020/8/7 06:59,1596758347,1596758312,35
2020/8/7 06:58,1596758287,1596758264,23
2020/8/7 06:57,1596758227,1596757978,249
2020/8/7 06:56,1596758167,1596757978,189
2020/8/7 06:55,1596758107,1596757978,129
2020/8/7 06:54,1596758047,1596757978,69
2020/8/7 06:53,1596757987,1596757978,9
2020/8/7 06:52,1596757927,1596757927,0
2020/8/7 06:51,1596757868,1596757866,2
2020/8/7 06:50,1596757807,1596757785,22
2020/8/7 06:49,1596757747,1596757724,23
2020/8/7 06:48,1596757687,1596757439,248
2020/8/7 06:47,1596757627,1596757439,188
2020/8/7 06:46,1596757567,1596757439,128
2020/8/7 06:45,1596757507,1596757439,68
2020/8/7 06:44,1596757447,1596757439,8
2020/8/7 06:43,1596757387,1596757370,17
2020/8/7 06:42,1596757327,1596757298,29
2020/8/7 06:41,1596757267,1596757228,39
2020/8/7 06:40,1596757207,1596757208,-1
2020/8/7 06:39,1596757147,1596757125,22
2020/8/7 06:38,1596757087,1596757082,5
2020/8/7 06:37,1596757027,1596756943,84
2020/8/7 06:36,1596756967,1596756943,24
2020/8/7 06:35,1596756907,1596756856,51
2020/8/7 06:34,1596756847,1596756820,27
2020/8/7 06:33,1596756787,1596756736,51
2020/8/7 06:32,1596756727,1596756724,3
2020/8/7 06:31,1596756667,1596756651,16
2020/8/7 06:30,1596756607,1596756588,19
2020/8/7 06:29,1596756547,1596756526,21
2020/8/7 06:28,1596756487,1596756483,4
2020/8/7 06:27,1596756427,1596756426,1
2020/8/7 06:26,1596756367,1596756333,34
2020/8/7 06:25,1596756307,1596756303,4
2020/8/7 06:24,1596756247,1596756242,5
2020/8/7 06:23,1596756187,1596756182,5
2020/8/7 06:22,1596756127,1596756117,10
2020/8/7 06:21,1596756067,1596756009,58
2020/8/7 06:20,1596756007,1596755978,29
2020/8/7 06:19,1596755947,1596755948,-1
2020/8/7 06:18,1596755887,1596755875,12
2020/8/7 06:17,1596755827,1596755826,1
2020/8/7 06:16,1596755767,1596755735,32
2020/8/7 06:15,1596755707,1596755676,31
2020/8/7 06:14,1596755647,1596755633,14
2020/8/7 06:13,1596755587,1596755553,34
2020/8/7 06:12,1596755527,1596755449,78
2020/8/7 06:11,1596755467,1596755449,18
2020/8/7 06:10,1596755407,1596755380,27
2020/8/7 06:09,1596755347,1596755308,39
2020/8/7 06:08,1596755287,1596755248,39
2020/8/7 06:07,1596755227,1596755187,40
2020/8/7 06:06,1596755167,1596755095,72
2020/8/7 06:05,1596755107,1596755095,12
2020/8/7 06:04,1596755047,1596755035,12
2020/8/7 06:03,1596754987,1596754983,4
2020/8/7 06:02,1596754927,1596754893,34
2020/8/7 06:01,1596754867,1596754841,26
2020/8/7 06:00,1596754807,1596754761,46
2020/8/7 05:59,1596754747,1596754730,17
2020/8/7 05:58,1596754687,1596754629,58
2020/8/7 05:57,1596754627,1596754629,-2
2020/8/7 05:56,1596754567,1596754527,40
2020/8/7 05:55,1596754507,1596754504,3
2020/8/7 05:54,1596754447,1596754386,61
2020/8/7 05:53,1596754387,1596754386,1
2020/8/7 05:52,1596754327,1596754294,33
2020/8/7 05:51,1596754267,1596754254,13
2020/8/7 05:50,1596754207,1596754160,47
2020/8/7 05:49,1596754147,1596754148,-1
2020/8/7 05:48,1596754087,1596754080,7
2020/8/7 05:47,1596754027,1596754029,-2
2020/8/7 05:46,1596753967,1596753959,8
2020/8/7 05:45,1596753908,1596753907,1
2020/8/7 05:44,1596753847,1596753826,21
2020/8/7 05:43,1596753787,1596753755,32
2020/8/7 05:42,1596753727,1596753674,53
2020/8/7 05:41,1596753667,1596753637,30
2020/8/7 05:40,1596753607,1596753410,197
2020/8/7 05:39,1596753547,1596753410,137
2020/8/7 05:38,1596753487,1596753410,77
2020/8/7 05:37,1596753427,1596753410,17
2020/8/7 05:36,1596753367,1596753346,21
2020/8/7 05:35,1596753307,1596753298,9
2020/8/7 05:34,1596753247,1596753226,21
2020/8/7 05:33,1596753187,1596753171,16
2020/8/7 05:32,1596753127,1596753105,22
2020/8/7 05:31,1596753067,1596752974,93
2020/8/7 05:30,1596753007,1596752974,33
2020/8/7 05:29,1596752948,1596752912,36
2020/8/7 05:28,1596752887,1596752861,26
2020/8/7 05:27,1596752827,1596752801,26
2020/8/7 05:26,1596752767,1596752748,19
2020/8/7 05:25,1596752707,1596752699,8
2020/8/7 05:24,1596752647,1596752628,19
2020/8/7 05:23,1596752587,1596752536,51
2020/8/7 05:22,1596752527,1596752495,32
2020/8/7 05:21,1596752467,1596752424,43
2020/8/7 05:20,1596752407,1596752343,64
2020/8/7 05:19,1596752347,1596752343,4
2020/8/7 05:18,1596752287,1596752251,36
2020/8/7 05:17,1596752227,1596752069,158
2020/8/7 05:16,1596752167,1596752069,98
2020/8/7 05:15,1596752107,1596752069,38
2020/8/7 05:14,1596752047,1596752037,10
2020/8/7 05:13,1596751988,1596751957,31
2020/8/7 05:12,1596751927,1596751830,97
2020/8/7 05:11,1596751867,1596751830,37
2020/8/7 05:10,1596751807,1596751795,12
2020/8/7 05:09,1596751747,1596751704,43
2020/8/7 05:08,1596751687,1596751678,9
2020/8/7 05:07,1596751627,1596751602,25
2020/8/7 05:06,1596751567,1596751552,15
2020/8/7 05:05,1596751507,1596751475,32
2020/8/7 05:04,1596751447,1596751427,20
2020/8/7 05:03,1596751387,1596751368,19
2020/8/7 05:02,1596751327,1596751267,60
2020/8/7 05:01,1596751267,1596751267,0
2020/8/7 05:00,1596751207,1596751205,2
2020/8/7 04:59,1596751147,1596751124,23
2020/8/7 04:58,1596751087,1596751064,23
2020/8/7 04:57,1596751027,1596751013,14
2020/8/7 04:56,1596750967,1596750932,35
2020/8/7 04:55,1596750907,1596750890,17
2020/8/7 04:54,1596750847,1596750830,17
2020/8/7 04:53,1596750787,1596750596,191
2020/8/7 04:52,1596750727,1596750596,131
2020/8/7 04:51,1596750667,1596750596,71
2020/8/7 04:50,1596750607,1596750596,11
2020/8/7 04:49,1596750547,1596750546,1
2020/8/7 04:48,1596750487,1596750455,32
2020/8/7 04:47,1596750427,1596750373,54
2020/8/7 04:46,1596750367,1596750332,35
2020/8/7 04:45,1596750307,1596750289,18
2020/8/7 04:44,1596750247,1596750200,47
2020/8/7 04:43,1596750187,1596750171,16
2020/8/7 04:42,1596750127,1596750129,-2
2020/8/7 04:41,1596750067,1596750032,35
2020/8/7 04:40,1596750007,1596750005,2
2020/8/7 04:39,1596749947,1596749876,71
2020/8/7 04:38,1596749887,1596749876,11
2020/8/7 04:37,1596749827,1596749813,14
2020/8/7 04:36,1596749767,1596749732,35
2020/8/7 04:35,1596749707,1596749619,88
2020/8/7 04:34,1596749647,1596749619,28
2020/8/7 04:33,1596749587,1596749549,38
2020/8/7 04:32,1596749527,1596749527,0
2020/8/7 04:31,1596749467,1596749456,11
2020/8/7 04:30,1596749407,1596749409,-2
2020/8/7 04:29,1596749347,1596749329,18
2020/8/7 04:28,1596749287,1596749152,135
2020/8/7 04:27,1596749227,1596749152,75
2020/8/7 04:26,1596749167,1596749152,15
2020/8/7 04:25,1596749107,1596749102,5
2020/8/7 04:24,1596749047,1596749020,27
2020/8/7 04:23,1596748987,1596748938,49
2020/8/7 04:22,1596748927,1596748908,19
2020/8/7 04:21,1596748867,1596748796,71
2020/8/7 04:20,1596748807,1596748796,11
2020/8/7 04:19,1596748747,1596748674,73
2020/8/7 04:18,1596748687,1596748674,13
2020/8/7 04:17,1596748627,1596748627,0
2020/8/7 04:16,1596748567,1596748501,66
2020/8/7 04:15,1596748507,1596748501,6
2020/8/7 04:14,1596748447,1596748308,139
2020/8/7 04:13,1596748387,1596748308,79
2020/8/7 04:12,1596748327,1596748308,19
2020/8/7 04:11,1596748267,1596748260,7
2020/8/7 04:10,1596748207,1596748202,5
2020/8/7 04:09,1596748147,1596748095,52
2020/8/7 04:08,1596748087,1596747993,94
2020/8/7 04:07,1596748027,1596747993,34
2020/8/7 04:06,1596747967,1596747963,4
2020/8/7 04:05,1596747907,1596747857,50
2020/8/7 04:04,1596747847,1596747847,0
2020/8/7 04:03,1596747787,1596747725,62
2020/8/7 04:02,1596747727,1596747725,2
2020/8/7 04:01,1596747667,1596747658,9
2020/8/7 04:00,1596747607,1596747609,-2
2020/8/7 03:59,1596747547,1596747479,68
2020/8/7 03:58,1596747487,1596747479,8
2020/8/7 03:57,1596747427,1596747425,2
2020/8/7 03:56,1596747367,1596747343,24
2020/8/7 03:55,1596747307,1596747220,87
2020/8/7 03:54,1596747247,1596747220,27
2020/8/7 03:53,1596747187,1596747063,124
2020/8/7 03:52,1596747127,1596747063,64
2020/8/7 03:51,1596747067,1596747063,4
2020/8/7 03:50,1596747007,1596746999,8
2020/8/7 03:49,1596746947,1596746938,9
2020/8/7 03:48,1596746887,1596746877,10
2020/8/7 03:47,1596746827,1596746785,42
2020/8/7 03:46,1596746767,1596746703,64
2020/8/7 03:45,1596746707,1596746703,4
2020/8/7 03:44,1596746647,1596746597,50
2020/8/7 03:43,1596746587,1596746572,15
2020/8/7 03:42,1596746527,1596746470,57
2020/8/7 03:41,1596746467,1596746467,0
2020/8/7 03:40,1596746407,1596746389,18
2020/8/7 03:39,1596746347,1596746347,0
2020/8/7 03:38,1596746287,1596746277,10
2020/8/7 03:37,1596746227,1596746205,22
2020/8/7 03:36,1596746167,1596746118,49
2020/8/7 03:35,1596746107,1596746098,9
2020/8/7 03:34,1596746047,1596746044,3
2020/8/7 03:33,1596745987,1596745941,46
2020/8/7 03:32,1596745927,1596745870,57
2020/8/7 03:31,1596745867,1596745852,15
2020/8/7 03:30,1596745807,1596745789,18
2020/8/7 03:29,1596745747,1596745626,121
2020/8/7 03:28,1596745687,1596745626,61
2020/8/7 03:27,1596745627,1596745626,1
2020/8/7 03:26,1596745567,1596745534,33
2020/8/7 03:25,1596745507,1596745493,14
2020/8/7 03:24,1596745447,1596745443,4
2020/8/7 03:23,1596745387,1596745339,48
2020/8/7 03:22,1596745327,1596745308,19
2020/8/7 03:21,1596745267,1596745261,6
2020/8/7 03:20,1596745207,1596745207,0
2020/8/7 03:19,1596745147,1596745109,38
2020/8/7 03:18,1596745087,1596745035,52
2020/8/7 03:17,1596745027,1596744984,43
2020/8/7 03:16,1596744967,1596744941,26
2020/8/7 03:15,1596744907,1596744909,-2
2020/8/7 03:14,1596744847,1596744842,5
2020/8/7 03:13,1596744787,1596744761,26
2020/8/7 03:12,1596744727,1596744729,-2
2020/8/7 03:11,1596744667,1596744660,7
2020/8/7 03:10,1596744607,1596744589,18
2020/8/7 03:09,1596744547,1596744538,9
2020/8/7 03:08,1596744487,1596744477,10
2020/8/7 03:07,1596744427,1596744422,5
2020/8/7 03:06,1596744367,1596744284,83
2020/8/7 03:05,1596744307,1596744284,23
2020/8/7 03:04,1596744247,1596744173,74
2020/8/7 03:03,1596744187,1596744173,14
2020/8/7 03:02,1596744127,1596744112,15
2020/8/7 03:01,1596744067,1596744064,3
2020/8/7 03:00,1596744007,1596743984,23
2020/8/7 02:59,1596743947,1596743931,16
2020/8/7 02:58,1596743887,1596743880,7
2020/8/7 02:57,1596743827,1596743766,61
2020/8/7 02:56,1596743767,1596743766,1
2020/8/7 02:55,1596743707,1596743685,22
2020/8/7 02:54,1596743647,1596743644,3
2020/8/7 02:53,1596743587,1596743563,24
2020/8/7 02:52,1596743527,1596743528,-1
2020/8/7 02:51,1596743467,1596743431,36
2020/8/7 02:50,1596743407,1596743330,77
2020/8/7 02:49,1596743347,1596743330,17
2020/8/7 02:48,1596743287,1596743269,18
2020/8/7 02:47,1596743227,1596743106,121
2020/8/7 02:46,1596743167,1596743106,61
2020/8/7 02:45,1596743107,1596743106,1
2020/8/7 02:44,1596743047,1596743025,22
2020/8/7 02:43,1596742987,1596742975,12
2020/8/7 02:42,1596742927,1596742918,9
2020/8/7 02:41,1596742867,1596742868,-1
2020/8/7 02:40,1596742807,1596742792,15
2020/8/7 02:39,1596742747,1596742731,16
2020/8/7 02:38,1596742687,1596742639,48
2020/8/7 02:37,1596742627,1596742622,5
2020/8/7 02:36,1596742567,1596742558,9
2020/8/7 02:35,1596742507,1596742507,0
2020/8/7 02:34,1596742447,1596742427,20
2020/8/7 02:33,1596742387,1596742346,41
2020/8/7 02:32,1596742327,1596742274,53
2020/8/7 02:31,1596742267,1596742258,9
2020/8/7 02:30,1596742207,1596742172,35
2020/8/7 02:29,1596742147,1596742131,16
2020/8/7 02:28,1596742087,1596742071,16
2020/8/7 02:27,1596742027,1596742010,17
2020/8/7 02:26,1596741967,1596741918,49
2020/8/7 02:25,1596741907,1596741888,19
2020/8/7 02:24,1596741847,1596741807,40
2020/8/7 02:23,1596741787,1596741783,4
2020/8/7 02:22,1596741727,1596741728,-1
2020/8/7 02:21,1596741667,1596741665,2
2020/8/7 02:20,1596741607,1596741564,43
2020/8/7 02:19,1596741547,1596741503,44
2020/8/7 02:18,1596741487,1596741442,45
2020/8/7 02:17,1596741427,1596741341,86
2020/8/7 02:16,1596741367,1596741341,26
2020/8/7 02:15,1596741307,1596741282,25
2020/8/7 02:14,1596741247,1596741249,-2
2020/8/7 02:13,1596741187,1596741178,9
2020/8/7 02:12,1596741127,1596741016,111
2020/8/7 02:11,1596741067,1596741016,51
2020/8/7 02:10,1596741007,1596740946,61
2020/8/7 02:09,1596740947,1596740946,1
2020/8/7 02:08,1596740887,1596740833,54
2020/8/7 02:07,1596740827,1596740742,85
2020/8/7 02:06,1596740767,1596740742,25
2020/8/7 02:05,1596740707,1596740661,46
2020/8/7 02:04,1596740647,1596740631,16
2020/8/7 02:03,1596740587,1596740549,38
2020/8/7 02:02,1596740527,1596740499,28
2020/8/7 02:01,1596740467,1596740453,14
2020/8/7 02:00,1596740407,1596740382,25
2020/8/7 01:59,1596740347,1596740336,11
2020/8/7 01:58,1596740287,1596740289,-2
2020/8/7 01:57,1596740227,1596740205,22
2020/8/7 01:56,1596740167,1596740155,12
2020/8/7 01:55,1596740107,1596740103,4
2020/8/7 01:54,1596740047,1596740043,4
2020/8/7 01:53,1596739987,1596739987,0
2020/8/7 01:52,1596739927,1596739839,88
2020/8/7 01:51,1596739867,1596739839,28
2020/8/7 01:50,1596739807,1596739798,9
2020/8/7 01:49,1596739747,1596739656,91
2020/8/7 01:48,1596739687,1596739656,31
2020/8/7 01:47,1596739627,1596739544,83
2020/8/7 01:46,1596739567,1596739544,23
2020/8/7 01:45,1596739507,1596739482,25
2020/8/7 01:44,1596739447,1596739381,66
2020/8/7 01:43,1596739387,1596739381,6
2020/8/7 01:42,1596739327,1596739325,2
2020/8/7 01:41,1596739267,1596739234,33
2020/8/7 01:40,1596739207,1596739208,-1
2020/8/7 01:39,1596739147,1596739127,20
2020/8/7 01:38,1596739087,1596739045,42
2020/8/7 01:37,1596739027,1596738974,53
2020/8/7 01:36,1596738967,1596738923,44
2020/8/7 01:35,1596738907,1596738896,11
2020/8/7 01:34,1596738847,1596738812,35
2020/8/7 01:33,1596738787,1596738720,67
2020/8/7 01:32,1596738727,1596738720,7
2020/8/7 01:31,1596738667,1596738667,0
2020/8/7 01:30,1596738607,1596738605,2
2020/8/7 01:29,1596738547,1596738548,-1
2020/8/7 01:28,1596738487,1596738479,8
2020/8/7 01:27,1596738427,1596738426,1
2020/8/7 01:26,1596738367,1596738359,8
2020/8/7 01:25,1596738307,1596738243,64
2020/8/7 01:24,1596738247,1596738243,4
2020/8/7 01:23,1596738187,1596738182,5
2020/8/7 01:22,1596738127,1596738110,17
2020/8/7 01:21,1596738067,1596738040,27
2020/8/7 01:20,1596738007,1596737898,109
2020/8/7 01:19,1596737947,1596737898,49
2020/8/7 01:18,1596737887,1596737857,30
2020/8/7 01:17,1596737827,1596737827,0
2020/8/7 01:16,1596737767,1596737746,21
2020/8/7 01:15,1596737707,1596737706,1
2020/8/7 01:14,1596737647,1596737604,43
2020/8/7 01:13,1596737587,1596737573,14
2020/8/7 01:12,1596737527,1596737492,35
2020/8/7 01:11,1596737467,1596737460,7
2020/8/7 01:10,1596737407,1596737360,47
2020/8/7 01:09,1596737347,1596737289,58
2020/8/7 01:08,1596737287,1596737256,31
2020/8/7 01:07,1596737227,1596737228,-1
2020/8/7 01:06,1596737167,1596737129,38
2020/8/7 01:05,1596737107,1596737104,3
2020/8/7 01:04,1596737047,1596737032,15
2020/8/7 01:03,1596736987,1596736954,33
2020/8/7 01:02,1596736927,1596736864,63
2020/8/7 01:01,1596736867,1596736864,3
2020/8/7 01:00,1596736807,1596736801,6
2020/8/7 00:59,1596736747,1596736730,17
2020/8/7 00:58,1596736687,1596736686,1
2020/8/7 00:57,1596736627,1596736629,-2
2020/8/7 00:56,1596736567,1596736527,40
2020/8/7 00:55,1596736507,1596736487,20
2020/8/7 00:54,1596736447,1596736426,21
2020/8/7 00:53,1596736387,1596736344,43
2020/8/7 00:52,1596736327,1596736307,20
2020/8/7 00:51,1596736267,1596736266,1
2020/8/7 00:50,1596736207,1596736091,116
2020/8/7 00:49,1596736147,1596736091,56
2020/8/7 00:48,1596736087,1596736086,1
2020/8/7 00:47,1596736027,1596735997,30
2020/8/7 00:46,1596735967,1596735968,-1
2020/8/7 00:45,1596735907,1596735900,7
2020/8/7 00:44,1596735847,1596735843,4
2020/8/7 00:43,1596735787,1596735756,31
2020/8/7 00:42,1596735727,1596735705,22
2020/8/7 00:41,1596735667,1596735603,64
2020/8/7 00:40,1596735607,1596735603,4
2020/8/7 00:39,1596735547,1596735543,4
2020/8/7 00:38,1596735487,1596735441,46
2020/8/7 00:37,1596735427,1596735370,57
2020/8/7 00:36,1596735367,1596735316,51
2020/8/7 00:35,1596735307,1596735308,-1
2020/8/7 00:34,1596735247,1596735246,1
2020/8/7 00:33,1596735187,1596735179,8
2020/8/7 00:32,1596735127,1596735126,1
2020/8/7 00:31,1596735067,1596735054,13
2020/8/7 00:30,1596735007,1596734984,23
2020/8/7 00:29,1596734947,1596734948,-1
2020/8/7 00:28,1596734887,1596734882,5
2020/8/7 00:27,1596734827,1596734818,9
2020/8/7 00:26,1596734767,1596734750,17
2020/8/7 00:25,1596734707,1596734669,38
2020/8/7 00:24,1596734647,1596734627,20
2020/8/7 00:23,1596734587,1596734587,0
2020/8/7 00:22,1596734527,1596734528,-1
2020/8/7 00:21,1596734467,1596734393,74
2020/8/7 00:20,1596734407,1596734393,14
2020/8/7 00:19,1596734347,1596734338,9
2020/8/7 00:18,1596734287,1596734272,15
2020/8/7 00:17,1596734227,1596734221,6
2020/8/7 00:16,1596734167,1596734140,27
2020/8/7 00:15,1596734107,1596734106,1
2020/8/7 00:14,1596734047,1596734018,29
2020/8/7 00:13,1596733987,1596733846,141
2020/8/7 00:12,1596733927,1596733846,81
2020/8/7 00:11,1596733867,1596733846,21
2020/8/7 00:10,1596733807,1596733799,8
2020/8/7 00:09,1596733747,1596733708,39
2020/8/7 00:08,1596733687,1596733645,42
2020/8/7 00:07,1596733627,1596733612,15
2020/8/7 00:06,1596733567,1596733541,26
2020/8/7 00:05,1596733507,1596733497,10
2020/8/7 00:04,1596733447,1596733359,88
2020/8/7 00:03,1596733387,1596733359,28
2020/8/7 00:02,1596733327,1596733298,29
2020/8/7 00:01,1596733267,1596733227,40
2020/8/7 00:00,1596733207,1596733159,48
2020/8/6 23:59,1596733147,1596733147,0
2020/8/6 23:58,1596733087,1596733067,20
2020/8/6 23:57,1596733027,1596733024,3
2020/8/6 23:56,1596732967,1596732942,25
2020/8/6 23:55,1596732907,1596732905,2
2020/8/6 23:54,1596732847,1596732841,6
2020/8/6 23:53,1596732787,1596732759,28
2020/8/6 23:52,1596732727,1596732715,12
2020/8/6 23:51,1596732667,1596732546,121
2020/8/6 23:50,1596732607,1596732546,61
2020/8/6 23:49,1596732547,1596732546,1
2020/8/6 23:48,1596732487,1596732455,32
2020/8/6 23:47,1596732427,1596732364,63
2020/8/6 23:46,1596732367,1596732364,3
2020/8/6 23:45,1596732307,1596732303,4
2020/8/6 23:44,1596732247,1596732151,96
2020/8/6 23:43,1596732187,1596732151,36
2020/8/6 23:42,1596732127,1596732069,58
2020/8/6 23:41,1596732067,1596732059,8
2020/8/6 23:40,1596732007,1596731978,29
2020/8/6 23:39,1596731947,1596731938,9
2020/8/6 23:38,1596731887,1596731886,1
2020/8/6 23:37,1596731827,1596731826,1
2020/8/6 23:36,1596731768,1596731765,3
2020/8/6 23:35,1596731707,1596731683,24
2020/8/6 23:34,1596731647,1596731603,44
2020/8/6 23:33,1596731587,1596731552,35
2020/8/6 23:32,1596731527,1596731521,6
2020/8/6 23:31,1596731467,1596731440,27
2020/8/6 23:30,1596731407,1596731349,58
2020/8/6 23:29,1596731347,1596731309,38
2020/8/6 23:28,1596731287,1596731287,0
2020/8/6 23:27,1596731227,1596731195,32
2020/8/6 23:26,1596731167,1596731153,14
2020/8/6 23:25,1596731107,1596731045,62
2020/8/6 23:24,1596731047,1596731045,2
2020/8/6 23:23,1596730987,1596730973,14
2020/8/6 23:22,1596730927,1596730925,2
2020/8/6 23:21,1596730867,1596730852,15
2020/8/6 23:20,1596730807,1596730720,87
2020/8/6 23:19,1596730747,1596730720,27
2020/8/6 23:18,1596730687,1596730669,18
2020/8/6 23:17,1596730627,1596730621,6
2020/8/6 23:16,1596730567,1596730567,0
2020/8/6 23:15,1596730507,1596730506,1
2020/8/6 23:14,1596730447,1596730439,8
2020/8/6 23:13,1596730387,1596730315,72
2020/8/6 23:12,1596730327,1596730315,12
2020/8/6 23:11,1596730267,1596730252,15
2020/8/6 23:10,1596730207,1596730206,1
2020/8/6 23:09,1596730147,1596730092,55
2020/8/6 23:08,1596730087,1596730070,17
2020/8/6 23:07,1596730027,1596729841,186
2020/8/6 23:06,1596729967,1596729841,126
2020/8/6 23:05,1596729907,1596729841,66
2020/8/6 23:04,1596729847,1596729841,6
2020/8/6 23:03,1596729787,1596729766,21
2020/8/6 23:02,1596729727,1596729694,33
2020/8/6 23:01,1596729667,1596729583,84
2020/8/6 23:00,1596729607,1596729583,24
2020/8/6 22:59,1596729547,1596729470,77
2020/8/6 22:58,1596729487,1596729470,17
2020/8/6 22:57,1596729427,1596729423,4
2020/8/6 22:56,1596729367,1596729319,48
2020/8/6 22:55,1596729307,1596729293,14
2020/8/6 22:54,1596729247,1596729228,19
2020/8/6 22:53,1596729187,1596729177,10
2020/8/6 22:52,1596729127,1596729118,9
2020/8/6 22:51,1596729067,1596729056,11
2020/8/6 22:50,1596729007,1596728982,25
2020/8/6 22:49,1596728947,1596728894,53
2020/8/6 22:48,1596728887,1596728853,34
2020/8/6 22:47,1596728827,1596728812,15
2020/8/6 22:46,1596728767,1596728750,17
2020/8/6 22:45,1596728707,1596728658,49
2020/8/6 22:44,1596728647,1596728628,19
2020/8/6 22:43,1596728587,1596728558,29
2020/8/6 22:42,1596728527,1596728497,30
2020/8/6 22:41,1596728467,1596728414,53
2020/8/6 22:40,1596728407,1596728384,23
2020/8/6 22:39,1596728347,1596728324,23
2020/8/6 22:38,1596728287,1596728286,1
2020/8/6 22:37,1596728227,1596728161,66
2020/8/6 22:36,1596728167,1596728161,6
2020/8/6 22:35,1596728107,1596728049,58
2020/8/6 22:34,1596728047,1596727946,101
2020/8/6 22:33,1596727987,1596727946,41
2020/8/6 22:32,1596727927,1596727847,80
2020/8/6 22:31,1596727867,1596727847,20
2020/8/6 22:30,1596727807,1596727806,1
2020/8/6 22:29,1596727747,1596727748,-1
2020/8/6 22:28,1596727687,1596727664,23
2020/8/6 22:27,1596727627,1596727603,24
2020/8/6 22:26,1596727567,1596727552,15
2020/8/6 22:25,1596727507,1596727450,57
2020/8/6 22:24,1596727447,1596727439,8
2020/8/6 22:23,1596727387,1596727388,-1
2020/8/6 22:22,1596727327,1596727258,69
2020/8/6 22:21,1596727267,1596727258,9
2020/8/6 22:20,1596727207,1596727197,10
2020/8/6 22:19,1596727147,1596727106,41
2020/8/6 22:18,1596727087,1596727089,-2
2020/8/6 22:17,1596727027,1596727007,20
2020/8/6 22:16,1596726967,1596726923,44
2020/8/6 22:15,1596726907,1596726862,45
2020/8/6 22:14,1596726847,1596726842,5
2020/8/6 22:13,1596726787,1596726738,49
2020/8/6 22:12,1596726727,1596726710,17
2020/8/6 22:11,1596726667,1596726476,191
2020/8/6 22:10,1596726607,1596726476,131
2020/8/6 22:09,1596726547,1596726476,71
2020/8/6 22:08,1596726487,1596726476,11
2020/8/6 22:07,1596726427,1596726344,83
2020/8/6 22:06,1596726367,1596726344,23
2020/8/6 22:05,1596726307,1596726303,4
2020/8/6 22:04,1596726247,1596726212,35
2020/8/6 22:03,1596726187,1596726121,66
2020/8/6 22:02,1596726127,1596726121,6
2020/8/6 22:01,1596726067,1596726018,49
2020/8/6 22:00,1596726007,1596725988,19
2020/8/6 21:59,1596725947,1596725929,18
2020/8/6 21:58,1596725887,1596725884,3
2020/8/6 21:57,1596725827,1596725801,26
2020/8/6 21:56,1596725767,1596725658,109
2020/8/6 21:55,1596725707,1596725658,49
2020/8/6 21:54,1596725647,1596725576,71
2020/8/6 21:53,1596725587,1596725576,11
2020/8/6 21:52,1596725527,1596725524,3
2020/8/6 21:51,1596725467,1596725419,48
2020/8/6 21:50,1596725407,1596725287,120
2020/8/6 21:49,1596725347,1596725287,60
2020/8/6 21:48,1596725287,1596725287,0
2020/8/6 21:47,1596725227,1596725216,11
2020/8/6 21:46,1596725167,1596725094,73
2020/8/6 21:45,1596725107,1596725094,13
2020/8/6 21:44,1596725047,1596725021,26
2020/8/6 21:43,1596724987,1596724975,12
2020/8/6 21:42,1596724927,1596724834,93
2020/8/6 21:41,1596724867,1596724834,33
2020/8/6 21:40,1596724807,1596724799,8
2020/8/6 21:39,1596724747,1596724707,40
2020/8/6 21:38,1596724687,1596724665,22
2020/8/6 21:37,1596724627,1596724618,9
2020/8/6 21:36,1596724567,1596724502,65
2020/8/6 21:35,1596724507,1596724502,5
2020/8/6 21:34,1596724447,1596724438,9
2020/8/6 21:33,1596724387,1596724346,41
2020/8/6 21:32,1596724327,1596724280,47
2020/8/6 21:31,1596724267,1596724262,5
2020/8/6 21:30,1596724207,1596724200,7
2020/8/6 21:29,1596724147,1596724091,56
2020/8/6 21:28,1596724087,1596724039,48
2020/8/6 21:27,1596724027,1596724028,-1
2020/8/6 21:26,1596723967,1596723951,16
2020/8/6 21:25,1596723907,1596723806,101
2020/8/6 21:24,1596723847,1596723806,41
2020/8/6 21:23,1596723787,1596723762,25
2020/8/6 21:22,1596723727,1596723722,5
2020/8/6 21:21,1596723667,1596723666,1
2020/8/6 21:20,1596723607,1596723561,46
2020/8/6 21:19,1596723547,1596723499,48
2020/8/6 21:18,1596723487,1596723408,79
2020/8/6 21:17,1596723427,1596723408,19
2020/8/6 21:16,1596723367,1596723357,10
2020/8/6 21:15,1596723307,1596723286,21
2020/8/6 21:14,1596723247,1596723218,29
2020/8/6 21:13,1596723187,1596723103,84
2020/8/6 21:12,1596723127,1596723103,24
2020/8/6 21:11,1596723067,1596723022,45
2020/8/6 21:10,1596723007,1596722887,120
2020/8/6 21:09,1596722947,1596722887,60
2020/8/6 21:08,1596722887,1596722887,0
2020/8/6 21:07,1596722827,1596722761,66
2020/8/6 21:06,1596722767,1596722761,6
2020/8/6 21:05,1596722707,1596722675,32
2020/8/6 21:04,1596722647,1596722604,43
2020/8/6 21:03,1596722587,1596722583,4
2020/8/6 21:02,1596722527,1596722512,15
2020/8/6 21:01,1596722467,1596722400,67
2020/8/6 21:00,1596722407,1596722400,7
2020/8/6 20:59,1596722347,1596722339,8
2020/8/6 20:58,1596722287,1596722267,20
2020/8/6 20:57,1596722227,1596722227,0
2020/8/6 20:56,1596722167,1596722155,12
2020/8/6 20:55,1596722107,1596722094,13
2020/8/6 20:54,1596722047,1596721992,55
2020/8/6 20:53,1596721987,1596721920,67
2020/8/6 20:52,1596721927,1596721920,7
2020/8/6 20:51,1596721867,1596721778,89
2020/8/6 20:50,1596721807,1596721778,29
2020/8/6 20:49,1596721747,1596721604,143
2020/8/6 20:48,1596721687,1596721604,83
2020/8/6 20:47,1596721627,1596721604,23
2020/8/6 20:46,1596721567,1596721512,55
2020/8/6 20:45,1596721507,1596721480,27
2020/8/6 20:44,1596721447,1596721443,4
2020/8/6 20:43,1596721387,1596721338,49
2020/8/6 20:42,1596721327,1596721328,-1
2020/8/6 20:41,1596721267,1596721267,0
2020/8/6 20:40,1596721207,1596721206,1
2020/8/6 20:39,1596721147,1596721134,13
2020/8/6 20:38,1596721087,1596721043,44
2020/8/6 20:37,1596721027,1596721012,15
2020/8/6 20:36,1596720967,1596720880,87
2020/8/6 20:35,1596720907,1596720880,27
2020/8/6 20:34,1596720847,1596720809,38
2020/8/6 20:33,1596720787,1596720733,54
2020/8/6 20:32,1596720727,1596720717,10
2020/8/6 20:31,1596720667,1596720636,31
2020/8/6 20:30,1596720607,1596720533,74
2020/8/6 20:29,1596720547,1596720533,14
2020/8/6 20:28,1596720487,1596720482,5
2020/8/6 20:27,1596720427,1596720411,16
2020/8/6 20:26,1596720367,1596720309,58
2020/8/6 20:25,1596720307,1596720278,29
2020/8/6 20:24,1596720247,1596720247,0
2020/8/6 20:23,1596720187,1596720156,31
2020/8/6 20:22,1596720127,1596720105,22
2020/8/6 20:21,1596720067,1596720023,44
2020/8/6 20:20,1596720007,1596719972,35
2020/8/6 20:19,1596719947,1596719935,12
2020/8/6 20:18,1596719887,1596719871,16
2020/8/6 20:17,1596719827,1596719819,8
2020/8/6 20:16,1596719767,1596719755,12
2020/8/6 20:15,1596719707,1596719697,10
2020/8/6 20:14,1596719647,1596719636,11
2020/8/6 20:13,1596719587,1596719583,4
2020/8/6 20:12,1596719527,1596719514,13
2020/8/6 20:11,1596719467,1596719468,-1
2020/8/6 20:10,1596719407,1596719391,16
2020/8/6 20:09,1596719347,1596719335,12
2020/8/6 20:08,1596719287,1596719237,50
2020/8/6 20:07,1596719227,1596719215,12
2020/8/6 20:06,1596719167,1596719166,1
2020/8/6 20:05,1596719107,1596719003,104
2020/8/6 20:04,1596719047,1596719003,44
2020/8/6 20:03,1596718987,1596718870,117
2020/8/6 20:02,1596718927,1596718870,57
2020/8/6 20:01,1596718867,1596718810,57
2020/8/6 20:00,1596718807,1596718791,16
2020/8/6 19:59,1596718747,1596718748,-1
2020/8/6 19:58,1596718687,1596718687,0
2020/8/6 19:57,1596718627,1596718555,72
2020/8/6 19:56,1596718567,1596718555,12
2020/8/6 19:55,1596718507,1596718494,13
2020/8/6 19:54,1596718447,1596718440,7
2020/8/6 19:53,1596718387,1596718381,6
2020/8/6 19:52,1596718327,1596718320,7
2020/8/6 19:51,1596718267,1596718208,59
2020/8/6 19:50,1596718207,1596718131,76
2020/8/6 19:49,1596718147,1596718131,16
2020/8/6 19:48,1596718087,1596718076,11
2020/8/6 19:47,1596718027,1596718025,2
2020/8/6 19:46,1596717967,1596717954,13
2020/8/6 19:45,1596717907,1596717861,46
2020/8/6 19:44,1596717847,1596717790,57
2020/8/6 19:43,1596717787,1596717774,13
2020/8/6 19:42,1596717727,1596717728,-1
2020/8/6 19:41,1596717667,1596717648,19
2020/8/6 19:40,1596717607,1596717586,21
2020/8/6 19:39,1596717547,1596717537,10
2020/8/6 19:38,1596717488,1596717486,2
2020/8/6 19:37,1596717427,1596717374,53
2020/8/6 19:36,1596717367,1596717333,34
2020/8/6 19:35,1596717307,1596717308,-1
2020/8/6 19:34,1596717247,1596717241,6
2020/8/6 19:33,1596717187,1596717151,36
2020/8/6 19:32,1596717127,1596717079,48
2020/8/6 19:31,1596717067,1596717049,18
2020/8/6 19:30,1596717007,1596717003,4
2020/8/6 19:29,1596716947,1596716941,6
2020/8/6 19:28,1596716887,1596716855,32
2020/8/6 19:27,1596716827,1596716754,73
2020/8/6 19:26,1596716767,1596716754,13
2020/8/6 19:25,1596716707,1596716674,33
2020/8/6 19:24,1596716647,1596716621,26
2020/8/6 19:23,1596716587,1596716493,94
2020/8/6 19:22,1596716527,1596716493,34
2020/8/6 19:21,1596716467,1596716457,10
2020/8/6 19:20,1596716407,1596716375,32
2020/8/6 19:19,1596716347,1596716185,162
2020/8/6 19:18,1596716287,1596716185,102
2020/8/6 19:17,1596716227,1596716185,42
2020/8/6 19:16,1596716167,1596716104,63
2020/8/6 19:15,1596716107,1596716104,3
2020/8/6 19:14,1596716047,1596715987,60
2020/8/6 19:13,1596715987,1596715987,0
2020/8/6 19:12,1596715927,1596715054,873
2020/8/6 19:11,1596715867,1596715054,813
2020/8/6 19:10,1596715807,1596715054,753
2020/8/6 19:09,1596715747,1596715054,693
2020/8/6 19:08,1596715687,1596715054,633
2020/8/6 19:07,1596715627,1596715054,573
2020/8/6 19:06,1596715567,1596715054,513
2020/8/6 19:05,1596715507,1596715054,453
2020/8/6 19:04,1596715447,1596715054,393
2020/8/6 19:03,1596715387,1596715054,333
2020/8/6 19:02,1596715327,1596715054,273
2020/8/6 19:01,1596715267,1596715054,213
2020/8/6 19:00,1596715207,1596715054,153
2020/8/6 18:59,1596715147,1596715054,93
2020/8/6 18:58,1596715087,1596715054,33
2020/8/6 18:57,1596715027,1596714855,172
2020/8/6 18:56,1596714967,1596714855,112
2020/8/6 18:55,1596714907,1596714855,52
2020/8/6 18:54,1596714847,1596714408,439
2020/8/6 18:53,1596714787,1596714408,379
2020/8/6 18:52,1596714727,1596714408,319
2020/8/6 18:51,1596714667,1596714408,259
2020/8/6 18:50,1596714607,1596714408,199
2020/8/6 18:49,1596714547,1596714408,139
2020/8/6 18:48,1596714487,1596714408,79
2020/8/6 18:47,1596714427,1596714408,19
2020/8/6 18:46,1596714367,1596714082,285
2020/8/6 18:45,1596714307,1596714082,225
2020/8/6 18:44,1596714247,1596714082,165
2020/8/6 18:43,1596714187,1596714082,105
2020/8/6 18:42,1596714127,1596714082,45
2020/8/6 18:41,1596714067,1596714019,48
2020/8/6 18:40,1596714007,1596713828,179
2020/8/6 18:39,1596713947,1596713828,119
2020/8/6 18:38,1596713887,1596713828,59
2020/8/6 18:37,1596713827,1596713828,-1
2020/8/6 18:36,1596713767,1596713604,163
2020/8/6 18:35,1596713707,1596713604,103
2020/8/6 18:34,1596713647,1596713604,43
2020/8/6 18:33,1596713587,1596713472,115
2020/8/6 18:32,1596713527,1596713472,55
2020/8/6 18:31,1596713467,1596713452,15
2020/8/6 18:30,1596713407,1596713269,138
2020/8/6 18:29,1596713347,1596713269,78
2020/8/6 18:28,1596713287,1596713269,18
2020/8/6 18:27,1596713227,1596713146,81
2020/8/6 18:26,1596713167,1596713146,21
2020/8/6 18:25,1596713107,1596712983,124
2020/8/6 18:24,1596713047,1596712983,64
2020/8/6 18:23,1596712987,1596712983,4
2020/8/6 18:22,1596712927,1596712928,-1
2020/8/6 18:21,1596712867,1596712851,16
2020/8/6 18:20,1596712807,1596712798,9
2020/8/6 18:19,1596712747,1596712736,11
2020/8/6 18:18,1596712687,1596712686,1
2020/8/6 18:17,1596712627,1596712622,5
2020/8/6 18:16,1596712567,1596712543,24
2020/8/6 18:15,1596712507,1596712506,1
2020/8/6 18:14,1596712447,1596712384,63
2020/8/6 18:13,1596712387,1596712384,3
2020/8/6 18:12,1596712327,1596712326,1
2020/8/6 18:11,1596712267,1596712261,6
2020/8/6 18:10,1596712207,1596712208,-1
2020/8/6 18:09,1596712147,1596712089,58
2020/8/6 18:08,1596712087,1596711947,140
2020/8/6 18:07,1596712027,1596711947,80
2020/8/6 18:06,1596711967,1596711947,20
2020/8/6 18:05,1596711907,1596711866,41
2020/8/6 18:04,1596711847,1596711815,32
2020/8/6 18:03,1596711787,1596711774,13
2020/8/6 18:02,1596711727,1596711714,13
2020/8/6 18:01,1596711667,1596711622,45
2020/8/6 18:00,1596711607,1596711606,1
2020/8/6 17:59,1596711547,1596711520,27
2020/8/6 17:58,1596711487,1596711432,55
2020/8/6 17:57,1596711427,1596711358,69
2020/8/6 17:56,1596711367,1596711358,9
2020/8/6 17:55,1596711307,1596711300,7
2020/8/6 17:54,1596711247,1596711236,11
2020/8/6 17:53,1596711187,1596711155,32
2020/8/6 17:52,1596711127,1596711128,-1
2020/8/6 17:51,1596711067,1596711063,4
2020/8/6 17:50,1596711007,1596710972,35
2020/8/6 17:49,1596710947,1596710945,2
2020/8/6 17:48,1596710887,1596710798,89
2020/8/6 17:47,1596710827,1596710798,29
2020/8/6 17:46,1596710767,1596710677,90
2020/8/6 17:45,1596710707,1596710677,30
2020/8/6 17:44,1596710647,1596710606,41
2020/8/6 17:43,1596710587,1596710576,11
2020/8/6 17:42,1596710527,1596710506,21
2020/8/6 17:41,1596710467,1596710464,3
2020/8/6 17:40,1596710407,1596710402,5
2020/8/6 17:39,1596710347,1596710290,57
2020/8/6 17:38,1596710287,1596710231,56
2020/8/6 17:37,1596710227,1596710222,5
2020/8/6 17:36,1596710167,1596710159,8
2020/8/6 17:35,1596710107,1596709956,151
2020/8/6 17:34,1596710047,1596709956,91
2020/8/6 17:33,1596709987,1596709956,31
2020/8/6 17:32,1596709927,1596709923,4
2020/8/6 17:31,1596709867,1596709863,4
2020/8/6 17:30,1596709807,1596709743,64
2020/8/6 17:29,1596709747,1596709743,4
2020/8/6 17:28,1596709687,1596709672,15
2020/8/6 17:27,1596709627,1596709578,49
2020/8/6 17:26,1596709567,1596709567,0
2020/8/6 17:25,1596709507,1596709497,10
2020/8/6 17:24,1596709447,1596709408,39
2020/8/6 17:23,1596709387,1596709357,30
2020/8/6 17:22,1596709327,1596709309,18
2020/8/6 17:21,1596709267,1596709259,8
2020/8/6 17:20,1596709208,1596709195,13
2020/8/6 17:19,1596709147,1596709134,13
2020/8/6 17:18,1596709087,1596709050,37
2020/8/6 17:17,1596709027,1596709022,5
2020/8/6 17:16,1596708967,1596708957,10
2020/8/6 17:15,1596708907,1596708890,17
2020/8/6 17:14,1596708847,1596708845,2
2020/8/6 17:13,1596708787,1596708714,73
2020/8/6 17:12,1596708727,1596708714,13
2020/8/6 17:11,1596708667,1596708667,0
2020/8/6 17:10,1596708607,1596708593,14
2020/8/6 17:09,1596708547,1596708515,32
2020/8/6 17:08,1596708487,1596708444,43
2020/8/6 17:07,1596708427,1596708393,34
2020/8/6 17:06,1596708367,1596708353,14
2020/8/6 17:05,1596708307,1596708291,16
2020/8/6 17:04,1596708247,1596708246,1
2020/8/6 17:03,1596708187,1596708180,7
2020/8/6 17:02,1596708127,1596708114,13
2020/8/6 17:01,1596708067,1596707986,81
2020/8/6 17:00,1596708007,1596707986,21
2020/8/6 16:59,1596707947,1596707835,112
2020/8/6 16:58,1596707887,1596707835,52
2020/8/6 16:57,1596707827,1596707792,35
2020/8/6 16:56,1596707767,1596707768,-1
2020/8/6 16:55,1596707707,1596707671,36
2020/8/6 16:54,1596707647,1596707590,57
2020/8/6 16:53,1596707587,1596707573,14
2020/8/6 16:52,1596707527,1596707508,19
2020/8/6 16:51,1596707467,1596707458,9
2020/8/6 16:50,1596707407,1596707382,25
2020/8/6 16:49,1596707347,1596707304,43
2020/8/6 16:48,1596707287,1596707274,13
2020/8/6 16:47,1596707227,1596707207,20
2020/8/6 16:46,1596707167,1596707168,-1
2020/8/6 16:45,1596707107,1596707103,4
2020/8/6 16:44,1596707047,1596707030,17
2020/8/6 16:43,1596706987,1596706979,8
2020/8/6 16:42,1596706927,1596706919,8
2020/8/6 16:41,1596706867,1596706811,56
2020/8/6 16:40,1596706807,1596706798,9
2020/8/6 16:39,1596706747,1596706745,2
2020/8/6 16:38,1596706687,1596706680,7
2020/8/6 16:37,1596706627,1596706583,44
2020/8/6 16:36,1596706567,1596706552,15
2020/8/6 16:35,1596706507,1596706437,70
2020/8/6 16:34,1596706447,1596706437,10
2020/8/6 16:33,1596706387,1596706369,18
2020/8/6 16:32,1596706327,1596706318,9
2020/8/6 16:31,1596706267,1596706247,20
2020/8/6 16:30,1596706207,1596706186,21
2020/8/6 16:29,1596706147,1596706115,32
2020/8/6 16:28,1596706087,1596706054,33
2020/8/6 16:27,1596706027,1596705921,106
2020/8/6 16:26,1596705967,1596705921,46
2020/8/6 16:25,1596705907,1596705799,108
2020/8/6 16:24,1596705847,1596705799,48
2020/8/6 16:23,1596705787,1596705668,119
2020/8/6 16:22,1596705727,1596705668,59
2020/8/6 16:21,1596705667,1596705668,-1
2020/8/6 16:20,1596705607,1596705606,1
2020/8/6 16:19,1596705547,1596705540,7
2020/8/6 16:18,1596705487,1596705414,73
2020/8/6 16:17,1596705427,1596705414,13
2020/8/6 16:16,1596705367,1596705353,14
2020/8/6 16:15,1596705307,1596705261,46
2020/8/6 16:14,1596705248,1596705228,20
2020/8/6 16:13,1596705187,1596705186,1
2020/8/6 16:12,1596705127,1596705088,39
2020/8/6 16:11,1596705067,1596705027,40
2020/8/6 16:10,1596705007,1596705001,6
2020/8/6 16:09,1596704947,1596704932,15
2020/8/6 16:08,1596704887,1596704834,53
2020/8/6 16:07,1596704827,1596704784,43
2020/8/6 16:06,1596704768,1596704691,77
2020/8/6 16:05,1596704707,1596704691,16
2020/8/6 16:04,1596704647,1596704611,36
2020/8/6 16:03,1596704587,1596704448,139
2020/8/6 16:02,1596704527,1596704448,79
2020/8/6 16:01,1596704467,1596704448,19
2020/8/6 16:00,1596704407,1596704395,12
2020/8/6 15:59,1596704347,1596704336,11
2020/8/6 15:58,1596704287,1596704224,63
2020/8/6 15:57,1596704227,1596704224,3
2020/8/6 15:56,1596704167,1596704062,105
2020/8/6 15:55,1596704107,1596704062,45
2020/8/6 15:54,1596704047,1596703991,56
2020/8/6 15:53,1596703987,1596703940,47
2020/8/6 15:52,1596703927,1596703923,4
2020/8/6 15:51,1596703867,1596703798,69
2020/8/6 15:50,1596703807,1596703798,9
2020/8/6 15:49,1596703747,1596703687,60
2020/8/6 15:48,1596703687,1596703687,0
2020/8/6 15:47,1596703627,1596703607,20
2020/8/6 15:46,1596703567,1596703565,2
2020/8/6 15:45,1596703507,1596703504,3
2020/8/6 15:44,1596703447,1596703443,4
2020/8/6 15:43,1596703387,1596703371,16
2020/8/6 15:42,1596703327,1596703307,20
2020/8/6 15:41,1596703267,1596703268,-1
2020/8/6 15:40,1596703207,1596703208,-1
2020/8/6 15:39,1596703148,1596703112,36
2020/8/6 15:38,1596703087,1596703088,-1
2020/8/6 15:37,1596703027,1596703024,3
2020/8/6 15:36,1596702967,1596702946,21
2020/8/6 15:35,1596702907,1596702901,6
2020/8/6 15:34,1596702847,1596702800,47
2020/8/6 15:33,1596702787,1596702739,48
2020/8/6 15:32,1596702727,1596702728,-1
2020/8/6 15:31,1596702667,1596702627,40
2020/8/6 15:30,1596702607,1596702566,41
2020/8/6 15:29,1596702547,1596702515,32
2020/8/6 15:28,1596702487,1596702488,-1
2020/8/6 15:27,1596702427,1596702394,33
2020/8/6 15:26,1596702367,1596702333,34
2020/8/6 15:25,1596702307,1596702272,35
2020/8/6 15:24,1596702247,1596702240,7
2020/8/6 15:23,1596702187,1596702180,7
2020/8/6 15:22,1596702127,1596702128,-1
2020/8/6 15:21,1596702067,1596702068,-1
2020/8/6 15:20,1596702007,1596702007,0
2020/8/6 15:19,1596701947,1596701946,1
2020/8/6 15:18,1596701887,1596701855,32
2020/8/6 15:17,1596701827,1596701728,99
2020/8/6 15:16,1596701767,1596701728,39
2020/8/6 15:15,1596701707,1596701663,44
2020/8/6 15:14,1596701647,1596701587,60
2020/8/6 15:13,1596701588,1596701587,1
2020/8/6 15:12,1596701527,1596701480,47
2020/8/6 15:11,1596701467,1596701423,44
2020/8/6 15:10,1596701407,1596701398,9
2020/8/6 15:09,1596701347,1596701337,10
2020/8/6 15:08,1596701287,1596701266,21
2020/8/6 15:07,1596701227,1596701185,42
2020/8/6 15:06,1596701167,1596701033,134
2020/8/6 15:05,1596701107,1596701033,74
2020/8/6 15:04,1596701047,1596701033,14
2020/8/6 15:03,1596700987,1596700982,5
2020/8/6 15:02,1596700927,1596700902,25
2020/8/6 15:01,1596700867,1596700867,0
2020/8/6 15:00,1596700807,1596700748,59
2020/8/6 14:59,1596700747,1596700748,-1
2020/8/6 14:58,1596700687,1596700677,10
2020/8/6 14:57,1596700627,1596700616,11
2020/8/6 14:56,1596700567,1596700535,32
2020/8/6 14:55,1596700507,1596700506,1
2020/8/6 14:54,1596700447,1596700444,3
2020/8/6 14:53,1596700387,1596700373,14
2020/8/6 14:52,1596700327,1596700317,10
2020/8/6 14:51,1596700267,1596700210,57
2020/8/6 14:50,1596700207,1596700109,98
2020/8/6 14:49,1596700147,1596700109,38
2020/8/6 14:48,1596700087,1596700078,9
2020/8/6 14:47,1596700027,1596699964,63
2020/8/6 14:46,1596699967,1596699964,3
2020/8/6 14:45,1596699907,1596699885,22
2020/8/6 14:44,1596699847,1596699823,24
2020/8/6 14:43,1596699787,1596699773,14
2020/8/6 14:42,1596699727,1596699704,23
2020/8/6 14:41,1596699667,1596699623,44
2020/8/6 14:40,1596699607,1596699601,6
2020/8/6 14:39,1596699547,1596699448,99
2020/8/6 14:38,1596699487,1596699448,39
2020/8/6 14:37,1596699427,1596699412,15
2020/8/6 14:36,1596699367,1596699346,21
2020/8/6 14:35,1596699307,1596699275,32
2020/8/6 14:34,1596699247,1596699228,19
2020/8/6 14:33,1596699187,1596699185,2
2020/8/6 14:32,1596699127,1596699077,50
2020/8/6 14:31,1596699067,1596699062,5
2020/8/6 14:30,1596699007,1596698996,11
2020/8/6 14:29,1596698947,1596698928,19
2020/8/6 14:28,1596698887,1596698828,59
2020/8/6 14:27,1596698827,1596698828,-1
2020/8/6 14:26,1596698767,1596698747,20
2020/8/6 14:25,1596698707,1596698675,32
2020/8/6 14:24,1596698647,1596698639,8
2020/8/6 14:23,1596698587,1596698580,7
2020/8/6 14:22,1596698527,1596698503,24
2020/8/6 14:21,1596698467,1596698431,36
2020/8/6 14:20,1596698408,1596698380,28
2020/8/6 14:19,1596698347,1596698294,53
2020/8/6 14:18,1596698287,1596698238,49
2020/8/6 14:17,1596698227,1596698187,40
2020/8/6 14:16,1596698167,1596698157,10
2020/8/6 14:15,1596698107,1596698045,62
2020/8/6 14:14,1596698047,1596698045,2
2020/8/6 14:13,1596697987,1596697985,2
2020/8/6 14:12,1596697927,1596697927,0
2020/8/6 14:11,1596697867,1596697862,5
2020/8/6 14:10,1596697807,1596697773,34
2020/8/6 14:09,1596697747,1596697720,27
2020/8/6 14:08,1596697687,1596697608,79
2020/8/6 14:07,1596697627,1596697608,19
2020/8/6 14:06,1596697567,1596697533,34
2020/8/6 14:05,1596697507,1596697503,4
2020/8/6 14:04,1596697447,1596697395,52
2020/8/6 14:03,1596697387,1596697337,50
2020/8/6 14:02,1596697327,1596697317,10
2020/8/6 14:01,1596697268,1596697221,47
2020/8/6 14:00,1596697207,1596697202,5
2020/8/6 13:59,1596697147,1596697090,57
2020/8/6 13:58,1596697087,1596697054,33
2020/8/6 13:57,1596697027,1596696988,39
2020/8/6 13:56,1596696967,1596696922,45
2020/8/6 13:55,1596696907,1596696884,23
2020/8/6 13:54,1596696847,1596696775,72
2020/8/6 13:53,1596696787,1596696775,12
2020/8/6 13:52,1596696727,1596696704,23
2020/8/6 13:51,1596696667,1596696612,55
2020/8/6 13:50,1596696607,1596696537,70
2020/8/6 13:49,1596696547,1596696537,10
2020/8/6 13:48,1596696487,1596696443,44
2020/8/6 13:47,1596696427,1596696389,38
2020/8/6 13:46,1596696367,1596696358,9
2020/8/6 13:45,1596696307,1596696256,51
2020/8/6 13:44,1596696247,1596696195,52
2020/8/6 13:43,1596696187,1596696144,43
2020/8/6 13:42,1596696127,1596696123,4
2020/8/6 13:41,1596696067,1596696043,24
2020/8/6 13:40,1596696007,1596695952,55
2020/8/6 13:39,1596695947,1596695871,76
2020/8/6 13:38,1596695887,1596695871,16
2020/8/6 13:37,1596695827,1596695668,159
2020/8/6 13:36,1596695767,1596695668,99
2020/8/6 13:35,1596695707,1596695668,39
2020/8/6 13:34,1596695647,1596695597,50
2020/8/6 13:33,1596695587,1596695536,51
2020/8/6 13:32,1596695527,1596695454,73
2020/8/6 13:31,1596695467,1596695454,13
2020/8/6 13:30,1596695407,1596695340,67
2020/8/6 13:29,1596695347,1596695340,7
2020/8/6 13:28,1596695287,1596695259,28
2020/8/6 13:27,1596695227,1596695157,70
2020/8/6 13:26,1596695167,1596695157,10
2020/8/6 13:25,1596695107,1596695025,82
2020/8/6 13:24,1596695047,1596695025,22
2020/8/6 13:23,1596694987,1596694964,23
2020/8/6 13:22,1596694927,1596694903,24
2020/8/6 13:21,1596694867,1596694862,5
2020/8/6 13:20,1596694807,1596694771,36
2020/8/6 13:19,1596694747,1596694746,1
2020/8/6 13:18,1596694687,1596694659,28
2020/8/6 13:17,1596694627,1596694619,8
2020/8/6 13:16,1596694567,1596694536,31
2020/8/6 13:15,1596694507,1596694446,61
2020/8/6 13:14,1596694447,1596694446,1
2020/8/6 13:13,1596694387,1596694366,21
2020/8/6 13:12,1596694327,1596694315,12
2020/8/6 13:11,1596694267,1596694268,-1
2020/8/6 13:10,1596694207,1596694203,4
2020/8/6 13:09,1596694147,1596694061,86
2020/8/6 13:08,1596694087,1596694061,26
2020/8/6 13:07,1596694027,1596694020,7
2020/8/6 13:06,1596693967,1596693937,30
2020/8/6 13:05,1596693907,1596693858,49
2020/8/6 13:04,1596693847,1596693797,50
2020/8/6 13:03,1596693787,1596693716,71
2020/8/6 13:02,1596693727,1596693716,11
2020/8/6 13:01,1596693667,1596693655,12
2020/8/6 13:00,1596693607,1596693605,2
2020/8/6 12:59,1596693547,1596693533,14
2020/8/6 12:58,1596693487,1596693474,13
2020/8/6 12:57,1596693427,1596693426,1
2020/8/6 12:56,1596693367,1596693309,58
2020/8/6 12:55,1596693307,1596693268,39
2020/8/6 12:54,1596693247,1596693208,39
2020/8/6 12:53,1596693187,1596693167,20
2020/8/6 12:52,1596693127,1596693126,1
2020/8/6 12:51,1596693067,1596693055,12
2020/8/6 12:50,1596693007,1596692976,31
2020/8/6 12:49,1596692947,1596692852,95
2020/8/6 12:48,1596692887,1596692852,35
2020/8/6 12:47,1596692827,1596692689,138
2020/8/6 12:46,1596692767,1596692689,78
2020/8/6 12:45,1596692707,1596692689,18
2020/8/6 12:44,1596692647,1596692596,51
2020/8/6 12:43,1596692587,1596692578,9
2020/8/6 12:42,1596692527,1596692523,4
2020/8/6 12:41,1596692467,1596692445,22
2020/8/6 12:40,1596692407,1596692404,3
2020/8/6 12:39,1596692347,1596692334,13
2020/8/6 12:38,1596692287,1596692283,4
2020/8/6 12:37,1596692227,1596692201,26
2020/8/6 12:36,1596692167,1596692131,36
2020/8/6 12:35,1596692107,1596692099,8
2020/8/6 12:34,1596692047,1596692048,-1
2020/8/6 12:33,1596691987,1596691988,-1
2020/8/6 12:32,1596691927,1596691845,82
2020/8/6 12:31,1596691867,1596691845,22
2020/8/6 12:30,1596691807,1596691805,2
2020/8/6 12:29,1596691747,1596691686,61
2020/8/6 12:28,1596691687,1596691686,1
2020/8/6 12:27,1596691627,1596691612,15
2020/8/6 12:26,1596691567,1596691563,4
2020/8/6 12:25,1596691507,1596691490,17
2020/8/6 12:24,1596691447,1596691419,28
2020/8/6 12:23,1596691387,1596691388,-1
2020/8/6 12:22,1596691328,1596691246,82
2020/8/6 12:21,1596691267,1596691246,21
2020/8/6 12:20,1596691207,1596691175,32
2020/8/6 12:19,1596691147,1596691124,23
2020/8/6 12:18,1596691087,1596691022,65
2020/8/6 12:17,1596691027,1596691022,5
2020/8/6 12:16,1596690967,1596690945,22
2020/8/6 12:15,1596690908,1596690891,17
2020/8/6 12:14,1596690847,1596690848,-1
2020/8/6 12:13,1596690787,1596690702,85
2020/8/6 12:12,1596690727,1596690702,25
2020/8/6 12:11,1596690667,1596690605,62
2020/8/6 12:10,1596690607,1596690605,2
2020/8/6 12:09,1596690547,1596690529,18
2020/8/6 12:08,1596690487,1596690378,109
2020/8/6 12:07,1596690427,1596690378,49
2020/8/6 12:06,1596690367,1596690361,6
2020/8/6 12:05,1596690307,1596690260,47
2020/8/6 12:04,1596690247,1596690219,28
2020/8/6 12:03,1596690187,1596690139,48
2020/8/6 12:02,1596690127,1596690118,9
2020/8/6 12:01,1596690067,1596690056,11
2020/8/6 12:00,1596690007,1596689954,53
2020/8/6 11:59,1596689947,1596689944,3
2020/8/6 11:58,1596689887,1596689873,14
2020/8/6 11:57,1596689827,1596689812,15
2020/8/6 11:56,1596689767,1596689720,47
2020/8/6 11:55,1596689707,1596689669,38
2020/8/6 11:54,1596689647,1596689538,109
2020/8/6 11:53,1596689587,1596689538,49
2020/8/6 11:52,1596689527,1596689486,41
2020/8/6 11:51,1596689467,1596689446,21
2020/8/6 11:50,1596689407,1596689408,-1
2020/8/6 11:49,1596689347,1596689348,-1
2020/8/6 11:48,1596689287,1596689288,-1
2020/8/6 11:47,1596689227,1596689198,29
2020/8/6 11:46,1596689167,1596689168,-1
2020/8/6 11:45,1596689107,1596689101,6
2020/8/6 11:44,1596689047,1596688969,78
2020/8/6 11:43,1596688987,1596688969,18
2020/8/6 11:42,1596688927,1596688846,81
2020/8/6 11:41,1596688867,1596688846,21
2020/8/6 11:40,1596688807,1596688775,32
2020/8/6 11:39,1596688747,1596688746,1
2020/8/6 11:38,1596688687,1596688680,7
2020/8/6 11:37,1596688627,1596688572,55
2020/8/6 11:36,1596688567,1596688506,61
2020/8/6 11:35,1596688507,1596688506,1
2020/8/6 11:34,1596688447,1596688440,7
2020/8/6 11:33,1596688387,1596688388,-1
2020/8/6 11:32,1596688327,1596688277,50
2020/8/6 11:31,1596688267,1596688262,5
2020/8/6 11:30,1596688207,1596688094,113
2020/8/6 11:29,1596688147,1596688094,53
2020/8/6 11:28,1596688087,1596688023,64
2020/8/6 11:27,1596688027,1596688023,4
2020/8/6 11:26,1596687967,1596687850,117
2020/8/6 11:25,1596687907,1596687850,57
2020/8/6 11:24,1596687847,1596687759,88
2020/8/6 11:23,1596687787,1596687759,28
2020/8/6 11:22,1596687727,1596687592,135
2020/8/6 11:21,1596687667,1596687592,75
2020/8/6 11:20,1596687607,1596687592,15
2020/8/6 11:19,1596687547,1596687541,6
2020/8/6 11:18,1596687487,1596687455,32
2020/8/6 11:17,1596687427,1596687363,64
2020/8/6 11:16,1596687367,1596687363,4
2020/8/6 11:15,1596687307,1596687272,35
2020/8/6 11:14,1596687247,1596687201,46
2020/8/6 11:13,1596687187,1596687150,37
2020/8/6 11:12,1596687127,1596686987,140
2020/8/6 11:11,1596687067,1596686987,80
2020/8/6 11:10,1596687007,1596686987,20
2020/8/6 11:09,1596686947,1596686866,81
2020/8/6 11:08,1596686887,1596686866,21
2020/8/6 11:07,1596686827,1596686825,2
2020/8/6 11:06,1596686767,1596686754,13
2020/8/6 11:05,1596686707,1596686449,258
2020/8/6 11:04,1596686647,1596686449,198
2020/8/6 11:03,1596686587,1596686449,138
2020/8/6 11:02,1596686527,1596686449,78
2020/8/6 11:01,1596686467,1596686449,18
2020/8/6 11:00,1596686407,1596686400,7
2020/8/6 10:59,1596686347,1596686296,51
2020/8/6 10:58,1596686287,1596686266,21
2020/8/6 10:57,1596686227,1596686214,13
2020/8/6 10:56,1596686167,1596686164,3
2020/8/6 10:55,1596686107,1596686103,4
2020/8/6 10:54,1596686047,1596686012,35
2020/8/6 10:53,1596685987,1596685961,26
2020/8/6 10:52,1596685928,1596685849,79
2020/8/6 10:51,1596685867,1596685849,18
2020/8/6 10:50,1596685807,1596685791,16
2020/8/6 10:49,1596685747,1596685727,20
2020/8/6 10:48,1596685687,1596685676,11
2020/8/6 10:47,1596685627,1596685560,67
2020/8/6 10:46,1596685567,1596685560,7
2020/8/6 10:45,1596685507,1596685507,0
2020/8/6 10:44,1596685447,1596685447,0
2020/8/6 10:43,1596685387,1596685381,6
2020/8/6 10:42,1596685327,1596685259,68
2020/8/6 10:41,1596685267,1596685259,8
2020/8/6 10:40,1596685207,1596685137,70
2020/8/6 10:39,1596685147,1596685137,10
2020/8/6 10:38,1596685087,1596685049,38
2020/8/6 10:37,1596685027,1596685006,21
2020/8/6 10:36,1596684967,1596684874,93
2020/8/6 10:35,1596684907,1596684874,33
2020/8/6 10:34,1596684847,1596684816,31
2020/8/6 10:33,1596684787,1596684700,87
2020/8/6 10:32,1596684727,1596684700,27
2020/8/6 10:31,1596684667,1596684558,109
2020/8/6 10:30,1596684607,1596684558,49
2020/8/6 10:29,1596684547,1596684497,50
2020/8/6 10:28,1596684487,1596684416,71
2020/8/6 10:27,1596684427,1596684416,11
2020/8/6 10:26,1596684367,1596684367,0
2020/8/6 10:25,1596684307,1596684274,33
2020/8/6 10:24,1596684247,1596684192,55
2020/8/6 10:23,1596684187,1596684020,167
2020/8/6 10:22,1596684127,1596684020,107
2020/8/6 10:21,1596684067,1596684020,47
2020/8/6 10:20,1596684007,1596683938,69
2020/8/6 10:19,1596683947,1596683938,9
2020/8/6 10:18,1596683887,1596683877,10
2020/8/6 10:17,1596683827,1596683796,31
2020/8/6 10:16,1596683767,1596683756,11
2020/8/6 10:15,1596683707,1596683674,33
2020/8/6 10:14,1596683647,1596683633,14
2020/8/6 10:13,1596683587,1596683587,0
2020/8/6 10:12,1596683527,1596683522,5
2020/8/6 10:11,1596683467,1596683453,14
2020/8/6 10:10,1596683407,1596683399,8
2020/8/6 10:09,1596683347,1596683318,29
2020/8/6 10:08,1596683287,1596683268,19
2020/8/6 10:07,1596683227,1596683216,11
2020/8/6 10:06,1596683167,1596683156,11
2020/8/6 10:05,1596683107,1596683094,13
2020/8/6 10:04,1596683047,1596683044,3
2020/8/6 10:03,1596682987,1596682910,77
2020/8/6 10:02,1596682927,1596682910,17
2020/8/6 10:01,1596682867,1596682859,8
2020/8/6 10:00,1596682807,1596682759,48
2020/8/6 09:59,1596682747,1596682698,49
2020/8/6 09:58,1596682687,1596682545,142
2020/8/6 09:57,1596682627,1596682545,82
2020/8/6 09:56,1596682567,1596682545,22
2020/8/6 09:55,1596682507,1596682505,2
2020/8/6 09:54,1596682447,1596682447,0
2020/8/6 09:53,1596682387,1596682383,4
2020/8/6 09:52,1596682327,1596682282,45
2020/8/6 09:51,1596682267,1596682251,16
2020/8/6 09:50,1596682207,1596682202,5
2020/8/6 09:49,1596682147,1596682108,39
2020/8/6 09:48,1596682087,1596682064,23
2020/8/6 09:47,1596682027,1596681915,112
2020/8/6 09:46,1596681967,1596681915,52
2020/8/6 09:45,1596681907,1596681875,32
2020/8/6 09:44,1596681847,1596681802,45
2020/8/6 09:43,1596681787,1596681721,66
2020/8/6 09:42,1596681727,1596681721,6
2020/8/6 09:41,1596681667,1596681650,17
2020/8/6 09:40,1596681607,1596681578,29
2020/8/6 09:39,1596681547,1596681548,-1
2020/8/6 09:38,1596681487,1596681487,0
2020/8/6 09:37,1596681427,1596681375,52
2020/8/6 09:36,1596681367,1596681324,43
2020/8/6 09:35,1596681307,1596681290,17
2020/8/6 09:34,1596681247,1596681227,20
2020/8/6 09:33,1596681187,1596681162,25
2020/8/6 09:32,1596681127,1596681095,32
2020/8/6 09:31,1596681067,1596681009,58
2020/8/6 09:30,1596681007,1596680928,79
2020/8/6 09:29,1596680947,1596680928,19
2020/8/6 09:28,1596680887,1596680887,0
2020/8/6 09:27,1596680827,1596680816,11
2020/8/6 09:26,1596680767,1596680735,32
2020/8/6 09:25,1596680707,1596680650,57
2020/8/6 09:24,1596680647,1596680648,-1
2020/8/6 09:23,1596680587,1596680502,85
2020/8/6 09:22,1596680527,1596680502,25
2020/8/6 09:21,1596680467,1596680461,6
2020/8/6 09:20,1596680407,1596680348,59
2020/8/6 09:19,1596680347,1596680347,0
2020/8/6 09:18,1596680287,1596680268,19
2020/8/6 09:17,1596680227,1596680227,0
2020/8/6 09:16,1596680167,1596680143,24
2020/8/6 09:15,1596680107,1596680083,24
2020/8/6 09:14,1596680047,1596679991,56
2020/8/6 09:13,1596679987,1596679968,19
2020/8/6 09:12,1596679927,1596679919,8
2020/8/6 09:11,1596679867,1596679826,41
2020/8/6 09:10,1596679807,1596679786,21
2020/8/6 09:09,1596679747,1596679724,23
2020/8/6 09:08,1596679687,1596679621,66
2020/8/6 09:07,1596679627,1596679621,6
2020/8/6 09:06,1596679567,1596679560,7
2020/8/6 09:05,1596679507,1596679461,46
2020/8/6 09:04,1596679447,1596679447,0
2020/8/6 09:03,1596679387,1596679260,127
2020/8/6 09:02,1596679327,1596679260,67
2020/8/6 09:01,1596679267,1596679260,7
2020/8/6 09:00,1596679207,1596679189,18
2020/8/6 08:59,1596679147,1596679137,10
2020/8/6 08:58,1596679087,1596679057,30
2020/8/6 08:57,1596679027,1596678934,93
2020/8/6 08:56,1596678967,1596678934,33
2020/8/6 08:55,1596678907,1596678863,44
2020/8/6 08:54,1596678847,1596678827,20
2020/8/6 08:53,1596678787,1596678782,5
2020/8/6 08:52,1596678727,1596678701,26
2020/8/6 08:51,1596678667,1596678658,9
2020/8/6 08:50,1596678607,1596678559,48
2020/8/6 08:49,1596678547,1596678545,2
2020/8/6 08:48,1596678487,1596678478,9
2020/8/6 08:47,1596678427,1596678412,15
2020/8/6 08:46,1596678367,1596678315,52
2020/8/6 08:45,1596678307,1596678291,16
2020/8/6 08:44,1596678247,1596678234,13
2020/8/6 08:43,1596678187,1596678187,0
2020/8/6 08:42,1596678127,1596678122,5
2020/8/6 08:41,1596678067,1596678020,47
2020/8/6 08:40,1596678007,1596677977,30
2020/8/6 08:39,1596677947,1596677919,28
2020/8/6 08:38,1596677887,1596677888,-1
2020/8/6 08:37,1596677827,1596677821,6
2020/8/6 08:36,1596677767,1596677748,19
2020/8/6 08:35,1596677707,1596677705,2
2020/8/6 08:34,1596677647,1596677634,13
2020/8/6 08:33,1596677587,1596677583,4
2020/8/6 08:32,1596677527,1596677522,5
2020/8/6 08:31,1596677467,1596677452,15
2020/8/6 08:30,1596677407,1596677401,6
2020/8/6 08:29,1596677347,1596677329,18
2020/8/6 08:28,1596677287,1596677268,19
2020/8/6 08:27,1596677227,1596677201,26
2020/8/6 08:26,1596677167,1596677146,21
2020/8/6 08:25,1596677107,1596677065,42
2020/8/6 08:24,1596677047,1596676942,105
2020/8/6 08:23,1596676987,1596676942,45
2020/8/6 08:22,1596676927,1596676922,5
2020/8/6 08:21,1596676867,1596676840,27
2020/8/6 08:20,1596676807,1596676757,50
2020/8/6 08:19,1596676747,1596676708,39
2020/8/6 08:18,1596676687,1596676605,82
2020/8/6 08:17,1596676627,1596676605,22
2020/8/6 08:16,1596676567,1596676523,44
2020/8/6 08:15,1596676507,1596676493,14
2020/8/6 08:14,1596676447,1596676417,30
2020/8/6 08:13,1596676387,1596676331,56
2020/8/6 08:12,1596676327,1596676296,31
2020/8/6 08:11,1596676267,1596676259,8
2020/8/6 08:10,1596676207,1596676203,4
2020/8/6 08:09,1596676147,1596676148,-1
2020/8/6 08:08,1596676087,1596676086,1
2020/8/6 08:07,1596676027,1596676022,5
2020/8/6 08:06,1596675967,1596675943,24
2020/8/6 08:05,1596675907,1596675902,5
2020/8/6 08:04,1596675847,1596675828,19
2020/8/6 08:03,1596675787,1596675787,0
2020/8/6 08:02,1596675727,1596675701,26
2020/8/6 08:01,1596675667,1596675667,0
2020/8/6 08:00,1596675607,1596675606,1
2020/8/6 07:59,1596675547,1596675535,12
2020/8/6 07:58,1596675487,1596675487,0
2020/8/6 07:57,1596675427,1596675423,4
2020/8/6 07:56,1596675367,1596675321,46
2020/8/6 07:55,1596675307,1596675288,19
2020/8/6 07:54,1596675247,1596675232,15
2020/8/6 07:53,1596675187,1596675181,6
2020/8/6 07:52,1596675127,1596675108,19
2020/8/6 07:51,1596675067,1596675006,61
2020/8/6 07:50,1596675007,1596675006,1
2020/8/6 07:49,1596674947,1596674915,32
2020/8/6 07:48,1596674887,1596674874,13
2020/8/6 07:47,1596674827,1596674824,3
2020/8/6 07:46,1596674767,1596674702,65
2020/8/6 07:45,1596674707,1596674702,5
2020/8/6 07:44,1596674647,1596674641,6
2020/8/6 07:43,1596674587,1596674579,8
2020/8/6 07:42,1596674527,1596674498,29
2020/8/6 07:41,1596674467,1596674449,18
2020/8/6 07:40,1596674407,1596674394,13
2020/8/6 07:39,1596674347,1596674344,3
2020/8/6 07:38,1596674287,1596674239,48
2020/8/6 07:37,1596674227,1596674208,19
2020/8/6 07:36,1596674167,1596674158,9
2020/8/6 07:35,1596674107,1596674106,1
2020/8/6 07:34,1596674047,1596674046,1
2020/8/6 07:33,1596673987,1596673944,43
2020/8/6 07:32,1596673927,1596673903,24
2020/8/6 07:31,1596673867,1596673853,14
2020/8/6 07:30,1596673807,1596673760,47
2020/8/6 07:29,1596673747,1596673717,30
2020/8/6 07:28,1596673687,1596673629,58
2020/8/6 07:27,1596673627,1596673560,67
2020/8/6 07:26,1596673567,1596673560,7
2020/8/6 07:25,1596673507,1596673466,41
2020/8/6 07:24,1596673447,1596673394,53
2020/8/6 07:23,1596673387,1596673362,25
2020/8/6 07:22,1596673327,1596673324,3
2020/8/6 07:21,1596673267,1596673262,5
2020/8/6 07:20,1596673207,1596673181,26
2020/8/6 07:19,1596673147,1596673143,4
2020/8/6 07:18,1596673087,1596672978,109
2020/8/6 07:17,1596673027,1596672978,49
2020/8/6 07:16,1596672967,1596672825,142
2020/8/6 07:15,1596672907,1596672825,82
2020/8/6 07:14,1596672847,1596672825,22
2020/8/6 07:13,1596672787,1596672713,74
2020/8/6 07:12,1596672727,1596672713,14
2020/8/6 07:11,1596672667,1596672577,90
2020/8/6 07:10,1596672607,1596672577,30
2020/8/6 07:09,1596672547,1596672543,4
2020/8/6 07:08,1596672487,1596671627,860
2020/8/6 07:07,1596672427,1596671627,800
2020/8/6 07:06,1596672367,1596671627,740
2020/8/6 07:05,1596672307,1596671627,680
2020/8/6 07:04,1596672247,1596671627,620
2020/8/6 07:03,1596672187,1596671627,560
2020/8/6 07:02,1596672127,1596671627,500
2020/8/6 07:01,1596672067,1596671627,440
2020/8/6 07:00,1596672007,1596671627,380
2020/8/6 06:59,1596671947,1596671627,320
2020/8/6 06:58,1596671887,1596671627,260
2020/8/6 06:57,1596671827,1596671627,200
2020/8/6 06:56,1596671767,1596671627,140
2020/8/6 06:55,1596671707,1596671627,80
2020/8/6 06:54,1596671647,1596671627,20
2020/8/6 06:53,1596671587,1596671406,181
2020/8/6 06:52,1596671527,1596671406,121
2020/8/6 06:51,1596671467,1596671406,61
2020/8/6 06:50,1596671407,1596671406,1
2020/8/6 06:49,1596671347,1596671272,75
2020/8/6 06:48,1596671287,1596671272,15
2020/8/6 06:47,1596671227,1596671210,17
2020/8/6 06:46,1596671167,1596671099,68
2020/8/6 06:45,1596671107,1596671099,8
2020/8/6 06:44,1596671047,1596671045,2
2020/8/6 06:43,1596670987,1596670944,43
2020/8/6 06:42,1596670927,1596670897,30
2020/8/6 06:41,1596670867,1596670774,93
2020/8/6 06:40,1596670807,1596670774,33
2020/8/6 06:39,1596670747,1596670508,239
2020/8/6 06:38,1596670687,1596670508,179
2020/8/6 06:37,1596670627,1596670508,119
2020/8/6 06:36,1596670567,1596670508,59
2020/8/6 06:35,1596670507,1596670507,0
2020/8/6 06:34,1596670447,1596670399,48
2020/8/6 06:33,1596670387,1596670360,27
2020/8/6 06:32,1596670327,1596670246,81
2020/8/6 06:31,1596670267,1596670246,21
2020/8/6 06:30,1596670207,1596670185,22
2020/8/6 06:29,1596670147,1596670034,113
2020/8/6 06:28,1596670087,1596670034,53
2020/8/6 06:27,1596670027,1596669962,65
2020/8/6 06:26,1596669967,1596669962,5
2020/8/6 06:25,1596669907,1596669904,3
2020/8/6 06:24,1596669847,1596669800,47
2020/8/6 06:23,1596669787,1596669780,7
2020/8/6 06:22,1596669727,1596669719,8
2020/8/6 06:21,1596669667,1596669663,4
2020/8/6 06:20,1596669607,1596669584,23
2020/8/6 06:19,1596669547,1596669543,4
2020/8/6 06:18,1596669487,1596669466,21
2020/8/6 06:17,1596669427,1596669415,12
2020/8/6 06:16,1596669367,1596669367,0
2020/8/6 06:15,1596669307,1596669241,66
2020/8/6 06:14,1596669247,1596669241,6
2020/8/6 06:13,1596669187,1596669170,17
2020/8/6 06:12,1596669127,1596669095,32
2020/8/6 06:11,1596669067,1596669026,41
2020/8/6 06:10,1596669007,1596668986,21
2020/8/6 06:09,1596668947,1596668934,13
2020/8/6 06:08,1596668887,1596668866,21
2020/8/6 06:07,1596668827,1596668802,25
2020/8/6 06:06,1596668767,1596668762,5
2020/8/6 06:05,1596668707,1596668621,86
2020/8/6 06:04,1596668647,1596668621,26
2020/8/6 06:03,1596668587,1596668508,79
2020/8/6 06:02,1596668528,1596668508,20
2020/8/6 06:01,1596668467,1596668455,12
2020/8/6 06:00,1596668407,1596668366,41
2020/8/6 05:59,1596668347,1596668336,11
2020/8/6 05:58,1596668287,1596668264,23
2020/8/6 05:57,1596668227,1596668203,24
2020/8/6 05:56,1596668167,1596668102,65
2020/8/6 05:55,1596668107,1596668102,5
2020/8/6 05:54,1596668047,1596667960,87
2020/8/6 05:53,1596667987,1596667960,27
2020/8/6 05:52,1596667927,1596667858,69
2020/8/6 05:51,1596667867,1596667858,9
2020/8/6 05:50,1596667807,1596667766,41
2020/8/6 05:49,1596667747,1596667726,21
2020/8/6 05:48,1596667687,1596667644,43
2020/8/6 05:47,1596667627,1596667604,23
2020/8/6 05:46,1596667567,1596667553,14
2020/8/6 05:45,1596667507,1596667507,0
2020/8/6 05:44,1596667447,1596667434,13
2020/8/6 05:43,1596667387,1596667385,2
2020/8/6 05:42,1596667327,1596667268,59
2020/8/6 05:41,1596667267,1596667167,100
2020/8/6 05:40,1596667207,1596667167,40
2020/8/6 05:39,1596667147,1596667147,0
2020/8/6 05:38,1596667087,1596667024,63
2020/8/6 05:37,1596667027,1596667024,3
2020/8/6 05:36,1596666967,1596666923,44
2020/8/6 05:35,1596666907,1596666885,22
2020/8/6 05:34,1596666847,1596666844,3
2020/8/6 05:33,1596666787,1596666780,7
2020/8/6 05:32,1596666727,1596666719,8
2020/8/6 05:31,1596666667,1596666660,7
2020/8/6 05:30,1596666607,1596666607,0
2020/8/6 05:29,1596666547,1596666546,1
2020/8/6 05:28,1596666487,1596666445,42
2020/8/6 05:27,1596666427,1596666404,23
2020/8/6 05:26,1596666367,1596666342,25
2020/8/6 05:25,1596666307,1596666298,9
2020/8/6 05:24,1596666247,1596666247,0
2020/8/6 05:23,1596666187,1596666139,48
2020/8/6 05:22,1596666127,1596666123,4
2020/8/6 05:21,1596666067,1596666043,24
2020/8/6 05:20,1596666007,1596665990,17
2020/8/6 05:19,1596665947,1596665923,24
2020/8/6 05:18,1596665887,1596665884,3
2020/8/6 05:17,1596665827,1596665813,14
2020/8/6 05:16,1596665767,1596665760,7
2020/8/6 05:15,1596665707,1596665702,5
2020/8/6 05:14,1596665647,1596665610,37
2020/8/6 05:13,1596665587,1596665446,141
2020/8/6 05:12,1596665527,1596665446,81
2020/8/6 05:11,1596665467,1596665446,21
2020/8/6 05:10,1596665407,1596665396,11
2020/8/6 05:09,1596665347,1596665315,32
2020/8/6 05:08,1596665287,1596665223,64
2020/8/6 05:07,1596665227,1596665223,4
2020/8/6 05:06,1596665167,1596665153,14
2020/8/6 05:05,1596665107,1596665060,47
2020/8/6 05:04,1596665047,1596664989,58
2020/8/6 05:03,1596664987,1596664951,36
2020/8/6 05:02,1596664927,1596664919,8
2020/8/6 05:01,1596664867,1596664846,21
2020/8/6 05:00,1596664807,1596664787,20
2020/8/6 04:59,1596664747,1596664740,7
2020/8/6 04:58,1596664687,1596664684,3
2020/8/6 04:57,1596664627,1596664623,4
2020/8/6 04:56,1596664567,1596664471,96
2020/8/6 04:55,1596664507,1596664471,36
2020/8/6 04:54,1596664447,1596664430,17
2020/8/6 04:53,1596664387,1596664349,38
2020/8/6 04:52,1596664327,1596664297,30
2020/8/6 04:51,1596664267,1596664226,41
2020/8/6 04:50,1596664207,1596664135,72
2020/8/6 04:49,1596664147,1596664135,12
2020/8/6 04:48,1596664087,1596664073,14
2020/8/6 04:47,1596664027,1596664009,18
2020/8/6 04:46,1596663967,1596663938,29
2020/8/6 04:45,1596663907,1596663818,89
2020/8/6 04:44,1596663847,1596663818,29
2020/8/6 04:43,1596663787,1596663765,22
2020/8/6 04:42,1596663727,1596663698,29
2020/8/6 04:41,1596663667,1596663640,27
2020/8/6 04:40,1596663607,1596663597,10
2020/8/6 04:39,1596663547,1596663504,43
2020/8/6 04:38,1596663487,1596663352,135
2020/8/6 04:37,1596663427,1596663352,75
2020/8/6 04:36,1596663367,1596663352,15
2020/8/6 04:35,1596663307,1596663250,57
2020/8/6 04:34,1596663247,1596663189,58
2020/8/6 04:33,1596663187,1596663178,9
2020/8/6 04:32,1596663127,1596663128,-1
2020/8/6 04:31,1596663067,1596663026,41
2020/8/6 04:30,1596663007,1596662986,21
2020/8/6 04:29,1596662947,1596662945,2
2020/8/6 04:28,1596662887,1596662851,36
2020/8/6 04:27,1596662827,1596662813,14
2020/8/6 04:26,1596662767,1596662762,5
2020/8/6 04:25,1596662707,1596662669,38
2020/8/6 04:24,1596662647,1596662620,27
2020/8/6 04:23,1596662587,1596662549,38
2020/8/6 04:22,1596662527,1596662493,34
2020/8/6 04:21,1596662467,1596662431,36
2020/8/6 04:20,1596662407,1596662396,11
2020/8/6 04:19,1596662347,1596662304,43
2020/8/6 04:18,1596662287,1596662264,23
2020/8/6 04:17,1596662227,1596662201,26
2020/8/6 04:16,1596662167,1596662119,48
2020/8/6 04:15,1596662107,1596662103,4
2020/8/6 04:14,1596662047,1596662040,7
2020/8/6 04:13,1596661987,1596661969,18
2020/8/6 04:12,1596661927,1596661923,4
2020/8/6 04:11,1596661867,1596661856,11
2020/8/6 04:10,1596661807,1596661805,2
2020/8/6 04:09,1596661747,1596661721,26
2020/8/6 04:08,1596661687,1596661673,14
2020/8/6 04:07,1596661627,1596661613,14
2020/8/6 04:06,1596661567,1596661564,3
2020/8/6 04:05,1596661507,1596661506,1
2020/8/6 04:04,1596661447,1596661389,58
2020/8/6 04:03,1596661387,1596661318,69
2020/8/6 04:02,1596661327,1596661318,9
2020/8/6 04:01,1596661267,1596661185,82
2020/8/6 04:00,1596661207,1596661185,22
2020/8/6 03:59,1596661147,1596661124,23
2020/8/6 03:58,1596661087,1596661073,14
2020/8/6 03:57,1596661027,1596661027,0
2020/8/6 03:56,1596660967,1596660959,8
2020/8/6 03:55,1596660907,1596660890,17
2020/8/6 03:54,1596660847,1596660847,0
2020/8/6 03:53,1596660787,1596660768,19
2020/8/6 03:52,1596660727,1596660717,10
2020/8/6 03:51,1596660667,1596660656,11
2020/8/6 03:50,1596660607,1596660605,2
2020/8/6 03:49,1596660547,1596660494,53
2020/8/6 03:48,1596660487,1596660475,12
2020/8/6 03:47,1596660427,1596660413,14
2020/8/6 03:46,1596660367,1596660316,51
2020/8/6 03:45,1596660307,1596660302,5
2020/8/6 03:44,1596660247,1596660242,5
2020/8/6 03:43,1596660187,1596660164,23
2020/8/6 03:42,1596660127,1596660026,101
2020/8/6 03:41,1596660067,1596660026,41
2020/8/6 03:40,1596660007,1596660005,2
2020/8/6 03:39,1596659947,1596659947,0
2020/8/6 03:38,1596659887,1596659812,75
2020/8/6 03:37,1596659827,1596659812,15
2020/8/6 03:36,1596659767,1596659762,5
2020/8/6 03:35,1596659707,1596659704,3
2020/8/6 03:34,1596659647,1596659640,7
2020/8/6 03:33,1596659587,1596659572,15
2020/8/6 03:32,1596659527,1596659496,31
2020/8/6 03:31,1596659467,1596659456,11
2020/8/6 03:30,1596659407,1596659342,65
2020/8/6 03:29,1596659347,1596659342,5
2020/8/6 03:28,1596659287,1596659263,24
2020/8/6 03:27,1596659227,1596659182,45
2020/8/6 03:26,1596659167,1596659152,15
2020/8/6 03:25,1596659107,1596659029,78
2020/8/6 03:24,1596659047,1596659029,18
2020/8/6 03:23,1596658987,1596658978,9
2020/8/6 03:22,1596658927,1596658877,50
2020/8/6 03:21,1596658867,1596658865,2
2020/8/6 03:20,1596658807,1596658744,63
2020/8/6 03:19,1596658747,1596658744,3
2020/8/6 03:18,1596658687,1596658622,65
2020/8/6 03:17,1596658627,1596658622,5
2020/8/6 03:16,1596658567,1596658551,16
2020/8/6 03:15,1596658507,1596658501,6
2020/8/6 03:14,1596658447,1596658439,8
2020/8/6 03:13,1596658387,1596658378,9
2020/8/6 03:12,1596658327,1596658264,63
2020/8/6 03:11,1596658267,1596658264,3
2020/8/6 03:10,1596658207,1596658207,0
2020/8/6 03:09,1596658147,1596658134,13
2020/8/6 03:08,1596658087,1596657991,96
2020/8/6 03:07,1596658027,1596657991,36
2020/8/6 03:06,1596657967,1596657956,11
2020/8/6 03:05,1596657907,1596657788,119
2020/8/6 03:04,1596657847,1596657788,59
2020/8/6 03:03,1596657787,1596657703,84
2020/8/6 03:02,1596657727,1596657703,24
2020/8/6 03:01,1596657667,1596657604,63
2020/8/6 03:00,1596657607,1596657604,3
2020/8/6 02:59,1596657547,1596657502,45
2020/8/6 02:58,1596657487,1596657472,15
2020/8/6 02:57,1596657427,1596657380,47
2020/8/6 02:56,1596657367,1596657279,88
2020/8/6 02:55,1596657307,1596657279,28
2020/8/6 02:54,1596657247,1596657086,161
2020/8/6 02:53,1596657187,1596657086,101
2020/8/6 02:52,1596657127,1596657086,41
2020/8/6 02:51,1596657067,1596657024,43
2020/8/6 02:50,1596657007,1596656973,34
2020/8/6 02:49,1596656947,1596656922,25
2020/8/6 02:48,1596656887,1596656861,26
2020/8/6 02:47,1596656827,1596656800,27
2020/8/6 02:46,1596656767,1596656767,0
2020/8/6 02:45,1596656708,1596656627,81
2020/8/6 02:44,1596656647,1596656627,20
2020/8/6 02:43,1596656587,1596656556,31
2020/8/6 02:42,1596656527,1596656506,21
2020/8/6 02:41,1596656467,1596656461,6
2020/8/6 02:40,1596656407,1596656382,25
2020/8/6 02:39,1596656347,1596656322,25
2020/8/6 02:38,1596656287,1596656271,16
2020/8/6 02:37,1596656228,1596656221,7
2020/8/6 02:36,1596656167,1596656149,18
2020/8/6 02:35,1596656107,1596656107,0
2020/8/6 02:34,1596656047,1596656007,40
2020/8/6 02:33,1596655987,1596655926,61
2020/8/6 02:32,1596655927,1596655926,1
2020/8/6 02:31,1596655867,1596655814,53
2020/8/6 02:30,1596655807,1596655763,44
2020/8/6 02:29,1596655747,1596655732,15
2020/8/6 02:28,1596655687,1596655651,36
2020/8/6 02:27,1596655627,1596655605,22
2020/8/6 02:26,1596655567,1596655550,17
2020/8/6 02:25,1596655507,1596655498,9
2020/8/6 02:24,1596655447,1596655427,20
2020/8/6 02:23,1596655387,1596655375,12
2020/8/6 02:22,1596655327,1596655295,32
2020/8/6 02:21,1596655267,1596655267,0
2020/8/6 02:20,1596655207,1596655196,11
2020/8/6 02:19,1596655147,1596655091,56
2020/8/6 02:18,1596655087,1596655024,63
2020/8/6 02:17,1596655027,1596655024,3
2020/8/6 02:16,1596654967,1596654785,182
2020/8/6 02:15,1596654907,1596654785,122
2020/8/6 02:14,1596654847,1596654785,62
2020/8/6 02:13,1596654787,1596654785,2
2020/8/6 02:12,1596654727,1596654693,34
2020/8/6 02:11,1596654667,1596654612,55
2020/8/6 02:10,1596654607,1596654542,65
2020/8/6 02:09,1596654547,1596654542,5
2020/8/6 02:08,1596654487,1596654338,149
2020/8/6 02:07,1596654427,1596654338,89
2020/8/6 02:06,1596654367,1596654338,29
2020/8/6 02:05,1596654307,1596654253,54
2020/8/6 02:04,1596654247,1596654241,6
2020/8/6 02:03,1596654187,1596654185,2
2020/8/6 02:02,1596654127,1596654128,-1
2020/8/6 02:01,1596654067,1596654012,55
2020/8/6 02:00,1596654007,1596653956,51
2020/8/6 01:59,1596653947,1596653941,6
2020/8/6 01:58,1596653887,1596653876,11
2020/8/6 01:57,1596653827,1596653820,7
2020/8/6 01:56,1596653767,1596653737,30
2020/8/6 01:55,1596653707,1596653707,0
2020/8/6 01:54,1596653647,1596653647,0
2020/8/6 01:53,1596653587,1596653585,2
2020/8/6 01:52,1596653527,1596653493,34
2020/8/6 01:51,1596653467,1596653442,25
2020/8/6 01:50,1596653407,1596653391,16
2020/8/6 01:49,1596653347,1596653310,37
2020/8/6 01:48,1596653287,1596653219,68
2020/8/6 01:47,1596653227,1596653219,8
2020/8/6 01:46,1596653167,1596653147,20
2020/8/6 01:45,1596653107,1596653044,63
2020/8/6 01:44,1596653047,1596653044,3
2020/8/6 01:43,1596652987,1596652973,14
2020/8/6 01:42,1596652927,1596652778,149
2020/8/6 01:41,1596652867,1596652778,89
2020/8/6 01:40,1596652807,1596652778,29
2020/8/6 01:39,1596652747,1596652720,27
2020/8/6 01:38,1596652687,1596652628,59
2020/8/6 01:37,1596652627,1596652616,11
2020/8/6 01:36,1596652567,1596652551,16
2020/8/6 01:35,1596652507,1596652506,1
2020/8/6 01:34,1596652447,1596652413,34
2020/8/6 01:33,1596652387,1596652373,14
2020/8/6 01:32,1596652327,1596652272,55
2020/8/6 01:31,1596652267,1596652210,57
2020/8/6 01:30,1596652207,1596652157,50
2020/8/6 01:29,1596652147,1596652143,4
2020/8/6 01:28,1596652087,1596652079,8
2020/8/6 01:27,1596652027,1596652018,9
2020/8/6 01:26,1596651967,1596651936,31
2020/8/6 01:25,1596651907,1596651818,89
2020/8/6 01:24,1596651847,1596651818,29
2020/8/6 01:23,1596651787,1596651785,2
2020/8/6 01:22,1596651727,1596651720,7
2020/8/6 01:21,1596651667,1596651641,26
2020/8/6 01:20,1596651607,1596651592,15
2020/8/6 01:19,1596651547,1596651499,48
2020/8/6 01:18,1596651487,1596651458,29
2020/8/6 01:17,1596651427,1596651399,28
2020/8/6 01:16,1596651367,1596651326,41
2020/8/6 01:15,1596651307,1596651305,2
2020/8/6 01:14,1596651247,1596651207,40
2020/8/6 01:13,1596651187,1596651185,2
2020/8/6 01:12,1596651127,1596651123,4
2020/8/6 01:11,1596651067,1596651067,0
2020/8/6 01:10,1596651007,1596650997,10
2020/8/6 01:09,1596650947,1596650929,18
2020/8/6 01:08,1596650887,1596650827,60
2020/8/6 01:07,1596650827,1596650797,30
2020/8/6 01:06,1596650767,1596650757,10
2020/8/6 01:05,1596650707,1596650690,17
2020/8/6 01:04,1596650647,1596650639,8
2020/8/6 01:03,1596650587,1596650585,2
2020/8/6 01:02,1596650527,1596650521,6
2020/8/6 01:01,1596650467,1596650450,17
2020/8/6 01:00,1596650407,1596650390,17
2020/8/6 00:59,1596650347,1596650335,12
2020/8/6 00:58,1596650287,1596650278,9
2020/8/6 00:57,1596650227,1596650186,41
2020/8/6 00:56,1596650167,1596650125,42
2020/8/6 00:55,1596650107,1596650102,5
2020/8/6 00:54,1596650047,1596650044,3
2020/8/6 00:53,1596649987,1596649972,15
2020/8/6 00:52,1596649927,1596649914,13
2020/8/6 00:51,1596649867,1596649840,27
2020/8/6 00:50,1596649807,1596649800,7
2020/8/6 00:49,1596649747,1596649739,8
2020/8/6 00:48,1596649687,1596649629,58
2020/8/6 00:47,1596649627,1596649606,21
2020/8/6 00:46,1596649567,1596649515,52
2020/8/6 00:45,1596649508,1596649454,54
2020/8/6 00:44,1596649447,1596649428,19
2020/8/6 00:43,1596649387,1596649372,15
2020/8/6 00:42,1596649327,1596649312,15
2020/8/6 00:41,1596649267,1596649152,115
2020/8/6 00:40,1596649207,1596649152,55
2020/8/6 00:39,1596649147,1596649138,9
2020/8/6 00:38,1596649087,1596649084,3
2020/8/6 00:37,1596649027,1596648945,82
2020/8/6 00:36,1596648967,1596648945,22
2020/8/6 00:35,1596648907,1596648873,34
2020/8/6 00:34,1596648847,1596648812,35
2020/8/6 00:33,1596648787,1596648778,9
2020/8/6 00:32,1596648727,1596648721,6
2020/8/6 00:31,1596648667,1596648668,-1
2020/8/6 00:30,1596648607,1596648578,29
2020/8/6 00:29,1596648547,1596648547,0
2020/8/6 00:28,1596648487,1596648477,10
2020/8/6 00:27,1596648427,1596648425,2
2020/8/6 00:26,1596648367,1596648364,3
2020/8/6 00:25,1596648307,1596648304,3
2020/8/6 00:24,1596648247,1596648241,6
2020/8/6 00:23,1596648187,1596648181,6
2020/8/6 00:22,1596648127,1596648121,6
2020/8/6 00:21,1596648067,1596648055,12
2020/8/6 00:20,1596648007,1596647997,10
2020/8/6 00:19,1596647947,1596647946,1
2020/8/6 00:18,1596647887,1596647846,41
2020/8/6 00:17,1596647827,1596647794,33
2020/8/6 00:16,1596647767,1596647763,4
2020/8/6 00:15,1596647707,1596647696,11
2020/8/6 00:14,1596647647,1596647620,27
2020/8/6 00:13,1596647587,1596647519,68
2020/8/6 00:12,1596647527,1596647519,8
2020/8/6 00:11,1596647467,1596647387,80
2020/8/6 00:10,1596647407,1596647387,20
2020/8/6 00:09,1596647347,1596647275,72
2020/8/6 00:08,1596647287,1596647275,12
2020/8/6 00:07,1596647227,1596647225,2
2020/8/6 00:06,1596647167,1596647156,11
2020/8/6 00:05,1596647107,1596647082,25
2020/8/6 00:04,1596647047,1596647011,36
2020/8/6 00:03,1596646987,1596646980,7
2020/8/6 00:02,1596646927,1596646908,19
2020/8/6 00:01,1596646867,1596646858,9
2020/8/6 00:00,1596646807,1596646747,60
2020/8/5 23:59,1596646747,1596646747,0
2020/8/5 23:58,1596646687,1596646684,3
2020/8/5 23:57,1596646627,1596646583,44
2020/8/5 23:56,1596646567,1596646563,4
2020/8/5 23:55,1596646507,1596646502,5
2020/8/5 23:54,1596646447,1596646442,5
2020/8/5 23:53,1596646387,1596646359,28
2020/8/5 23:52,1596646327,1596646293,34
2020/8/5 23:51,1596646267,1596646236,31
2020/8/5 23:50,1596646207,1596646186,21
2020/8/5 23:49,1596646147,1596646095,52
2020/8/5 23:48,1596646087,1596646065,22
2020/8/5 23:47,1596646027,1596645994,33
2020/8/5 23:46,1596645967,1596645943,24
2020/8/5 23:45,1596645907,1596645871,36
2020/8/5 23:44,1596645847,1596645845,2
2020/8/5 23:43,1596645787,1596645720,67
2020/8/5 23:42,1596645727,1596645720,7
2020/8/5 23:41,1596645667,1596645577,90
2020/8/5 23:40,1596645607,1596645577,30
2020/8/5 23:39,1596645547,1596645526,21
2020/8/5 23:38,1596645487,1596645455,32
2020/8/5 23:37,1596645427,1596645383,44
2020/8/5 23:36,1596645367,1596645339,28
2020/8/5 23:35,1596645307,1596645291,16
2020/8/5 23:34,1596645247,1596645246,1
2020/8/5 23:33,1596645187,1596645180,7
2020/8/5 23:32,1596645127,1596645089,38
2020/8/5 23:31,1596645067,1596644998,69
2020/8/5 23:30,1596645007,1596644998,9
2020/8/5 23:29,1596644947,1596644906,41
2020/8/5 23:28,1596644887,1596644825,62
2020/8/5 23:27,1596644827,1596644825,2
2020/8/5 23:26,1596644767,1596644762,5
2020/8/5 23:25,1596644707,1596644705,2
2020/8/5 23:24,1596644647,1596644641,6
2020/8/5 23:23,1596644587,1596644579,8
2020/8/5 23:22,1596644527,1596644499,28
2020/8/5 23:21,1596644467,1596644428,39
2020/8/5 23:20,1596644407,1596644397,10
2020/8/5 23:19,1596644347,1596644327,20
2020/8/5 23:18,1596644287,1596644265,22
2020/8/5 23:17,1596644227,1596644224,3
2020/8/5 23:16,1596644167,1596644133,34
2020/8/5 23:15,1596644107,1596644072,35
2020/8/5 23:14,1596644047,1596643960,87
2020/8/5 23:13,1596643987,1596643960,27
2020/8/5 23:12,1596643927,1596643910,17
2020/8/5 23:11,1596643867,1596643848,19
2020/8/5 23:10,1596643807,1596643777,30
2020/8/5 23:09,1596643747,1596643655,92
2020/8/5 23:08,1596643687,1596643655,32
2020/8/5 23:07,1596643627,1596643614,13
2020/8/5 23:06,1596643567,1596643534,33
2020/8/5 23:05,1596643507,1596643483,24
2020/8/5 23:04,1596643447,1596643442,5
2020/8/5 23:03,1596643387,1596643371,16
2020/8/5 23:02,1596643327,1596643322,5
2020/8/5 23:01,1596643267,1596643229,38
2020/8/5 23:00,1596643207,1596643168,39
2020/8/5 22:59,1596643147,1596643128,19
2020/8/5 22:58,1596643087,1596643015,72
2020/8/5 22:57,1596643027,1596643015,12
2020/8/5 22:56,1596642967,1596642965,2
2020/8/5 22:55,1596642907,1596642903,4
2020/8/5 22:54,1596642847,1596642781,66
2020/8/5 22:53,1596642787,1596642781,6
2020/8/5 22:52,1596642727,1596642720,7
2020/8/5 22:51,1596642667,1596642648,19
2020/8/5 22:50,1596642607,1596642588,19
2020/8/5 22:49,1596642547,1596642517,30
2020/8/5 22:48,1596642487,1596642466,21
2020/8/5 22:47,1596642427,1596642420,7
2020/8/5 22:46,1596642367,1596642364,3
2020/8/5 22:45,1596642307,1596642293,14
2020/8/5 22:44,1596642247,1596642242,5
2020/8/5 22:43,1596642187,1596642171,16
2020/8/5 22:42,1596642127,1596642100,27
2020/8/5 22:41,1596642068,1596642060,8
2020/8/5 22:40,1596642007,1596642006,1
2020/8/5 22:39,1596641947,1596641928,19
2020/8/5 22:38,1596641887,1596641887,0
2020/8/5 22:37,1596641827,1596641820,7
2020/8/5 22:36,1596641767,1596641674,93
2020/8/5 22:35,1596641707,1596641674,33
2020/8/5 22:34,1596641647,1596641609,38
2020/8/5 22:33,1596641587,1596641582,5
2020/8/5 22:32,1596641527,1596641521,6
2020/8/5 22:31,1596641467,1596641449,18
2020/8/5 22:30,1596641407,1596641318,89
2020/8/5 22:29,1596641347,1596641318,29
2020/8/5 22:28,1596641287,1596641246,41
2020/8/5 22:27,1596641227,1596641195,32
2020/8/5 22:26,1596641167,1596641149,18
2020/8/5 22:25,1596641107,1596641104,3
2020/8/5 22:24,1596641047,1596641013,34
2020/8/5 22:23,1596640987,1596640929,58
2020/8/5 22:22,1596640927,1596640927,0
2020/8/5 22:21,1596640867,1596640859,8
2020/8/5 22:20,1596640807,1596640798,9
2020/8/5 22:19,1596640747,1596640687,60
2020/8/5 22:18,1596640687,1596640687,0
2020/8/5 22:17,1596640627,1596640595,32
2020/8/5 22:16,1596640567,1596640567,0
2020/8/5 22:15,1596640507,1596640463,44
2020/8/5 22:14,1596640447,1596640447,0
2020/8/5 22:13,1596640387,1596640371,16
2020/8/5 22:12,1596640327,1596640259,68
2020/8/5 22:11,1596640267,1596640259,8
2020/8/5 22:10,1596640207,1596640199,8
2020/8/5 22:09,1596640147,1596640097,50
2020/8/5 22:08,1596640087,1596639998,89
2020/8/5 22:07,1596640027,1596639998,29
2020/8/5 22:06,1596639967,1596639955,12
2020/8/5 22:05,1596639907,1596639861,46
2020/8/5 22:04,1596639847,1596639829,18
2020/8/5 22:03,1596639787,1596639730,57
2020/8/5 22:02,1596639727,1596639683,44
2020/8/5 22:01,1596639667,1596639594,73
2020/8/5 22:00,1596639607,1596639594,13
2020/8/5 21:59,1596639547,1596639548,-1
2020/8/5 21:58,1596639487,1596639482,5
2020/8/5 21:57,1596639427,1596639416,11
2020/8/5 21:56,1596639367,1596639364,3
2020/8/5 21:55,1596639307,1596639304,3
2020/8/5 21:54,1596639247,1596639223,24
2020/8/5 21:53,1596639187,1596639171,16
2020/8/5 21:52,1596639127,1596639028,99
2020/8/5 21:51,1596639067,1596639028,39
2020/8/5 21:50,1596639007,1596638968,39
2020/8/5 21:49,1596638947,1596638928,19
2020/8/5 21:48,1596638887,1596638877,10
2020/8/5 21:47,1596638827,1596638796,31
2020/8/5 21:46,1596638767,1596638749,18
2020/8/5 21:45,1596638707,1596638642,65
2020/8/5 21:44,1596638647,1596638642,5
2020/8/5 21:43,1596638587,1596638585,2
2020/8/5 21:42,1596638527,1596638525,2
2020/8/5 21:41,1596638467,1596638429,38
2020/8/5 21:40,1596638407,1596638215,192
2020/8/5 21:39,1596638347,1596638215,132
2020/8/5 21:38,1596638287,1596638215,72
2020/8/5 21:37,1596638227,1596638215,12
2020/8/5 21:36,1596638167,1596638093,74
2020/8/5 21:35,1596638107,1596638093,14
2020/8/5 21:34,1596638047,1596638043,4
2020/8/5 21:33,1596637987,1596637971,16
2020/8/5 21:32,1596637927,1596637921,6
2020/8/5 21:31,1596637867,1596637839,28
2020/8/5 21:30,1596637807,1596637777,30
2020/8/5 21:29,1596637747,1596637697,50
2020/8/5 21:28,1596637687,1596637656,31
2020/8/5 21:27,1596637627,1596637544,83
2020/8/5 21:26,1596637567,1596637544,23
2020/8/5 21:25,1596637507,1596637504,3
2020/8/5 21:24,1596637447,1596637433,14
2020/8/5 21:23,1596637387,1596637386,1
2020/8/5 21:22,1596637327,1596637327,0
2020/8/5 21:21,1596637267,1596637156,111
2020/8/5 21:20,1596637208,1596637156,52
2020/8/5 21:19,1596637147,1596637026,121
2020/8/5 21:18,1596637087,1596637026,61
2020/8/5 21:17,1596637027,1596637026,1
2020/8/5 21:16,1596636967,1596636914,53
2020/8/5 21:15,1596636907,1596636894,13
2020/8/5 21:14,1596636847,1596636833,14
2020/8/5 21:13,1596636787,1596636780,7
2020/8/5 21:12,1596636727,1596636725,2
2020/8/5 21:11,1596636667,1596636426,241
2020/8/5 21:10,1596636607,1596636426,181
2020/8/5 21:09,1596636547,1596636426,121
2020/8/5 21:08,1596636487,1596636426,61
2020/8/5 21:07,1596636427,1596636426,1
2020/8/5 21:06,1596636367,1596636294,73
2020/8/5 21:05,1596636307,1596636294,13
2020/8/5 21:04,1596636247,1596636233,14
2020/8/5 21:03,1596636187,1596636187,0
2020/8/5 21:02,1596636127,1596636121,6
2020/8/5 21:01,1596636067,1596636061,6
2020/8/5 21:00,1596636007,1596635983,24
2020/8/5 20:59,1596635947,1596635934,13
2020/8/5 20:58,1596635887,1596635887,0
2020/8/5 20:57,1596635827,1596635820,7
2020/8/5 20:56,1596635767,1596635705,62
2020/8/5 20:55,1596635707,1596635705,2
2020/8/5 20:54,1596635647,1596635643,4
2020/8/5 20:53,1596635587,1596635562,25
2020/8/5 20:52,1596635527,1596635510,17
2020/8/5 20:51,1596635467,1596635430,37
2020/8/5 20:50,1596635407,1596635404,3
2020/8/5 20:49,1596635347,1596635339,8
2020/8/5 20:48,1596635287,1596635287,0
2020/8/5 20:47,1596635227,1596635216,11
2020/8/5 20:46,1596635167,1596635125,42
2020/8/5 20:45,1596635107,1596635098,9
2020/8/5 20:44,1596635047,1596635003,44
2020/8/5 20:43,1596634987,1596634987,0
2020/8/5 20:42,1596634927,1596634870,57
2020/8/5 20:41,1596634867,1596634830,37
2020/8/5 20:40,1596634807,1596634738,69
2020/8/5 20:39,1596634747,1596634738,9
2020/8/5 20:38,1596634687,1596634667,20
2020/8/5 20:37,1596634627,1596634573,54
2020/8/5 20:36,1596634567,1596634543,24
2020/8/5 20:35,1596634507,1596634505,2
2020/8/5 20:34,1596634447,1596634422,25
2020/8/5 20:33,1596634387,1596634361,26
2020/8/5 20:32,1596634327,1596634320,7
2020/8/5 20:31,1596634267,1596634263,4
2020/8/5 20:30,1596634207,1596634198,9
2020/8/5 20:29,1596634147,1596634107,40
2020/8/5 20:28,1596634087,1596634056,31
2020/8/5 20:27,1596634027,1596634005,22
2020/8/5 20:26,1596633967,1596633964,3
2020/8/5 20:25,1596633907,1596633906,1
2020/8/5 20:24,1596633847,1596633842,5
2020/8/5 20:23,1596633787,1596633781,6
2020/8/5 20:22,1596633727,1596633720,7
2020/8/5 20:21,1596633667,1596633618,49
2020/8/5 20:20,1596633607,1596633537,70
2020/8/5 20:19,1596633547,1596633537,10
2020/8/5 20:18,1596633487,1596633476,11
2020/8/5 20:17,1596633427,1596633427,0
2020/8/5 20:16,1596633367,1596633363,4
2020/8/5 20:15,1596633307,1596633306,1
2020/8/5 20:14,1596633248,1596633246,2
2020/8/5 20:13,1596633187,1596633181,6
2020/8/5 20:12,1596633127,1596633110,17
2020/8/5 20:11,1596633067,1596633038,29
2020/8/5 20:10,1596633007,1596632997,10
2020/8/5 20:09,1596632947,1596632947,0
2020/8/5 20:08,1596632887,1596632885,2
2020/8/5 20:07,1596632827,1596632801,26
2020/8/5 20:06,1596632767,1596632767,0
2020/8/5 20:05,1596632707,1596632707,0
2020/8/5 20:04,1596632647,1596632621,26
2020/8/5 20:03,1596632587,1596632584,3
2020/8/5 20:02,1596632527,1596632519,8
2020/8/5 20:01,1596632467,1596632438,29
2020/8/5 20:00,1596632407,1596632356,51
2020/8/5 19:59,1596632347,1596632328,19
2020/8/5 19:58,1596632287,1596632285,2
2020/8/5 19:57,1596632227,1596632223,4
2020/8/5 19:56,1596632167,1596632132,35
2020/8/5 19:55,1596632107,1596632101,6
2020/8/5 19:54,1596632047,1596632047,0
2020/8/5 19:53,1596631987,1596631987,0
2020/8/5 19:52,1596631928,1596631909,19
2020/8/5 19:51,1596631867,1596631866,1
2020/8/5 19:50,1596631807,1596631797,10
2020/8/5 19:49,1596631747,1596631746,1
2020/8/5 19:48,1596631687,1596631660,27
2020/8/5 19:47,1596631627,1596631624,3
2020/8/5 19:46,1596631567,1596631563,4
2020/8/5 19:45,1596631507,1596631482,25
2020/8/5 19:44,1596631447,1596631441,6
2020/8/5 19:43,1596631387,1596631379,8
2020/8/5 19:42,1596631327,1596631325,2
2020/8/5 19:41,1596631267,1596631198,69
2020/8/5 19:40,1596631207,1596631198,9
2020/8/5 19:39,1596631147,1596631147,0
2020/8/5 19:38,1596631087,1596631081,6
2020/8/5 19:37,1596631027,1596631025,2
2020/8/5 19:36,1596630967,1596630945,22
2020/8/5 19:35,1596630907,1596630904,3
2020/8/5 19:34,1596630847,1596630791,56
2020/8/5 19:33,1596630787,1596630711,76
2020/8/5 19:32,1596630727,1596630711,16
2020/8/5 19:31,1596630667,1596630658,9
2020/8/5 19:30,1596630607,1596630607,0
2020/8/5 19:29,1596630547,1596630526,21
2020/8/5 19:28,1596630487,1596630475,12
2020/8/5 19:27,1596630427,1596630426,1
2020/8/5 19:26,1596630367,1596630353,14
2020/8/5 19:25,1596630307,1596630273,34
2020/8/5 19:24,1596630247,1596630151,96
2020/8/5 19:23,1596630187,1596630151,36
2020/8/5 19:22,1596630127,1596630070,57
2020/8/5 19:21,1596630067,1596629918,149
2020/8/5 19:20,1596630007,1596629918,89
2020/8/5 19:19,1596629947,1596629918,29
2020/8/5 19:18,1596629887,1596629815,72
2020/8/5 19:17,1596629827,1596629815,12
2020/8/5 19:16,1596629767,1596629735,32
2020/8/5 19:15,1596629707,1596629683,24
2020/8/5 19:14,1596629647,1596629632,15
2020/8/5 19:13,1596629587,1596629552,35
2020/8/5 19:12,1596629527,1596628435,1092
2020/8/5 19:11,1596629467,1596628435,1032
2020/8/5 19:10,1596629407,1596628435,972
2020/8/5 19:09,1596629347,1596628435,912
2020/8/5 19:08,1596629287,1596628435,852
2020/8/5 19:07,1596629228,1596628435,793
2020/8/5 19:06,1596629167,1596628435,732
2020/8/5 19:05,1596629107,1596628435,672
2020/8/5 19:04,1596629047,1596628435,612
2020/8/5 19:03,1596628987,1596628435,552
2020/8/5 19:02,1596628927,1596628435,492
2020/8/5 19:01,1596628867,1596628435,432
2020/8/5 19:00,1596628807,1596628435,372
2020/8/5 18:59,1596628747,1596628435,312
2020/8/5 18:58,1596628687,1596628435,252
2020/8/5 18:57,1596628627,1596628435,192
2020/8/5 18:56,1596628567,1596628435,132
2020/8/5 18:55,1596628507,1596628435,72
2020/8/5 18:54,1596628447,1596628435,12
2020/8/5 18:53,1596628387,1596628356,31
2020/8/5 18:52,1596628327,1596628323,4
2020/8/5 18:51,1596628267,1596628222,45
2020/8/5 18:50,1596628207,1596628049,158
2020/8/5 18:49,1596628147,1596628049,98
2020/8/5 18:48,1596628087,1596628049,38
2020/8/5 18:47,1596628027,1596628010,17
2020/8/5 18:46,1596627967,1596627715,252
2020/8/5 18:45,1596627907,1596627715,192
2020/8/5 18:44,1596627847,1596627715,132
2020/8/5 18:43,1596627787,1596627715,72
2020/8/5 18:42,1596627727,1596627715,12
2020/8/5 18:41,1596627667,1596627653,14
2020/8/5 18:40,1596627607,1596627603,4
2020/8/5 18:39,1596627547,1596627544,3
2020/8/5 18:38,1596627487,1596627470,17
2020/8/5 18:37,1596627427,1596627370,57
2020/8/5 18:36,1596627367,1596627309,58
2020/8/5 18:35,1596627307,1596627258,49
2020/8/5 18:34,1596627247,1596627187,60
2020/8/5 18:33,1596627187,1596627187,0
2020/8/5 18:32,1596627127,1596627035,92
2020/8/5 18:31,1596627067,1596627035,32
2020/8/5 18:30,1596627007,1596627002,5
2020/8/5 18:29,1596626947,1596626944,3
2020/8/5 18:28,1596626887,1596626812,75
2020/8/5 18:27,1596626827,1596626812,15
2020/8/5 18:26,1596626767,1596626751,16
2020/8/5 18:25,1596626707,1596626662,45
2020/8/5 18:24,1596626647,1596626643,4
2020/8/5 18:23,1596626587,1596626568,19
2020/8/5 18:22,1596626527,1596626479,48
2020/8/5 18:21,1596626467,1596626436,31
2020/8/5 18:20,1596626407,1596626365,42
2020/8/5 18:19,1596626347,1596626284,63
2020/8/5 18:18,1596626287,1596626284,3
2020/8/5 18:17,1596626227,1596626213,14
2020/8/5 18:16,1596626167,1596626091,76
2020/8/5 18:15,1596626107,1596626091,16
2020/8/5 18:14,1596626047,1596626019,28
2020/8/5 18:13,1596625987,1596625979,8
2020/8/5 18:12,1596625927,1596625915,12
2020/8/5 18:11,1596625867,1596625827,40
2020/8/5 18:10,1596625807,1596625796,11
2020/8/5 18:09,1596625747,1596625733,14
2020/8/5 18:08,1596625687,1596625687,0
2020/8/5 18:07,1596625627,1596625617,10
2020/8/5 18:06,1596625567,1596625521,46
2020/8/5 18:05,1596625507,1596625390,117
2020/8/5 18:04,1596625447,1596625390,57
2020/8/5 18:03,1596625387,1596625357,30
2020/8/5 18:02,1596625327,1596625290,37
2020/8/5 18:01,1596625267,1596625257,10
2020/8/5 18:00,1596625207,1596625166,41
2020/8/5 17:59,1596625147,1596625145,2
2020/8/5 17:58,1596625087,1596625044,43
2020/8/5 17:57,1596625027,1596625013,14
2020/8/5 17:56,1596624967,1596624912,55
2020/8/5 17:55,1596624907,1596624881,26
2020/8/5 17:54,1596624847,1596624830,17
2020/8/5 17:53,1596624787,1596624728,59
2020/8/5 17:52,1596624727,1596624681,46
2020/8/5 17:51,1596624667,1596624647,20
2020/8/5 17:50,1596624607,1596624556,51
2020/8/5 17:49,1596624547,1596624534,13
2020/8/5 17:48,1596624487,1596624486,1
2020/8/5 17:47,1596624427,1596624426,1
2020/8/5 17:46,1596624367,1596624343,24
2020/8/5 17:45,1596624307,1596624261,46
2020/8/5 17:44,1596624247,1596624241,6
2020/8/5 17:43,1596624187,1596624058,129
2020/8/5 17:42,1596624127,1596624058,69
2020/8/5 17:41,1596624067,1596624058,9
2020/8/5 17:40,1596624008,1596623947,61
2020/8/5 17:39,1596623947,1596623946,1
2020/8/5 17:38,1596623887,1596623834,53
2020/8/5 17:37,1596623828,1596623824,4
2020/8/5 17:36,1596623767,1596623766,1
2020/8/5 17:35,1596623707,1596623662,45
2020/8/5 17:34,1596623647,1596623621,26
2020/8/5 17:33,1596623587,1596623582,5
2020/8/5 17:32,1596623527,1596623526,1
2020/8/5 17:31,1596623467,1596623466,1
2020/8/5 17:30,1596623407,1596623368,39
2020/8/5 17:29,1596623347,1596623327,20
2020/8/5 17:28,1596623287,1596623273,14
2020/8/5 17:27,1596623227,1596623226,1
2020/8/5 17:26,1596623167,1596623162,5
2020/8/5 17:25,1596623107,1596623083,24
2020/8/5 17:24,1596623047,1596623047,0
2020/8/5 17:23,1596622987,1596622951,36
2020/8/5 17:22,1596622927,1596622927,0
2020/8/5 17:21,1596622867,1596622809,58
2020/8/5 17:20,1596622807,1596622795,12
2020/8/5 17:19,1596622747,1596622727,20
2020/8/5 17:18,1596622687,1596622616,71
2020/8/5 17:17,1596622627,1596622616,11
2020/8/5 17:16,1596622567,1596622545,22
2020/8/5 17:15,1596622507,1596622470,37
2020/8/5 17:14,1596622447,1596622437,10
2020/8/5 17:13,1596622387,1596622381,6
2020/8/5 17:12,1596622327,1596622310,17
2020/8/5 17:11,1596622267,1596622198,69
2020/8/5 17:10,1596622207,1596622198,9
2020/8/5 17:09,1596622147,1596622108,39
2020/8/5 17:08,1596622087,1596622062,25
2020/8/5 17:07,1596622027,1596622005,22
2020/8/5 17:06,1596621967,1596621914,53
2020/8/5 17:05,1596621907,1596621843,64
2020/8/5 17:04,1596621847,1596621843,4
2020/8/5 17:03,1596621787,1596621752,35
2020/8/5 17:02,1596621727,1596621690,37
2020/8/5 17:01,1596621667,1596621660,7
2020/8/5 17:00,1596621607,1596621548,59
2020/8/5 16:59,1596621547,1596621447,100
2020/8/5 16:58,1596621487,1596621447,40
2020/8/5 16:57,1596621427,1596621406,21
2020/8/5 16:56,1596621367,1596621364,3
2020/8/5 16:55,1596621307,1596621284,23
2020/8/5 16:54,1596621247,1596621230,17
2020/8/5 16:53,1596621187,1596621180,7
2020/8/5 16:52,1596621127,1596621101,26
2020/8/5 16:51,1596621067,1596621061,6
2020/8/5 16:50,1596621007,1596620964,43
2020/8/5 16:49,1596620947,1596620930,17
2020/8/5 16:48,1596620887,1596620841,46
2020/8/5 16:47,1596620827,1596620827,0
2020/8/5 16:46,1596620767,1596620734,33
2020/8/5 16:45,1596620707,1596620705,2
2020/8/5 16:44,1596620647,1596620626,21
2020/8/5 16:43,1596620587,1596620512,75
2020/8/5 16:42,1596620527,1596620512,15
2020/8/5 16:41,1596620467,1596620420,47
2020/8/5 16:40,1596620407,1596620319,88
2020/8/5 16:39,1596620347,1596620319,28
2020/8/5 16:38,1596620287,1596620136,151
2020/8/5 16:37,1596620227,1596620136,91
2020/8/5 16:36,1596620167,1596620136,31
2020/8/5 16:35,1596620107,1596620087,20
2020/8/5 16:34,1596620047,1596620033,14
2020/8/5 16:33,1596619987,1596619942,45
2020/8/5 16:32,1596619927,1596619871,56
2020/8/5 16:31,1596619867,1596619862,5
2020/8/5 16:30,1596619807,1596619749,58
2020/8/5 16:29,1596619747,1596619746,1
2020/8/5 16:28,1596619687,1596619662,25
2020/8/5 16:27,1596619627,1596619627,0
2020/8/5 16:26,1596619567,1596619555,12
2020/8/5 16:25,1596619507,1596619484,23
2020/8/5 16:24,1596619447,1596619418,29
2020/8/5 16:23,1596619387,1596619386,1
2020/8/5 16:22,1596619327,1596619325,2
2020/8/5 16:21,1596619267,1596619261,6
2020/8/5 16:20,1596619207,1596619191,16
2020/8/5 16:19,1596619147,1596619147,0
2020/8/5 16:18,1596619087,1596619078,9
2020/8/5 16:17,1596619027,1596618956,71
2020/8/5 16:16,1596618967,1596618956,11
2020/8/5 16:15,1596618907,1596618894,13
2020/8/5 16:14,1596618847,1596618844,3
2020/8/5 16:13,1596618787,1596618763,24
2020/8/5 16:12,1596618727,1596618692,35
2020/8/5 16:11,1596618667,1596618651,16
2020/8/5 16:10,1596618607,1596618583,24
2020/8/5 16:09,1596618547,1596618511,36
2020/8/5 16:08,1596618487,1596618474,13
2020/8/5 16:07,1596618427,1596618417,10
2020/8/5 16:06,1596618367,1596618367,0
2020/8/5 16:05,1596618307,1596618245,62
2020/8/5 16:04,1596618247,1596618245,2
2020/8/5 16:03,1596618187,1596618184,3
2020/8/5 16:02,1596618127,1596618092,35
2020/8/5 16:01,1596618067,1596618051,16
2020/8/5 16:00,1596618007,1596617990,17
2020/8/5 15:59,1596617947,1596617940,7
2020/8/5 15:58,1596617887,1596617888,-1
2020/8/5 15:57,1596617827,1596617807,20
2020/8/5 15:56,1596617767,1596617765,2
2020/8/5 15:55,1596617707,1596617678,29
2020/8/5 15:54,1596617647,1596617627,20
2020/8/5 15:53,1596617587,1596617581,6
2020/8/5 15:52,1596617527,1596617502,25
2020/8/5 15:51,1596617467,1596617462,5
2020/8/5 15:50,1596617407,1596617350,57
2020/8/5 15:49,1596617347,1596617279,68
2020/8/5 15:48,1596617287,1596617279,8
2020/8/5 15:47,1596617227,1596617218,9
2020/8/5 15:46,1596617167,1596617136,31
2020/8/5 15:45,1596617107,1596617021,86
2020/8/5 15:44,1596617047,1596617021,26
2020/8/5 15:43,1596616987,1596616985,2
2020/8/5 15:42,1596616927,1596616888,39
2020/8/5 15:41,1596616867,1596616832,35
2020/8/5 15:40,1596616807,1596616740,67
2020/8/5 15:39,1596616747,1596616740,7
2020/8/5 15:38,1596616687,1596616678,9
2020/8/5 15:37,1596616627,1596616578,49
2020/8/5 15:36,1596616567,1596616487,80
2020/8/5 15:35,1596616507,1596616487,20
2020/8/5 15:34,1596616447,1596616419,28
2020/8/5 15:33,1596616387,1596616386,1
2020/8/5 15:32,1596616327,1596616316,11
2020/8/5 15:31,1596616267,1596616267,0
2020/8/5 15:30,1596616207,1596616162,45
2020/8/5 15:29,1596616147,1596616063,84
2020/8/5 15:28,1596616087,1596616063,24
2020/8/5 15:27,1596616027,1596615994,33
2020/8/5 15:26,1596615967,1596615938,29
2020/8/5 15:25,1596615907,1596615868,39
2020/8/5 15:24,1596615847,1596615807,40
2020/8/5 15:23,1596615787,1596615714,73
2020/8/5 15:22,1596615727,1596615714,13
2020/8/5 15:21,1596615667,1596615664,3
2020/8/5 15:20,1596615607,1596615577,30
2020/8/5 15:19,1596615547,1596615508,39
2020/8/5 15:18,1596615487,1596615451,36
2020/8/5 15:17,1596615427,1596615420,7
2020/8/5 15:16,1596615367,1596615314,53
2020/8/5 15:15,1596615307,1596615307,0
2020/8/5 15:14,1596615247,1596615217,30
2020/8/5 15:13,1596615187,1596615146,41
2020/8/5 15:12,1596615128,1596615064,64
2020/8/5 15:11,1596615067,1596615064,3
2020/8/5 15:10,1596615007,1596614973,34
2020/8/5 15:09,1596614947,1596614943,4
2020/8/5 15:08,1596614887,1596614876,11
2020/8/5 15:07,1596614827,1596614801,26
2020/8/5 15:06,1596614767,1596614720,47
2020/8/5 15:05,1596614707,1596614702,5
2020/8/5 15:04,1596614647,1596614588,59
2020/8/5 15:03,1596614587,1596614582,5
2020/8/5 15:02,1596614527,1596614526,1
2020/8/5 15:01,1596614467,1596614456,11
2020/8/5 15:00,1596614407,1596614400,7
2020/8/5 14:59,1596614347,1596614313,34
2020/8/5 14:58,1596614287,1596614282,5
2020/8/5 14:57,1596614227,1596614221,6
2020/8/5 14:56,1596614167,1596614139,28
2020/8/5 14:55,1596614107,1596614097,10
2020/8/5 14:54,1596614047,1596613986,61
2020/8/5 14:53,1596613987,1596613986,1
2020/8/5 14:52,1596613927,1596613906,21
2020/8/5 14:51,1596613867,1596613854,13
2020/8/5 14:50,1596613807,1596613802,5
2020/8/5 14:49,1596613747,1596613743,4
2020/8/5 14:48,1596613687,1596613682,5
2020/8/5 14:47,1596613627,1596613613,14
2020/8/5 14:46,1596613567,1596613560,7
2020/8/5 14:45,1596613507,1596613500,7
2020/8/5 14:44,1596613447,1596613441,6
2020/8/5 14:43,1596613387,1596613382,5
2020/8/5 14:42,1596613327,1596613326,1
2020/8/5 14:41,1596613267,1596613265,2
2020/8/5 14:40,1596613207,1596613193,14
2020/8/5 14:39,1596613147,1596613122,25
2020/8/5 14:38,1596613087,1596613083,4
2020/8/5 14:37,1596613027,1596612990,37
2020/8/5 14:36,1596612967,1596612929,38
2020/8/5 14:35,1596612907,1596612867,40
2020/8/5 14:34,1596612847,1596612828,19
2020/8/5 14:33,1596612787,1596612783,4
2020/8/5 14:32,1596612727,1596612684,43
2020/8/5 14:31,1596612667,1596612662,5
2020/8/5 14:30,1596612607,1596612604,3
2020/8/5 14:29,1596612547,1596612515,32
2020/8/5 14:28,1596612487,1596612485,2
2020/8/5 14:27,1596612427,1596612420,7
2020/8/5 14:26,1596612367,1596612349,18
2020/8/5 14:25,1596612307,1596612267,40
2020/8/5 14:24,1596612247,1596612242,5
2020/8/5 14:23,1596612187,1596612172,15
2020/8/5 14:22,1596612127,1596612118,9
2020/8/5 14:21,1596612067,1596612049,18
2020/8/5 14:20,1596612007,1596611966,41
2020/8/5 14:19,1596611947,1596611891,56
2020/8/5 14:18,1596611887,1596611867,20
2020/8/5 14:17,1596611827,1596611817,10
2020/8/5 14:16,1596611767,1596611755,12
2020/8/5 14:15,1596611707,1596611616,91
2020/8/5 14:14,1596611647,1596611616,31
2020/8/5 14:13,1596611587,1596611563,24
2020/8/5 14:12,1596611527,1596611505,22
2020/8/5 14:11,1596611467,1596611440,27
2020/8/5 14:10,1596611407,1596611288,119
2020/8/5 14:09,1596611347,1596611288,59
2020/8/5 14:08,1596611287,1596611258,29
2020/8/5 14:07,1596611227,1596611203,24
2020/8/5 14:06,1596611167,1596611167,0
2020/8/5 14:05,1596611107,1596611089,18
2020/8/5 14:04,1596611047,1596611047,0
2020/8/5 14:03,1596610987,1596610984,3
2020/8/5 14:02,1596610927,1596610906,21
2020/8/5 14:01,1596610867,1596610822,45
2020/8/5 14:00,1596610807,1596610761,46
2020/8/5 13:59,1596610747,1596610730,17
2020/8/5 13:58,1596610687,1596610639,48
2020/8/5 13:57,1596610627,1596610578,49
2020/8/5 13:56,1596610567,1596610552,15
2020/8/5 13:55,1596610507,1596610445,62
2020/8/5 13:54,1596610447,1596610445,2
2020/8/5 13:53,1596610387,1596610365,22
2020/8/5 13:52,1596610327,1596610304,23
2020/8/5 13:51,1596610267,1596610222,45
2020/8/5 13:50,1596610207,1596610070,137
2020/8/5 13:49,1596610147,1596610070,77
2020/8/5 13:48,1596610087,1596610070,17
2020/8/5 13:47,1596610027,1596610019,8
2020/8/5 13:46,1596609967,1596609958,9
2020/8/5 13:45,1596609907,1596609907,0
2020/8/5 13:44,1596609847,1596609834,13
2020/8/5 13:43,1596609787,1596609683,104
2020/8/5 13:42,1596609727,1596609683,44
2020/8/5 13:41,1596609667,1596609656,11
2020/8/5 13:40,1596609607,1596609595,12
2020/8/5 13:39,1596609547,1596609518,29
2020/8/5 13:38,1596609487,1596609416,71
2020/8/5 13:37,1596609427,1596609416,11
2020/8/5 13:36,1596609367,1596609360,7
2020/8/5 13:35,1596609307,1596609192,115
2020/8/5 13:34,1596609247,1596609192,55
2020/8/5 13:33,1596609187,1596609183,4
2020/8/5 13:32,1596609127,1596609081,46
2020/8/5 13:31,1596609067,1596609004,63
2020/8/5 13:30,1596609007,1596609004,3
2020/8/5 13:29,1596608947,1596608908,39
2020/8/5 13:28,1596608887,1596608846,41
2020/8/5 13:27,1596608827,1596608805,22
2020/8/5 13:26,1596608767,1596608734,33
2020/8/5 13:25,1596608707,1596608705,2
2020/8/5 13:24,1596608647,1596608632,15
2020/8/5 13:23,1596608587,1596608489,98
2020/8/5 13:22,1596608527,1596608489,38
2020/8/5 13:21,1596608467,1596608439,28
2020/8/5 13:20,1596608407,1596608376,31
2020/8/5 13:19,1596608347,1596608315,32
2020/8/5 13:18,1596608287,1596608174,113
2020/8/5 13:17,1596608227,1596608174,53
2020/8/5 13:16,1596608167,1596608161,6
2020/8/5 13:15,1596608107,1596608008,99
2020/8/5 13:14,1596608047,1596608008,39
2020/8/5 13:13,1596607987,1596607966,21
2020/8/5 13:12,1596607927,1596607802,125
2020/8/5 13:11,1596607867,1596607802,65
2020/8/5 13:10,1596607807,1596607802,5
2020/8/5 13:09,1596607747,1596607711,36
2020/8/5 13:08,1596607687,1596607628,59
2020/8/5 13:07,1596607627,1596607538,89
2020/8/5 13:06,1596607567,1596607538,29
2020/8/5 13:05,1596607507,1596607345,162
2020/8/5 13:04,1596607447,1596607345,102
2020/8/5 13:03,1596607387,1596607345,42
2020/8/5 13:02,1596607327,1596607318,9
2020/8/5 13:01,1596607267,1596607239,28
2020/8/5 13:00,1596607207,1596607189,18
2020/8/5 12:59,1596607147,1596607118,29
2020/8/5 12:58,1596607087,1596607068,19
2020/8/5 12:57,1596607027,1596606960,67
2020/8/5 12:56,1596606967,1596606960,7
2020/8/5 12:55,1596606907,1596606896,11
2020/8/5 12:54,1596606847,1596606813,34
2020/8/5 12:53,1596606787,1596606730,57
2020/8/5 12:52,1596606727,1596606712,15
2020/8/5 12:51,1596606667,1596606568,99
2020/8/5 12:50,1596606607,1596606568,39
2020/8/5 12:49,1596606547,1596606487,60
2020/8/5 12:48,1596606487,1596606487,0
2020/8/5 12:47,1596606427,1596606421,6
2020/8/5 12:46,1596606367,1596606359,8
2020/8/5 12:45,1596606307,1596606274,33
2020/8/5 12:44,1596606247,1596606233,14
2020/8/5 12:43,1596606187,1596606171,16
2020/8/5 12:42,1596606127,1596606114,13
2020/8/5 12:41,1596606067,1596606061,6
2020/8/5 12:40,1596606007,1596605977,30
2020/8/5 12:39,1596605947,1596605947,0
2020/8/5 12:38,1596605887,1596605866,21
2020/8/5 12:37,1596605827,1596605792,35
2020/8/5 12:36,1596605767,1596605754,13
2020/8/5 12:35,1596605707,1596605691,16
2020/8/5 12:34,1596605647,1596605611,36
2020/8/5 12:33,1596605587,1596605551,36
2020/8/5 12:32,1596605527,1596605509,18
2020/8/5 12:31,1596605467,1596605466,1
2020/8/5 12:30,1596605407,1596605377,30
2020/8/5 12:29,1596605347,1596605347,0
2020/8/5 12:28,1596605287,1596605286,1
2020/8/5 12:27,1596605227,1596605221,6
2020/8/5 12:26,1596605167,1596605153,14
2020/8/5 12:25,1596605107,1596605054,53
2020/8/5 12:24,1596605047,1596605031,16
2020/8/5 12:23,1596604987,1596604920,67
2020/8/5 12:22,1596604927,1596604920,7
2020/8/5 12:21,1596604867,1596604838,29
2020/8/5 12:20,1596604807,1596604804,3
2020/8/5 12:19,1596604747,1596604746,1
2020/8/5 12:18,1596604687,1596604665,22
2020/8/5 12:17,1596604627,1596604604,23
2020/8/5 12:16,1596604567,1596604551,16
2020/8/5 12:15,1596604507,1596604505,2
2020/8/5 12:14,1596604447,1596604441,6
2020/8/5 12:13,1596604387,1596604333,54
2020/8/5 12:12,1596604327,1596604299,28
2020/8/5 12:11,1596604267,1596604248,19
2020/8/5 12:10,1596604208,1596604157,51
2020/8/5 12:09,1596604147,1596604049,98
2020/8/5 12:08,1596604087,1596604049,38
2020/8/5 12:07,1596604027,1596603923,104
2020/8/5 12:06,1596603967,1596603923,44
2020/8/5 12:05,1596603907,1596603770,137
2020/8/5 12:04,1596603847,1596603770,77
2020/8/5 12:03,1596603787,1596603770,17
2020/8/5 12:02,1596603727,1596603699,28
2020/8/5 12:01,1596603667,1596603549,118
2020/8/5 12:00,1596603607,1596603549,58
2020/8/5 11:59,1596603547,1596603547,0
2020/8/5 11:58,1596603487,1596603455,32
2020/8/5 11:57,1596603427,1596603395,32
2020/8/5 11:56,1596603367,1596603362,5
2020/8/5 11:55,1596603307,1596603303,4
2020/8/5 11:54,1596603247,1596603200,47
2020/8/5 11:53,1596603187,1596603180,7
2020/8/5 11:52,1596603127,1596603109,18
2020/8/5 11:51,1596603067,1596603048,19
2020/8/5 11:50,1596603007,1596602986,21
2020/8/5 11:49,1596602947,1596602915,32
2020/8/5 11:48,1596602887,1596602843,44
2020/8/5 11:47,1596602827,1596602826,1
2020/8/5 11:46,1596602767,1596602752,15
2020/8/5 11:45,1596602707,1596602701,6
2020/8/5 11:44,1596602647,1596602599,48
2020/8/5 11:43,1596602587,1596602518,69
2020/8/5 11:42,1596602527,1596602518,9
2020/8/5 11:41,1596602467,1596602408,59
2020/8/5 11:40,1596602407,1596602407,0
2020/8/5 11:39,1596602347,1596602335,12
2020/8/5 11:38,1596602287,1596602284,3
2020/8/5 11:37,1596602227,1596602201,26
2020/8/5 11:36,1596602167,1596602164,3
2020/8/5 11:35,1596602107,1596602050,57
2020/8/5 11:34,1596602047,1596601967,80
2020/8/5 11:33,1596601987,1596601967,20
2020/8/5 11:32,1596601927,1596601917,10
2020/8/5 11:31,1596601867,1596601856,11
2020/8/5 11:30,1596601807,1596601796,11
2020/8/5 11:29,1596601747,1596601684,63
2020/8/5 11:28,1596601687,1596601684,3
2020/8/5 11:27,1596601627,1596601572,55
2020/8/5 11:26,1596601567,1596601511,56
2020/8/5 11:25,1596601507,1596601455,52
2020/8/5 11:24,1596601447,1596601445,2
2020/8/5 11:23,1596601387,1596601383,4
2020/8/5 11:22,1596601327,1596601298,29
2020/8/5 11:21,1596601267,1596601237,30
2020/8/5 11:20,1596601207,1596601185,22
2020/8/5 11:19,1596601147,1596601124,23
2020/8/5 11:18,1596601087,1596601042,45
2020/8/5 11:17,1596601027,1596600954,73
2020/8/5 11:16,1596600968,1596600954,14
2020/8/5 11:15,1596600907,1596600890,17
2020/8/5 11:14,1596600847,1596600839,8
2020/8/5 11:13,1596600787,1596600730,57
2020/8/5 11:12,1596600727,1596600720,7
2020/8/5 11:11,1596600667,1596600661,6
2020/8/5 11:10,1596600607,1596600568,39
2020/8/5 11:09,1596600547,1596600493,54
2020/8/5 11:08,1596600487,1596600432,55
2020/8/5 11:07,1596600427,1596600310,117
2020/8/5 11:06,1596600367,1596600310,57
2020/8/5 11:05,1596600307,1596600188,119
2020/8/5 11:04,1596600247,1596600188,59
2020/8/5 11:03,1596600187,1596600148,39
2020/8/5 11:02,1596600127,1596600115,12
2020/8/5 11:01,1596600067,1596600057,10
2020/8/5 11:00,1596600007,1596599976,31
2020/8/5 10:59,1596599947,1596599894,53
2020/8/5 10:58,1596599887,1596599823,64
2020/8/5 10:57,1596599827,1596599823,4
2020/8/5 10:56,1596599767,1596599765,2
2020/8/5 10:55,1596599707,1596599660,47
2020/8/5 10:54,1596599647,1596599630,17
2020/8/5 10:53,1596599587,1596599569,18
2020/8/5 10:52,1596599527,1596599467,60
2020/8/5 10:51,1596599467,1596599467,0
2020/8/5 10:50,1596599407,1596599264,143
2020/8/5 10:49,1596599347,1596599264,83
2020/8/5 10:48,1596599287,1596599264,23
2020/8/5 10:47,1596599227,1596599224,3
2020/8/5 10:46,1596599167,1596599132,35
2020/8/5 10:45,1596599107,1596599072,35
2020/8/5 10:44,1596599047,1596599010,37
2020/8/5 10:43,1596598987,1596598899,88
2020/8/5 10:42,1596598927,1596598899,28
2020/8/5 10:41,1596598867,1596598807,60
2020/8/5 10:40,1596598807,1596598782,25
2020/8/5 10:39,1596598747,1596598736,11
2020/8/5 10:38,1596598687,1596598685,2
2020/8/5 10:37,1596598627,1596598543,84
2020/8/5 10:36,1596598567,1596598543,24
2020/8/5 10:35,1596598507,1596598483,24
2020/8/5 10:34,1596598447,1596598309,138
2020/8/5 10:33,1596598387,1596598309,78
2020/8/5 10:32,1596598327,1596598309,18
2020/8/5 10:31,1596598267,1596598207,60
2020/8/5 10:30,1596598207,1596598207,0
2020/8/5 10:29,1596598147,1596598095,52
2020/8/5 10:28,1596598087,1596598034,53
2020/8/5 10:27,1596598027,1596597994,33
2020/8/5 10:26,1596597967,1596597864,103
2020/8/5 10:25,1596597907,1596597864,43
2020/8/5 10:24,1596597847,1596597808,39
2020/8/5 10:23,1596597787,1596597757,30
2020/8/5 10:22,1596597727,1596597676,51
2020/8/5 10:21,1596597667,1596597595,72
2020/8/5 10:20,1596597607,1596597595,12
2020/8/5 10:19,1596597547,1596597524,23
2020/8/5 10:18,1596597487,1596597432,55
2020/8/5 10:17,1596597427,1596597412,15
2020/8/5 10:16,1596597367,1596597289,78
2020/8/5 10:15,1596597307,1596597289,18
2020/8/5 10:14,1596597247,1596597213,34
2020/8/5 10:13,1596597187,1596597107,80
2020/8/5 10:12,1596597127,1596597107,20
2020/8/5 10:11,1596597067,1596596994,73
2020/8/5 10:10,1596597007,1596596994,13
2020/8/5 10:09,1596596947,1596596932,15
2020/8/5 10:08,1596596887,1596596886,1
2020/8/5 10:07,1596596827,1596596822,5
2020/8/5 10:06,1596596767,1596596750,17
2020/8/5 10:05,1596596707,1596596698,9
2020/8/5 10:04,1596596647,1596596638,9
2020/8/5 10:03,1596596587,1596596566,21
2020/8/5 10:02,1596596527,1596596526,1
2020/8/5 10:01,1596596467,1596596465,2
2020/8/5 10:00,1596596407,1596596363,44
2020/8/5 09:59,1596596347,1596596342,5
2020/8/5 09:58,1596596287,1596596223,64
2020/8/5 09:57,1596596227,1596596223,4
2020/8/5 09:56,1596596167,1596596030,137
2020/8/5 09:55,1596596107,1596596030,77
2020/8/5 09:54,1596596047,1596596030,17
2020/8/5 09:53,1596595987,1596595884,103
2020/8/5 09:52,1596595927,1596595884,43
2020/8/5 09:51,1596595867,1596595833,34
2020/8/5 09:50,1596595807,1596595783,24
2020/8/5 09:49,1596595747,1596595742,5
2020/8/5 09:48,1596595687,1596595599,88
2020/8/5 09:47,1596595628,1596595599,29
2020/8/5 09:46,1596595567,1596595554,13
2020/8/5 09:45,1596595507,1596595457,50
2020/8/5 09:44,1596595447,1596595407,40
2020/8/5 09:43,1596595387,1596595365,22
2020/8/5 09:42,1596595327,1596595320,7
2020/8/5 09:41,1596595267,1596595224,43
2020/8/5 09:40,1596595207,1596595187,20
2020/8/5 09:39,1596595147,1596595086,61
2020/8/5 09:38,1596595087,1596595086,1
2020/8/5 09:37,1596595027,1596595017,10
2020/8/5 09:36,1596594967,1596594918,49
2020/8/5 09:35,1596594907,1596594906,1
2020/8/5 09:34,1596594847,1596594843,4
2020/8/5 09:33,1596594787,1596594723,64
2020/8/5 09:32,1596594727,1596594723,4
2020/8/5 09:31,1596594667,1596594645,22
2020/8/5 09:30,1596594607,1596594600,7
2020/8/5 09:29,1596594547,1596594498,49
2020/8/5 09:28,1596594487,1596594448,39
2020/8/5 09:27,1596594427,1596594424,3
2020/8/5 09:26,1596594367,1596594265,102
2020/8/5 09:25,1596594307,1596594265,42
2020/8/5 09:24,1596594247,1596594153,94
2020/8/5 09:23,1596594187,1596594153,34
2020/8/5 09:22,1596594127,1596594072,55
2020/8/5 09:21,1596594067,1596594048,19
2020/8/5 09:20,1596594007,1596594007,0
2020/8/5 09:19,1596593947,1596593939,8
2020/8/5 09:18,1596593887,1596593854,33
2020/8/5 09:17,1596593827,1596593825,2
2020/8/5 09:16,1596593767,1596593724,43
2020/8/5 09:15,1596593707,1596593683,24
2020/8/5 09:14,1596593647,1596593641,6
2020/8/5 09:13,1596593587,1596593580,7
2020/8/5 09:12,1596593527,1596593524,3
2020/8/5 09:11,1596593467,1596593455,12
2020/8/5 09:10,1596593407,1596593405,2
2020/8/5 09:09,1596593347,1596593343,4
2020/8/5 09:08,1596593287,1596593208,79
2020/8/5 09:07,1596593227,1596593208,19
2020/8/5 09:06,1596593167,1596593136,31
2020/8/5 09:05,1596593107,1596593103,4
2020/8/5 09:04,1596593047,1596593033,14
2020/8/5 09:03,1596592987,1596592982,5
2020/8/5 09:02,1596592927,1596592911,16
2020/8/5 09:01,1596592867,1596592860,7
2020/8/5 09:00,1596592807,1596592798,9
2020/8/5 08:59,1596592747,1596592707,40
2020/8/5 08:58,1596592687,1596592564,123
2020/8/5 08:57,1596592627,1596592564,63
2020/8/5 08:56,1596592567,1596592564,3
2020/8/5 08:55,1596592507,1596592381,126
2020/8/5 08:54,1596592447,1596592381,66
2020/8/5 08:53,1596592387,1596592381,6
2020/8/5 08:52,1596592327,1596592320,7
2020/8/5 08:51,1596592268,1596592241,27
2020/8/5 08:50,1596592207,1596592157,50
2020/8/5 08:49,1596592147,1596592127,20
2020/8/5 08:48,1596592087,1596592084,3
2020/8/5 08:47,1596592027,1596591995,32
2020/8/5 08:46,1596591967,1596591923,44
2020/8/5 08:45,1596591907,1596591862,45
2020/8/5 08:44,1596591847,1596591848,-1
2020/8/5 08:43,1596591787,1596591761,26
2020/8/5 08:42,1596591727,1596591676,51
2020/8/5 08:41,1596591667,1596591599,68
2020/8/5 08:40,1596591607,1596591599,8
2020/8/5 08:39,1596591547,1596591547,0
2020/8/5 08:38,1596591487,1596591467,20
2020/8/5 08:37,1596591427,1596591426,1
2020/8/5 08:36,1596591367,1596591357,10
2020/8/5 08:35,1596591307,1596591253,54
2020/8/5 08:34,1596591247,1596591243,4
2020/8/5 08:33,1596591187,1596591172,15
2020/8/5 08:32,1596591127,1596591128,-1
2020/8/5 08:31,1596591067,1596591041,26
2020/8/5 08:30,1596591007,1596590999,8
2020/8/5 08:29,1596590947,1596590944,3
2020/8/5 08:28,1596590887,1596590886,1
2020/8/5 08:27,1596590827,1596590824,3
2020/8/5 08:26,1596590767,1596590759,8
2020/8/5 08:25,1596590707,1596590590,117
2020/8/5 08:24,1596590647,1596590590,57
2020/8/5 08:23,1596590587,1596590587,0
2020/8/5 08:22,1596590527,1596590507,20
2020/8/5 08:21,1596590467,1596590464,3
2020/8/5 08:20,1596590407,1596590342,65
2020/8/5 08:19,1596590347,1596590342,5
2020/8/5 08:18,1596590287,1596590223,64
2020/8/5 08:17,1596590227,1596590223,4
2020/8/5 08:16,1596590167,1596590117,50
2020/8/5 08:15,1596590107,1596590097,10
2020/8/5 08:14,1596590047,1596590045,2
2020/8/5 08:13,1596589987,1596589974,13
2020/8/5 08:12,1596589927,1596589882,45
2020/8/5 08:11,1596589867,1596589867,0
2020/8/5 08:10,1596589808,1596589770,38
2020/8/5 08:09,1596589747,1596589730,17
2020/8/5 08:08,1596589687,1596589680,7
2020/8/5 08:07,1596589627,1596589626,1
2020/8/5 08:06,1596589567,1596589559,8
2020/8/5 08:05,1596589507,1596589493,14
2020/8/5 08:04,1596589447,1596589391,56
2020/8/5 08:03,1596589387,1596589368,19
2020/8/5 08:02,1596589327,1596589247,80
2020/8/5 08:01,1596589267,1596589247,20
2020/8/5 08:00,1596589207,1596589205,2
2020/8/5 07:59,1596589147,1596589133,14
2020/8/5 07:58,1596589087,1596589087,0
2020/8/5 07:57,1596589027,1596589002,25
2020/8/5 07:56,1596588967,1596588961,6
2020/8/5 07:55,1596588907,1596588879,28
2020/8/5 07:54,1596588847,1596588808,39
2020/8/5 07:53,1596588787,1596588780,7
2020/8/5 07:52,1596588727,1596588690,37
2020/8/5 07:51,1596588667,1596588656,11
2020/8/5 07:50,1596588607,1596588591,16
2020/8/5 07:49,1596588547,1596588522,25
2020/8/5 07:48,1596588487,1596588462,25
2020/8/5 07:47,1596588427,1596588410,17
2020/8/5 07:46,1596588367,1596588340,27
2020/8/5 07:45,1596588308,1596588268,40
2020/8/5 07:44,1596588247,1596588238,9
2020/8/5 07:43,1596588187,1596588187,0
2020/8/5 07:42,1596588127,1596588105,22
2020/8/5 07:41,1596588067,1596588064,3
2020/8/5 07:40,1596588007,1596587982,25
2020/8/5 07:39,1596587947,1596587921,26
2020/8/5 07:38,1596587887,1596587850,37
2020/8/5 07:37,1596587827,1596587809,18
2020/8/5 07:36,1596587767,1596587732,35
2020/8/5 07:35,1596587707,1596587708,-1
2020/8/5 07:34,1596587647,1596587626,21
2020/8/5 07:33,1596587587,1596587585,2
2020/8/5 07:32,1596587527,1596587524,3
2020/8/5 07:31,1596587467,1596587468,-1
2020/8/5 07:30,1596587407,1596587361,46
2020/8/5 07:29,1596587347,1596587348,-1
2020/8/5 07:28,1596587287,1596587249,38
2020/8/5 07:27,1596587227,1596587214,13
2020/8/5 07:26,1596587167,1596587168,-1
2020/8/5 07:25,1596587107,1596587086,21
2020/8/5 07:24,1596587047,1596586924,123
2020/8/5 07:23,1596586987,1596586924,63
2020/8/5 07:22,1596586927,1596586924,3
2020/8/5 07:21,1596586867,1596586833,34
2020/8/5 07:20,1596586807,1596586751,56
2020/8/5 07:19,1596586747,1596586690,57
2020/8/5 07:18,1596586687,1596586629,58
2020/8/5 07:17,1596586627,1596586557,70
2020/8/5 07:16,1596586567,1596586557,10
2020/8/5 07:15,1596586507,1596586496,11
2020/8/5 07:14,1596586447,1596586272,175
2020/8/5 07:13,1596586387,1596586272,115
2020/8/5 07:12,1596586327,1596586272,55
2020/8/5 07:11,1596586267,1596585497,770
2020/8/5 07:10,1596586207,1596585497,710
2020/8/5 07:09,1596586147,1596585497,650
2020/8/5 07:08,1596586087,1596585497,590
2020/8/5 07:07,1596586027,1596585497,530
2020/8/5 07:06,1596585967,1596585497,470
2020/8/5 07:05,1596585907,1596585497,410
2020/8/5 07:04,1596585847,1596585497,350
2020/8/5 07:03,1596585787,1596585497,290
2020/8/5 07:02,1596585727,1596585497,230
2020/8/5 07:01,1596585667,1596585497,170
2020/8/5 07:00,1596585607,1596585497,110
2020/8/5 06:59,1596585547,1596585497,50
2020/8/5 06:58,1596585487,1596585476,11
2020/8/5 06:57,1596585427,1596585400,27
2020/8/5 06:56,1596585367,1596585157,210
2020/8/5 06:55,1596585307,1596585157,150
2020/8/5 06:54,1596585247,1596585157,90
2020/8/5 06:53,1596585187,1596585157,30
2020/8/5 06:52,1596585127,1596585018,109
2020/8/5 06:51,1596585067,1596585018,49
2020/8/5 06:50,1596585007,1596584994,13
2020/8/5 06:49,1596584947,1596584947,0
2020/8/5 06:48,1596584887,1596584578,309
2020/8/5 06:47,1596584827,1596584578,249
2020/8/5 06:46,1596584767,1596584578,189
2020/8/5 06:45,1596584707,1596584578,129
2020/8/5 06:44,1596584647,1596584578,69
2020/8/5 06:43,1596584587,1596584578,9
2020/8/5 06:42,1596584527,1596584519,8
2020/8/5 06:41,1596584467,1596584345,122
2020/8/5 06:40,1596584407,1596584345,62
2020/8/5 06:39,1596584347,1596584345,2
2020/8/5 06:38,1596584287,1596584152,135
2020/8/5 06:37,1596584227,1596584152,75
2020/8/5 06:36,1596584167,1596584152,15
2020/8/5 06:35,1596584107,1596584106,1
2020/8/5 06:34,1596584047,1596584040,7
2020/8/5 06:33,1596583987,1596583938,49
2020/8/5 06:32,1596583927,1596583865,62
2020/8/5 06:31,1596583867,1596583865,2
2020/8/5 06:30,1596583807,1596583763,44
2020/8/5 06:29,1596583747,1596583656,91
2020/8/5 06:28,1596583687,1596583656,31
2020/8/5 06:27,1596583627,1596583590,37
2020/8/5 06:26,1596583567,1596583547,20
2020/8/5 06:25,1596583507,1596583499,8
2020/8/5 06:24,1596583447,1596583438,9
2020/8/5 06:23,1596583387,1596583357,30
2020/8/5 06:22,1596583327,1596583306,21
2020/8/5 06:21,1596583267,1596583144,123
2020/8/5 06:20,1596583207,1596583144,63
2020/8/5 06:19,1596583147,1596583144,3
2020/8/5 06:18,1596583087,1596583031,56
2020/8/5 06:17,1596583027,1596583011,16
2020/8/5 06:16,1596582967,1596582930,37
2020/8/5 06:15,1596582908,1596582908,0
2020/8/5 06:14,1596582847,1596582807,40
2020/8/5 06:13,1596582787,1596582767,20
2020/8/5 06:12,1596582727,1596582706,21
2020/8/5 06:11,1596582667,1596582646,21
2020/8/5 06:10,1596582607,1596582584,23
2020/8/5 06:09,1596582547,1596582534,13
2020/8/5 06:08,1596582487,1596582462,25
2020/8/5 06:07,1596582427,1596582351,76
2020/8/5 06:06,1596582367,1596582351,16
2020/8/5 06:05,1596582307,1596582158,149
2020/8/5 06:04,1596582247,1596582158,89
2020/8/5 06:03,1596582187,1596582158,29
2020/8/5 06:02,1596582127,1596582023,104
2020/8/5 06:01,1596582067,1596582023,44
2020/8/5 06:00,1596582007,1596582007,0
2020/8/5 05:59,1596581947,1596581914,33
2020/8/5 05:58,1596581887,1596581822,65
2020/8/5 05:57,1596581827,1596581822,5
2020/8/5 05:56,1596581767,1596581700,67
2020/8/5 05:55,1596581707,1596581700,7
2020/8/5 05:54,1596581647,1596581570,77
2020/8/5 05:53,1596581587,1596581570,17
2020/8/5 05:52,1596581527,1596581517,10
2020/8/5 05:51,1596581467,1596581467,0
2020/8/5 05:50,1596581407,1596581355,52
2020/8/5 05:49,1596581347,1596581223,124
2020/8/5 05:48,1596581287,1596581223,64
2020/8/5 05:47,1596581227,1596581223,4
2020/8/5 05:46,1596581167,1596581071,96
2020/8/5 05:45,1596581107,1596581071,36
2020/8/5 05:44,1596581047,1596581032,15
2020/8/5 05:43,1596580987,1596580918,69
2020/8/5 05:42,1596580927,1596580918,9
2020/8/5 05:41,1596580867,1596580836,31
2020/8/5 05:40,1596580807,1596580796,11
2020/8/5 05:39,1596580747,1596580705,42
2020/8/5 05:38,1596580687,1596580664,23
2020/8/5 05:37,1596580627,1596580614,13
2020/8/5 05:36,1596580567,1596580481,86
2020/8/5 05:35,1596580507,1596580481,26
2020/8/5 05:34,1596580447,1596580420,27
2020/8/5 05:33,1596580387,1596580369,18
2020/8/5 05:32,1596580327,1596580247,80
2020/8/5 05:31,1596580267,1596580247,20
2020/8/5 05:30,1596580207,1596580205,2
2020/8/5 05:29,1596580147,1596580135,12
2020/8/5 05:28,1596580087,1596580044,43
2020/8/5 05:27,1596580028,1596580004,24
2020/8/5 05:26,1596579967,1596579962,5
2020/8/5 05:25,1596579907,1596579893,14
2020/8/5 05:24,1596579847,1596579779,68
2020/8/5 05:23,1596579787,1596579779,8
2020/8/5 05:22,1596579727,1596579698,29
2020/8/5 05:21,1596579667,1596579658,9
2020/8/5 05:20,1596579607,1596579606,1
2020/8/5 05:19,1596579547,1596579474,73
2020/8/5 05:18,1596579487,1596579474,13
2020/8/5 05:17,1596579427,1596579421,6
2020/8/5 05:16,1596579367,1596579332,35
2020/8/5 05:15,1596579307,1596579292,15
2020/8/5 05:14,1596579247,1596579224,23
2020/8/5 05:13,1596579187,1596579188,-1
2020/8/5 05:12,1596579127,1596579098,29
2020/8/5 05:11,1596579067,1596579057,10
2020/8/5 05:10,1596579007,1596578997,10
2020/8/5 05:09,1596578947,1596578906,41
2020/8/5 05:08,1596578887,1596578887,0
2020/8/5 05:07,1596578827,1596578817,10
2020/8/5 05:06,1596578767,1596578767,0
2020/8/5 05:05,1596578707,1596578692,15
2020/8/5 05:04,1596578647,1596578621,26
2020/8/5 05:03,1596578587,1596578550,37
2020/8/5 05:02,1596578527,1596578499,28
2020/8/5 05:01,1596578467,1596578428,39
2020/8/5 05:00,1596578407,1596578365,42
2020/8/5 04:59,1596578347,1596578316,31
2020/8/5 04:58,1596578287,1596578245,42
2020/8/5 04:57,1596578227,1596578227,0
2020/8/5 04:56,1596578167,1596578167,0
2020/8/5 04:55,1596578108,1596578082,26
2020/8/5 04:54,1596578047,1596578042,5
2020/8/5 04:53,1596577987,1596577981,6
2020/8/5 04:52,1596577927,1596577919,8
2020/8/5 04:51,1596577867,1596577858,9
2020/8/5 04:50,1596577807,1596577766,41
2020/8/5 04:49,1596577747,1596577736,11
2020/8/5 04:48,1596577687,1596577685,2
2020/8/5 04:47,1596577627,1596577614,13
2020/8/5 04:46,1596577567,1596577553,14
2020/8/5 04:45,1596577507,1596577493,14
2020/8/5 04:44,1596577447,1596577441,6
2020/8/5 04:43,1596577387,1596577350,37
2020/8/5 04:42,1596577327,1596577310,17
2020/8/5 04:41,1596577267,1596577248,19
2020/8/5 04:40,1596577207,1596577157,50
2020/8/5 04:39,1596577147,1596577086,61
2020/8/5 04:38,1596577087,1596577086,1
2020/8/5 04:37,1596577027,1596577015,12
2020/8/5 04:36,1596576967,1596576934,33
2020/8/5 04:35,1596576907,1596576902,5
2020/8/5 04:34,1596576847,1596576838,9
2020/8/5 04:33,1596576787,1596576781,6
2020/8/5 04:32,1596576727,1596576689,38
2020/8/5 04:31,1596576667,1596576627,40
2020/8/5 04:30,1596576607,1596576608,-1
2020/8/5 04:29,1596576547,1596576547,0
2020/8/5 04:28,1596576487,1596576466,21
2020/8/5 04:27,1596576427,1596576405,22
2020/8/5 04:26,1596576367,1596576365,2
2020/8/5 04:25,1596576307,1596576308,-1
2020/8/5 04:24,1596576247,1596576239,8
2020/8/5 04:23,1596576187,1596576174,13
2020/8/5 04:22,1596576127,1596576084,43
2020/8/5 04:21,1596576067,1596576065,2
2020/8/5 04:20,1596576007,1596575977,30
2020/8/5 04:19,1596575947,1596575896,51
2020/8/5 04:18,1596575887,1596575863,24
2020/8/5 04:17,1596575827,1596575790,37
2020/8/5 04:16,1596575767,1596575682,85
2020/8/5 04:15,1596575707,1596575682,25
2020/8/5 04:14,1596575647,1596575641,6
2020/8/5 04:13,1596575587,1596575564,23
2020/8/5 04:12,1596575527,1596575499,28
2020/8/5 04:11,1596575467,1596575448,19
2020/8/5 04:10,1596575407,1596575397,10
2020/8/5 04:09,1596575347,1596575326,21
2020/8/5 04:08,1596575287,1596575286,1
2020/8/5 04:07,1596575227,1596575227,0
2020/8/5 04:06,1596575167,1596575133,34
2020/8/5 04:05,1596575107,1596575062,45
2020/8/5 04:04,1596575047,1596574981,66
2020/8/5 04:03,1596574987,1596574981,6
2020/8/5 04:02,1596574927,1596574859,68
2020/8/5 04:01,1596574867,1596574859,8
2020/8/5 04:00,1596574807,1596574768,39
2020/8/5 03:59,1596574747,1596574746,1
2020/8/5 03:58,1596574687,1596574635,52
2020/8/5 03:57,1596574627,1596574493,134
2020/8/5 03:56,1596574567,1596574493,74
2020/8/5 03:55,1596574507,1596574493,14
2020/8/5 03:54,1596574447,1596574441,6
2020/8/5 03:53,1596574387,1596574355,32
2020/8/5 03:52,1596574327,1596574270,57
2020/8/5 03:51,1596574267,1596574239,28
2020/8/5 03:50,1596574207,1596574177,30
2020/8/5 03:49,1596574147,1596574147,0
2020/8/5 03:48,1596574087,1596574044,43
2020/8/5 03:47,1596574027,1596574025,2
2020/8/5 03:46,1596573967,1596573923,44
2020/8/5 03:45,1596573907,1596573852,55
2020/8/5 03:44,1596573847,1596573842,5
2020/8/5 03:43,1596573787,1596573770,17
2020/8/5 03:42,1596573727,1596573691,36
2020/8/5 03:41,1596573667,1596573656,11
2020/8/5 03:40,1596573607,1596573506,101
2020/8/5 03:39,1596573547,1596573506,41
2020/8/5 03:38,1596573487,1596573404,83
2020/8/5 03:37,1596573427,1596573404,23
2020/8/5 03:36,1596573367,1596573353,14
2020/8/5 03:35,1596573307,1596573285,22
2020/8/5 03:34,1596573247,1596573216,31
2020/8/5 03:33,1596573187,1596573185,2
2020/8/5 03:32,1596573127,1596573098,29
2020/8/5 03:31,1596573067,1596573068,-1
2020/8/5 03:30,1596573007,1596573004,3
2020/8/5 03:29,1596572947,1596572936,11
2020/8/5 03:28,1596572887,1596572875,12
2020/8/5 03:27,1596572827,1596572799,28
2020/8/5 03:26,1596572767,1596572753,14
2020/8/5 03:25,1596572707,1596572662,45
2020/8/5 03:24,1596572647,1596572641,6
2020/8/5 03:23,1596572587,1596572559,28
2020/8/5 03:22,1596572527,1596572509,18
2020/8/5 03:21,1596572467,1596572427,40
2020/8/5 03:20,1596572407,1596572335,72
2020/8/5 03:19,1596572347,1596572335,12
2020/8/5 03:18,1596572287,1596572243,44
2020/8/5 03:17,1596572227,1596572175,52
2020/8/5 03:16,1596572167,1596572163,4
2020/8/5 03:15,1596572107,1596572039,68
2020/8/5 03:14,1596572047,1596572039,8
2020/8/5 03:13,1596571987,1596571985,2
2020/8/5 03:12,1596571927,1596571898,29
2020/8/5 03:11,1596571867,1596571847,20
2020/8/5 03:10,1596571807,1596571752,55
2020/8/5 03:09,1596571747,1596571673,74
2020/8/5 03:08,1596571687,1596571673,14
2020/8/5 03:07,1596571627,1596571603,24
2020/8/5 03:06,1596571567,1596571530,37
2020/8/5 03:05,1596571508,1596571429,79
2020/8/5 03:04,1596571447,1596571429,18
2020/8/5 03:03,1596571387,1596571348,39
2020/8/5 03:02,1596571328,1596571276,52
2020/8/5 03:01,1596571267,1596571183,84
2020/8/5 03:00,1596571207,1596571183,24
2020/8/5 02:59,1596571147,1596571102,45
2020/8/5 02:58,1596571087,1596571087,0
2020/8/5 02:57,1596571027,1596571020,7
2020/8/5 02:56,1596570967,1596570919,48
2020/8/5 02:55,1596570907,1596570868,39
2020/8/5 02:54,1596570847,1596570802,45
2020/8/5 02:53,1596570787,1596570646,141
2020/8/5 02:52,1596570727,1596570646,81
2020/8/5 02:51,1596570667,1596570646,21
2020/8/5 02:50,1596570607,1596570583,24
2020/8/5 02:49,1596570547,1596570460,87
2020/8/5 02:48,1596570487,1596570460,27
2020/8/5 02:47,1596570427,1596570409,18
2020/8/5 02:46,1596570367,1596570258,109
2020/8/5 02:45,1596570307,1596570258,49
2020/8/5 02:44,1596570247,1596570136,111
2020/8/5 02:43,1596570187,1596570136,51
2020/8/5 02:42,1596570127,1596570044,83
2020/8/5 02:41,1596570067,1596570044,23
2020/8/5 02:40,1596570007,1596569942,65
2020/8/5 02:39,1596569947,1596569942,5
2020/8/5 02:38,1596569887,1596569851,36
2020/8/5 02:37,1596569827,1596569798,29
2020/8/5 02:36,1596569767,1596569701,66
2020/8/5 02:35,1596569707,1596569701,6
2020/8/5 02:34,1596569647,1596569535,112
2020/8/5 02:33,1596569587,1596569535,52
2020/8/5 02:32,1596569527,1596569484,43
2020/8/5 02:31,1596569467,1596569466,1
2020/8/5 02:30,1596569407,1596569321,86
2020/8/5 02:29,1596569347,1596569321,26
2020/8/5 02:28,1596569287,1596569270,17
2020/8/5 02:27,1596569227,1596569217,10
2020/8/5 02:26,1596569167,1596569138,29
2020/8/5 02:25,1596569107,1596569099,8
2020/8/5 02:24,1596569047,1596569046,1
2020/8/5 02:23,1596568987,1596568954,33
2020/8/5 02:22,1596568927,1596568903,24
2020/8/5 02:21,1596568867,1596568853,14
2020/8/5 02:20,1596568807,1596568751,56
2020/8/5 02:19,1596568747,1596568743,4
2020/8/5 02:18,1596568687,1596568686,1
2020/8/5 02:17,1596568628,1596568588,40
2020/8/5 02:16,1596568567,1596568536,31
2020/8/5 02:15,1596568507,1596568486,21
2020/8/5 02:14,1596568447,1596568405,42
2020/8/5 02:13,1596568387,1596568282,105
2020/8/5 02:12,1596568327,1596568282,45
2020/8/5 02:11,1596568267,1596568231,36
2020/8/5 02:10,1596568207,1596568155,52
2020/8/5 02:09,1596568147,1596568144,3
2020/8/5 02:08,1596568087,1596567987,100
2020/8/5 02:07,1596568027,1596567987,40
2020/8/5 02:06,1596567967,1596567958,9
2020/8/5 02:05,1596567907,1596567865,42
2020/8/5 02:04,1596567847,1596567824,23
2020/8/5 02:03,1596567787,1596567733,54
2020/8/5 02:02,1596567727,1596567712,15
2020/8/5 02:01,1596567667,1596567642,25
2020/8/5 02:00,1596567607,1596567539,68
2020/8/5 01:59,1596567547,1596567539,8
2020/8/5 01:58,1596567487,1596567479,8
2020/8/5 01:57,1596567427,1596567396,31
2020/8/5 01:56,1596567367,1596567304,63
2020/8/5 01:55,1596567307,1596567304,3
2020/8/5 01:54,1596567247,1596567223,24
2020/8/5 01:53,1596567187,1596567111,76
2020/8/5 01:52,1596567127,1596567111,16
2020/8/5 01:51,1596567067,1596567030,37
2020/8/5 01:50,1596567007,1596566969,38
2020/8/5 01:49,1596566947,1596566948,-1
2020/8/5 01:48,1596566887,1596566883,4
2020/8/5 01:47,1596566827,1596566826,1
2020/8/5 01:46,1596566767,1596566749,18
2020/8/5 01:45,1596566707,1596566704,3
2020/8/5 01:44,1596566647,1596566612,35
2020/8/5 01:43,1596566587,1596566572,15
2020/8/5 01:42,1596566527,1596566480,47
2020/8/5 01:41,1596566467,1596566378,89
2020/8/5 01:40,1596566407,1596566378,29
2020/8/5 01:39,1596566347,1596566296,51
2020/8/5 01:38,1596566287,1596566246,41
2020/8/5 01:37,1596566227,1596566228,-1
2020/8/5 01:36,1596566167,1596566154,13
2020/8/5 01:35,1596566107,1596566084,23
2020/8/5 01:34,1596566047,1596566001,46
2020/8/5 01:33,1596565987,1596565916,71
2020/8/5 01:32,1596565927,1596565916,11
2020/8/5 01:31,1596565867,1596565839,28
2020/8/5 01:30,1596565807,1596565747,60
2020/8/5 01:29,1596565747,1596565747,0
2020/8/5 01:28,1596565687,1596565676,11
2020/8/5 01:27,1596565627,1596565605,22
2020/8/5 01:26,1596565567,1596565543,24
2020/8/5 01:25,1596565507,1596565500,7
2020/8/5 01:24,1596565447,1596565434,13
2020/8/5 01:23,1596565387,1596565376,11
2020/8/5 01:22,1596565327,1596565290,37
2020/8/5 01:21,1596565267,1596565255,12
2020/8/5 01:20,1596565207,1596565193,14
2020/8/5 01:19,1596565147,1596565136,11
2020/8/5 01:18,1596565087,1596565076,11
2020/8/5 01:17,1596565027,1596565024,3
2020/8/5 01:16,1596564967,1596564959,8
2020/8/5 01:15,1596564907,1596564904,3
2020/8/5 01:14,1596564847,1596564833,14
2020/8/5 01:13,1596564787,1596564786,1
2020/8/5 01:12,1596564727,1596564719,8
2020/8/5 01:11,1596564667,1596564647,20
2020/8/5 01:10,1596564607,1596564575,32
2020/8/5 01:09,1596564547,1596564535,12
2020/8/5 01:08,1596564487,1596564463,24
2020/8/5 01:07,1596564427,1596564360,67
2020/8/5 01:06,1596564367,1596564360,7
2020/8/5 01:05,1596564307,1596564259,48
2020/8/5 01:04,1596564247,1596564244,3
2020/8/5 01:03,1596564187,1596564177,10
2020/8/5 01:02,1596564127,1596564116,11
2020/8/5 01:01,1596564067,1596564055,12
2020/8/5 01:00,1596564007,1596563990,17
2020/8/5 00:59,1596563947,1596563947,0
2020/8/5 00:58,1596563887,1596563851,36
2020/8/5 00:57,1596563827,1596563818,9
2020/8/5 00:56,1596563767,1596563767,0
2020/8/5 00:55,1596563707,1596563700,7
2020/8/5 00:54,1596563647,1596563627,20
2020/8/5 00:53,1596563587,1596563565,22
2020/8/5 00:52,1596563527,1596563505,22
2020/8/5 00:51,1596563467,1596563413,54
2020/8/5 00:50,1596563407,1596563352,55
2020/8/5 00:49,1596563347,1596563250,97
2020/8/5 00:48,1596563287,1596563250,37
2020/8/5 00:47,1596563227,1596563132,95
2020/8/5 00:46,1596563167,1596563132,35
2020/8/5 00:45,1596563107,1596563107,0
2020/8/5 00:44,1596563047,1596563016,31
2020/8/5 00:43,1596562987,1596562985,2
2020/8/5 00:42,1596562927,1596562927,0
2020/8/5 00:41,1596562867,1596562854,13
2020/8/5 00:40,1596562807,1596562793,14
2020/8/5 00:39,1596562747,1596562739,8
2020/8/5 00:38,1596562687,1596562681,6
2020/8/5 00:37,1596562627,1596562600,27
2020/8/5 00:36,1596562567,1596562520,47
2020/8/5 00:35,1596562507,1596562508,-1
2020/8/5 00:34,1596562447,1596562416,31
2020/8/5 00:33,1596562387,1596562342,45
2020/8/5 00:32,1596562327,1596562328,-1
2020/8/5 00:31,1596562267,1596562242,25
2020/8/5 00:30,1596562207,1596562058,149
2020/8/5 00:29,1596562147,1596562058,89
2020/8/5 00:28,1596562087,1596562058,29
2020/8/5 00:27,1596562027,1596561956,71
2020/8/5 00:26,1596561967,1596561956,11
2020/8/5 00:25,1596561907,1596561908,-1
2020/8/5 00:24,1596561847,1596561782,65
2020/8/5 00:23,1596561787,1596561782,5
2020/8/5 00:22,1596561727,1596561712,15
2020/8/5 00:21,1596561667,1596561667,0
2020/8/5 00:20,1596561607,1596561603,4
2020/8/5 00:19,1596561547,1596561529,18
2020/8/5 00:18,1596561487,1596561476,11
2020/8/5 00:17,1596561427,1596561416,11
2020/8/5 00:16,1596561367,1596561355,12
2020/8/5 00:15,1596561307,1596561304,3
2020/8/5 00:14,1596561247,1596561244,3
2020/8/5 00:13,1596561187,1596561183,4
2020/8/5 00:12,1596561127,1596561080,47
2020/8/5 00:11,1596561067,1596561067,0
2020/8/5 00:10,1596561007,1596560997,10
2020/8/5 00:09,1596560947,1596560943,4
2020/8/5 00:08,1596560887,1596560866,21
2020/8/5 00:07,1596560827,1596560826,1
2020/8/5 00:06,1596560767,1596560755,12
2020/8/5 00:05,1596560707,1596560663,44
2020/8/5 00:04,1596560647,1596560620,27
2020/8/5 00:03,1596560587,1596560540,47
2020/8/5 00:02,1596560527,1596560509,18
2020/8/5 00:01,1596560467,1596560388,79
2020/8/5 00:00,1596560407,1596560388,19
2020/8/4 23:59,1596560347,1596560337,10
2020/8/4 23:58,1596560287,1596560286,1
2020/8/4 23:57,1596560227,1596560225,2
2020/8/4 23:56,1596560167,1596560162,5
2020/8/4 23:55,1596560107,1596560102,5
2020/8/4 23:54,1596560047,1596559970,77
2020/8/4 23:53,1596559987,1596559970,17
2020/8/4 23:52,1596559927,1596559879,48
2020/8/4 23:51,1596559867,1596559777,90
2020/8/4 23:50,1596559807,1596559777,30
2020/8/4 23:49,1596559748,1596559676,72
2020/8/4 23:48,1596559687,1596559676,11
2020/8/4 23:47,1596559627,1596559619,8
2020/8/4 23:46,1596559567,1596559506,61
2020/8/4 23:45,1596559507,1596559506,1
2020/8/4 23:44,1596559448,1596559445,3
2020/8/4 23:43,1596559387,1596559387,0
2020/8/4 23:42,1596559327,1596559249,78
2020/8/4 23:41,1596559267,1596559249,18
2020/8/4 23:40,1596559207,1596559202,5
2020/8/4 23:39,1596559147,1596559097,50
2020/8/4 23:38,1596559087,1596559026,61
2020/8/4 23:37,1596559027,1596559026,1
2020/8/4 23:36,1596558967,1596558954,13
2020/8/4 23:35,1596558907,1596558883,24
2020/8/4 23:34,1596558847,1596558659,188
2020/8/4 23:33,1596558787,1596558659,128
2020/8/4 23:32,1596558727,1596558659,68
2020/8/4 23:31,1596558667,1596558659,8
2020/8/4 23:30,1596558607,1596558557,50
2020/8/4 23:29,1596558547,1596558486,61
2020/8/4 23:28,1596558487,1596558486,1
2020/8/4 23:27,1596558427,1596558385,42
2020/8/4 23:26,1596558367,1596558334,33
2020/8/4 23:25,1596558307,1596558252,55
2020/8/4 23:24,1596558247,1596558212,35
2020/8/4 23:23,1596558187,1596558185,2
2020/8/4 23:22,1596558127,1596558069,58
2020/8/4 23:21,1596558067,1596558063,4
2020/8/4 23:20,1596558007,1596557967,40
2020/8/4 23:19,1596557947,1596557907,40
2020/8/4 23:18,1596557887,1596557836,51
2020/8/4 23:17,1596557827,1596557825,2
2020/8/4 23:16,1596557767,1596557763,4
2020/8/4 23:15,1596557707,1596557703,4
2020/8/4 23:14,1596557647,1596557641,6
2020/8/4 23:13,1596557587,1596557580,7
2020/8/4 23:12,1596557527,1596557478,49
2020/8/4 23:11,1596557467,1596557460,7
2020/8/4 23:10,1596557407,1596557305,102
2020/8/4 23:09,1596557347,1596557305,42
2020/8/4 23:08,1596557287,1596557193,94
2020/8/4 23:07,1596557227,1596557193,34
2020/8/4 23:06,1596557167,1596557125,42
2020/8/4 23:05,1596557107,1596557105,2
2020/8/4 23:04,1596557047,1596556943,104
2020/8/4 23:03,1596556987,1596556943,44
2020/8/4 23:02,1596556927,1596556918,9
2020/8/4 23:01,1596556867,1596556817,50
2020/8/4 23:00,1596556807,1596556716,91
2020/8/4 22:59,1596556747,1596556716,31
2020/8/4 22:58,1596556687,1596556685,2
2020/8/4 22:57,1596556627,1596556594,33
2020/8/4 22:56,1596556567,1596556553,14
2020/8/4 22:55,1596556507,1596556471,36
2020/8/4 22:54,1596556447,1596556430,17
2020/8/4 22:53,1596556387,1596556309,78
2020/8/4 22:52,1596556327,1596556309,18
2020/8/4 22:51,1596556267,1596556238,29
2020/8/4 22:50,1596556207,1596556197,10
2020/8/4 22:49,1596556147,1596556146,1
2020/8/4 22:48,1596556087,1596556085,2
2020/8/4 22:47,1596556027,1596556023,4
2020/8/4 22:46,1596555967,1596555933,34
2020/8/4 22:45,1596555907,1596555850,57
2020/8/4 22:44,1596555847,1596555829,18
2020/8/4 22:43,1596555787,1596555769,18
2020/8/4 22:42,1596555727,1596555728,-1
2020/8/4 22:41,1596555667,1596555646,21
2020/8/4 22:40,1596555607,1596555433,174
2020/8/4 22:39,1596555547,1596555433,114
2020/8/4 22:38,1596555487,1596555433,54
2020/8/4 22:37,1596555427,1596555413,14
2020/8/4 22:36,1596555367,1596555351,16
2020/8/4 22:35,1596555307,1596555239,68
2020/8/4 22:34,1596555247,1596555239,8
2020/8/4 22:33,1596555187,1596555168,19
2020/8/4 22:32,1596555127,1596555107,20
2020/8/4 22:31,1596555067,1596555052,15
2020/8/4 22:30,1596555007,1596554994,13
2020/8/4 22:29,1596554947,1596554914,33
2020/8/4 22:28,1596554887,1596554843,44
2020/8/4 22:27,1596554827,1596554741,86
2020/8/4 22:26,1596554767,1596554741,26
2020/8/4 22:25,1596554707,1596554688,19
2020/8/4 22:24,1596554647,1596554639,8
2020/8/4 22:23,1596554587,1596554578,9
2020/8/4 22:22,1596554527,1596554527,0
2020/8/4 22:21,1596554467,1596554456,11
2020/8/4 22:20,1596554407,1596554374,33
2020/8/4 22:19,1596554347,1596554341,6
2020/8/4 22:18,1596554287,1596554265,22
2020/8/4 22:17,1596554227,1596554212,15
2020/8/4 22:16,1596554167,1596554159,8
2020/8/4 22:15,1596554107,1596554061,46
2020/8/4 22:14,1596554047,1596554008,39
2020/8/4 22:13,1596553987,1596553987,0
2020/8/4 22:12,1596553927,1596553927,0
2020/8/4 22:11,1596553867,1596553863,4
2020/8/4 22:10,1596553808,1596553789,19
2020/8/4 22:09,1596553747,1596553739,8
2020/8/4 22:08,1596553687,1596553688,-1
2020/8/4 22:07,1596553627,1596553592,35
2020/8/4 22:06,1596553567,1596553551,16
2020/8/4 22:05,1596553507,1596553469,38
2020/8/4 22:04,1596553447,1596553388,59
2020/8/4 22:03,1596553387,1596553343,44
2020/8/4 22:02,1596553327,1596553326,1
2020/8/4 22:01,1596553267,1596553246,21
2020/8/4 22:00,1596553207,1596553185,22
2020/8/4 21:59,1596553147,1596553073,74
2020/8/4 21:58,1596553087,1596553073,14
2020/8/4 21:57,1596553027,1596552941,86
2020/8/4 21:56,1596552967,1596552941,26
2020/8/4 21:55,1596552907,1596552888,19
2020/8/4 21:54,1596552847,1596552799,48
2020/8/4 21:53,1596552787,1596552727,60
2020/8/4 21:52,1596552727,1596552727,0
2020/8/4 21:51,1596552667,1596552585,82
2020/8/4 21:50,1596552607,1596552585,22
2020/8/4 21:49,1596552547,1596552473,74
2020/8/4 21:48,1596552487,1596552473,14
2020/8/4 21:47,1596552427,1596552371,56
2020/8/4 21:46,1596552367,1596552168,199
2020/8/4 21:45,1596552307,1596552168,139
2020/8/4 21:44,1596552248,1596552168,80
2020/8/4 21:43,1596552187,1596552168,19
2020/8/4 21:42,1596552127,1596552097,30
2020/8/4 21:41,1596552067,1596552056,11
2020/8/4 21:40,1596552007,1596551781,226
2020/8/4 21:39,1596551947,1596551781,166
2020/8/4 21:38,1596551887,1596551781,106
2020/8/4 21:37,1596551827,1596551781,46
2020/8/4 21:36,1596551767,1596551700,67
2020/8/4 21:35,1596551708,1596551700,8
2020/8/4 21:34,1596551647,1596551609,38
2020/8/4 21:33,1596551587,1596551366,221
2020/8/4 21:32,1596551527,1596551366,161
2020/8/4 21:31,1596551467,1596551366,101
2020/8/4 21:30,1596551407,1596551366,41
2020/8/4 21:29,1596551347,1596551273,74
2020/8/4 21:28,1596551287,1596551273,14
2020/8/4 21:27,1596551227,1596551182,45
2020/8/4 21:26,1596551167,1596550978,189
2020/8/4 21:25,1596551107,1596550978,129
2020/8/4 21:24,1596551047,1596550978,69
2020/8/4 21:23,1596550987,1596550978,9
2020/8/4 21:22,1596550927,1596550923,4
2020/8/4 21:21,1596550867,1596550846,21
2020/8/4 21:20,1596550807,1596550803,4
2020/8/4 21:19,1596550747,1596550734,13
2020/8/4 21:18,1596550687,1596550622,65
2020/8/4 21:17,1596550627,1596550622,5
2020/8/4 21:16,1596550567,1596550500,67
2020/8/4 21:15,1596550507,1596550500,7
2020/8/4 21:14,1596550447,1596550412,35
2020/8/4 21:13,1596550387,1596550368,19
2020/8/4 21:12,1596550327,1596550328,-1
2020/8/4 21:11,1596550267,1596550236,31
2020/8/4 21:10,1596550207,1596550142,65
2020/8/4 21:09,1596550147,1596550142,5
2020/8/4 21:08,1596550087,1596550022,65
2020/8/4 21:07,1596550027,1596550022,5
2020/8/4 21:06,1596549967,1596549890,77
2020/8/4 21:05,1596549907,1596549890,17
2020/8/4 21:04,1596549847,1596549819,28
2020/8/4 21:03,1596549787,1596549707,80
2020/8/4 21:02,1596549727,1596549707,20
2020/8/4 21:01,1596549667,1596549615,52
2020/8/4 21:00,1596549607,1596549605,2
2020/8/4 20:59,1596549547,1596549533,14
2020/8/4 20:58,1596549487,1596549468,19
2020/8/4 20:57,1596549427,1596549424,3
2020/8/4 20:56,1596549367,1596549361,6
2020/8/4 20:55,1596549307,1596549280,27
2020/8/4 20:54,1596549247,1596549237,10
2020/8/4 20:53,1596549187,1596549177,10
2020/8/4 20:52,1596549127,1596549107,20
2020/8/4 20:51,1596549067,1596549035,32
2020/8/4 20:50,1596549007,1596548936,71
2020/8/4 20:49,1596548947,1596548936,11
2020/8/4 20:48,1596548887,1596548849,38
2020/8/4 20:47,1596548827,1596548801,26
2020/8/4 20:46,1596548767,1596548763,4
2020/8/4 20:45,1596548707,1596548689,18
2020/8/4 20:44,1596548647,1596548608,39
2020/8/4 20:43,1596548587,1596548549,38
2020/8/4 20:42,1596548527,1596548526,1
2020/8/4 20:41,1596548467,1596548465,2
2020/8/4 20:40,1596548407,1596548404,3
2020/8/4 20:39,1596548347,1596548313,34
2020/8/4 20:38,1596548287,1596548261,26
2020/8/4 20:37,1596548227,1596548180,47
2020/8/4 20:36,1596548167,1596548119,48
2020/8/4 20:35,1596548107,1596548099,8
2020/8/4 20:34,1596548047,1596547953,94
2020/8/4 20:33,1596547987,1596547953,34
2020/8/4 20:32,1596547927,1596547926,1
2020/8/4 20:31,1596547867,1596547865,2
2020/8/4 20:30,1596547807,1596547753,54
2020/8/4 20:29,1596547747,1596547723,24
2020/8/4 20:28,1596547687,1596547652,35
2020/8/4 20:27,1596547627,1596547605,22
2020/8/4 20:26,1596547567,1596547560,7
2020/8/4 20:25,1596547507,1596547493,14
2020/8/4 20:24,1596547447,1596547440,7
2020/8/4 20:23,1596547387,1596547377,10
2020/8/4 20:22,1596547327,1596547327,0
2020/8/4 20:21,1596547267,1596547266,1
2020/8/4 20:20,1596547207,1596547174,33
2020/8/4 20:19,1596547147,1596547136,11
2020/8/4 20:18,1596547087,1596547042,45
2020/8/4 20:17,1596547027,1596547002,25
2020/8/4 20:16,1596546967,1596546912,55
2020/8/4 20:15,1596546907,1596546900,7
2020/8/4 20:14,1596546847,1596546819,28
2020/8/4 20:13,1596546787,1596546778,9
2020/8/4 20:12,1596546727,1596546707,20
2020/8/4 20:11,1596546667,1596546655,12
2020/8/4 20:10,1596546607,1596546544,63
2020/8/4 20:09,1596546547,1596546544,3
2020/8/4 20:08,1596546487,1596546483,4
2020/8/4 20:07,1596546427,1596546392,35
2020/8/4 20:06,1596546367,1596546320,47
2020/8/4 20:05,1596546307,1596546282,25
2020/8/4 20:04,1596546247,1596546228,19
2020/8/4 20:03,1596546187,1596546178,9
2020/8/4 20:02,1596546127,1596546077,50
2020/8/4 20:01,1596546067,1596546056,11
2020/8/4 20:00,1596546007,1596545955,52
2020/8/4 19:59,1596545947,1596545944,3
2020/8/4 19:58,1596545887,1596545853,34
2020/8/4 19:57,1596545827,1596545822,5
2020/8/4 19:56,1596545767,1596545690,77
2020/8/4 19:55,1596545707,1596545690,17
2020/8/4 19:54,1596545647,1596545646,1
2020/8/4 19:53,1596545587,1596545578,9
2020/8/4 19:52,1596545527,1596545507,20
2020/8/4 19:51,1596545467,1596545463,4
2020/8/4 19:50,1596545407,1596545405,2
2020/8/4 19:49,1596545347,1596545323,24
2020/8/4 19:48,1596545287,1596545274,13
2020/8/4 19:47,1596545227,1596545121,106
2020/8/4 19:46,1596545167,1596545121,46
2020/8/4 19:45,1596545107,1596545090,17
2020/8/4 19:44,1596545047,1596545039,8
2020/8/4 19:43,1596544987,1596544983,4
2020/8/4 19:42,1596544927,1596544877,50
2020/8/4 19:41,1596544867,1596544786,81
2020/8/4 19:40,1596544807,1596544786,21
2020/8/4 19:39,1596544747,1596544732,15
2020/8/4 19:38,1596544687,1596544672,15
2020/8/4 19:37,1596544627,1596544552,75
2020/8/4 19:36,1596544568,1596544552,16
2020/8/4 19:35,1596544507,1596544419,88
2020/8/4 19:34,1596544447,1596544419,28
2020/8/4 19:33,1596544387,1596544348,39
2020/8/4 19:32,1596544328,1596544307,21
2020/8/4 19:31,1596544267,1596544267,0
2020/8/4 19:30,1596544207,1596544196,11
2020/8/4 19:29,1596544147,1596544147,0
2020/8/4 19:28,1596544087,1596544024,63
2020/8/4 19:27,1596544027,1596544024,3
2020/8/4 19:26,1596543967,1596543952,15
2020/8/4 19:25,1596543907,1596543881,26
2020/8/4 19:24,1596543847,1596543834,13
2020/8/4 19:23,1596543787,1596543739,48
2020/8/4 19:22,1596543727,1596543678,49
2020/8/4 19:21,1596543667,1596543647,20
2020/8/4 19:20,1596543607,1596543556,51
2020/8/4 19:19,1596543547,1596543545,2
2020/8/4 19:18,1596543487,1596543454,33
2020/8/4 19:17,1596543427,1596543408,19
2020/8/4 19:16,1596543367,1596543312,55
2020/8/4 19:15,1596543307,1596543084,223
2020/8/4 19:14,1596543247,1596543084,163
2020/8/4 19:13,1596543187,1596543084,103
2020/8/4 19:12,1596543127,1596543084,43
2020/8/4 19:11,1596543067,1596542987,80
2020/8/4 19:10,1596543008,1596542987,21
2020/8/4 19:09,1596542947,1596542925,22
2020/8/4 19:08,1596542887,1596542286,601
2020/8/4 19:07,1596542827,1596542286,541
2020/8/4 19:06,1596542767,1596542286,481
2020/8/4 19:05,1596542707,1596542286,421
2020/8/4 19:04,1596542647,1596542286,361
2020/8/4 19:03,1596542587,1596542286,301
2020/8/4 19:02,1596542527,1596542286,241
2020/8/4 19:01,1596542467,1596542286,181
2020/8/4 19:00,1596542407,1596542286,121
2020/8/4 18:59,1596542347,1596542286,61
2020/8/4 18:58,1596542287,1596542286,1
2020/8/4 18:57,1596542227,1596542132,95
2020/8/4 18:56,1596542167,1596542132,35
2020/8/4 18:55,1596542107,1596541930,177
2020/8/4 18:54,1596542047,1596541930,117
2020/8/4 18:53,1596541987,1596541930,57
2020/8/4 18:52,1596541928,1596541545,383
2020/8/4 18:51,1596541867,1596541545,322
2020/8/4 18:50,1596541807,1596541545,262
2020/8/4 18:49,1596541747,1596541545,202
2020/8/4 18:48,1596541687,1596541545,142
2020/8/4 18:47,1596541627,1596541545,82
2020/8/4 18:46,1596541567,1596541545,22
2020/8/4 18:45,1596541507,1596541462,45
2020/8/4 18:44,1596541447,1596541435,12
2020/8/4 18:43,1596541387,1596541372,15
2020/8/4 18:42,1596541327,1596541220,107
2020/8/4 18:41,1596541267,1596541220,47
2020/8/4 18:40,1596541207,1596541119,88
2020/8/4 18:39,1596541147,1596541119,28
2020/8/4 18:38,1596541087,1596540983,104
2020/8/4 18:37,1596541027,1596540983,44
2020/8/4 18:36,1596540967,1596540967,0
2020/8/4 18:35,1596540907,1596540845,62
2020/8/4 18:34,1596540847,1596540845,2
2020/8/4 18:33,1596540787,1596540652,135
2020/8/4 18:32,1596540727,1596540652,75
2020/8/4 18:31,1596540667,1596540652,15
2020/8/4 18:30,1596540607,1596540551,56
2020/8/4 18:29,1596540547,1596540389,158
2020/8/4 18:28,1596540487,1596540389,98
2020/8/4 18:27,1596540427,1596540389,38
2020/8/4 18:26,1596540367,1596540317,50
2020/8/4 18:25,1596540307,1596540278,29
2020/8/4 18:24,1596540247,1596540246,1
2020/8/4 18:23,1596540187,1596540171,16
2020/8/4 18:22,1596540127,1596540083,44
2020/8/4 18:21,1596540067,1596540067,0
2020/8/4 18:20,1596540007,1596540003,4
2020/8/4 18:19,1596539947,1596539931,16
2020/8/4 18:18,1596539887,1596539870,17
2020/8/4 18:17,1596539827,1596539803,24
2020/8/4 18:16,1596539767,1596539765,2
2020/8/4 18:15,1596539707,1596539707,0
2020/8/4 18:14,1596539647,1596539645,2
2020/8/4 18:13,1596539587,1596539525,62
2020/8/4 18:12,1596539527,1596539525,2
2020/8/4 18:11,1596539467,1596539413,54
2020/8/4 18:10,1596539407,1596539400,7
2020/8/4 18:09,1596539347,1596539291,56
2020/8/4 18:08,1596539287,1596539280,7
2020/8/4 18:07,1596539227,1596539210,17
2020/8/4 18:06,1596539167,1596539143,24
2020/8/4 18:05,1596539107,1596539017,90
2020/8/4 18:04,1596539047,1596539017,30
2020/8/4 18:03,1596538987,1596538926,61
2020/8/4 18:02,1596538927,1596538926,1
2020/8/4 18:01,1596538867,1596538844,23
2020/8/4 18:00,1596538807,1596538784,23
2020/8/4 17:59,1596538747,1596538722,25
2020/8/4 17:58,1596538687,1596538652,35
2020/8/4 17:57,1596538627,1596538621,6
2020/8/4 17:56,1596538567,1596538566,1
2020/8/4 17:55,1596538507,1596538496,11
2020/8/4 17:54,1596538447,1596538428,19
2020/8/4 17:53,1596538387,1596538330,57
2020/8/4 17:52,1596538327,1596538317,10
2020/8/4 17:51,1596538267,1596538256,11
2020/8/4 17:50,1596538207,1596538204,3
2020/8/4 17:49,1596538147,1596538113,34
2020/8/4 17:48,1596538087,1596538011,76
2020/8/4 17:47,1596538027,1596538011,16
2020/8/4 17:46,1596537967,1596537859,108
2020/8/4 17:45,1596537907,1596537859,48
2020/8/4 17:44,1596537847,1596537808,39
2020/8/4 17:43,1596537787,1596537758,29
2020/8/4 17:42,1596537727,1596537646,81
2020/8/4 17:41,1596537667,1596537646,21
2020/8/4 17:40,1596537607,1596537592,15
2020/8/4 17:39,1596537547,1596537528,19
2020/8/4 17:38,1596537487,1596537465,22
2020/8/4 17:37,1596537427,1596537412,15
2020/8/4 17:36,1596537367,1596537341,26
2020/8/4 17:35,1596537307,1596537260,47
2020/8/4 17:34,1596537247,1596537148,99
2020/8/4 17:33,1596537187,1596537148,39
2020/8/4 17:32,1596537127,1596537117,10
2020/8/4 17:31,1596537067,1596537067,0
2020/8/4 17:30,1596537007,1596536985,22
2020/8/4 17:29,1596536947,1596536864,83
2020/8/4 17:28,1596536887,1596536864,23
2020/8/4 17:27,1596536827,1596536825,2
2020/8/4 17:26,1596536767,1596536730,37
2020/8/4 17:25,1596536707,1596536598,109
2020/8/4 17:24,1596536647,1596536598,49
2020/8/4 17:23,1596536587,1596536587,0
2020/8/4 17:22,1596536527,1596536517,10
2020/8/4 17:21,1596536467,1596536456,11
2020/8/4 17:20,1596536407,1596536402,5
2020/8/4 17:19,1596536347,1596536344,3
2020/8/4 17:18,1596536287,1596536281,6
2020/8/4 17:17,1596536228,1596536225,3
2020/8/4 17:16,1596536167,1596536154,13
2020/8/4 17:15,1596536107,1596536100,7
2020/8/4 17:14,1596536047,1596536008,39
2020/8/4 17:13,1596535987,1596535947,40
2020/8/4 17:12,1596535927,1596535907,20
2020/8/4 17:11,1596535867,1596535855,12
2020/8/4 17:10,1596535807,1596535744,63
2020/8/4 17:09,1596535747,1596535744,3
2020/8/4 17:08,1596535687,1596535663,24
2020/8/4 17:07,1596535627,1596535589,38
2020/8/4 17:06,1596535567,1596535567,0
2020/8/4 17:05,1596535507,1596535507,0
2020/8/4 17:04,1596535447,1596535397,50
2020/8/4 17:03,1596535387,1596535384,3
2020/8/4 17:02,1596535327,1596535297,30
2020/8/4 17:01,1596535267,1596535246,21
2020/8/4 17:00,1596535207,1596535104,103
2020/8/4 16:59,1596535147,1596535104,43
2020/8/4 16:58,1596535087,1596535063,24
2020/8/4 16:57,1596535027,1596535002,25
2020/8/4 16:56,1596534967,1596534880,87
2020/8/4 16:55,1596534907,1596534880,27
2020/8/4 16:54,1596534847,1596534819,28
2020/8/4 16:53,1596534787,1596534778,9
2020/8/4 16:52,1596534727,1596534727,0
2020/8/4 16:51,1596534667,1596534637,30
2020/8/4 16:50,1596534607,1596534605,2
2020/8/4 16:49,1596534547,1596534544,3
2020/8/4 16:48,1596534487,1596534483,4
2020/8/4 16:47,1596534427,1596534382,45
2020/8/4 16:46,1596534367,1596534364,3
2020/8/4 16:45,1596534307,1596534300,7
2020/8/4 16:44,1596534247,1596534229,18
2020/8/4 16:43,1596534187,1596534178,9
2020/8/4 16:42,1596534127,1596534117,10
2020/8/4 16:41,1596534067,1596533883,184
2020/8/4 16:40,1596534007,1596533883,124
2020/8/4 16:39,1596533947,1596533883,64
2020/8/4 16:38,1596533887,1596533883,4
2020/8/4 16:37,1596533827,1596533812,15
2020/8/4 16:36,1596533768,1596533742,26
2020/8/4 16:35,1596533707,1596533701,6
2020/8/4 16:34,1596533647,1596533619,28
2020/8/4 16:33,1596533587,1596533541,46
2020/8/4 16:32,1596533527,1596533518,9
2020/8/4 16:31,1596533467,1596533426,41
2020/8/4 16:30,1596533407,1596533294,113
2020/8/4 16:29,1596533347,1596533294,53
2020/8/4 16:28,1596533287,1596533263,24
2020/8/4 16:27,1596533227,1596533213,14
2020/8/4 16:26,1596533167,1596533162,5
2020/8/4 16:25,1596533107,1596533070,37
2020/8/4 16:24,1596533047,1596533040,7
2020/8/4 16:23,1596532987,1596532979,8
2020/8/4 16:22,1596532927,1596532745,182
2020/8/4 16:21,1596532867,1596532745,122
2020/8/4 16:20,1596532807,1596532745,62
2020/8/4 16:19,1596532747,1596532745,2
2020/8/4 16:18,1596532687,1596532651,36
2020/8/4 16:17,1596532627,1596532603,24
2020/8/4 16:16,1596532567,1596532552,15
2020/8/4 16:15,1596532507,1596532492,15
2020/8/4 16:14,1596532447,1596532440,7
2020/8/4 16:13,1596532387,1596532359,28
2020/8/4 16:12,1596532327,1596532277,50
2020/8/4 16:11,1596532267,1596532065,202
2020/8/4 16:10,1596532207,1596532065,142
2020/8/4 16:09,1596532147,1596532065,82
2020/8/4 16:08,1596532087,1596532065,22
2020/8/4 16:07,1596532027,1596532014,13
2020/8/4 16:06,1596531967,1596531962,5
2020/8/4 16:05,1596531907,1596531902,5
2020/8/4 16:04,1596531847,1596531842,5
2020/8/4 16:03,1596531787,1596531763,24
2020/8/4 16:02,1596531727,1596531719,8
2020/8/4 16:01,1596531667,1596531628,39
2020/8/4 16:00,1596531607,1596531506,101
2020/8/4 15:59,1596531547,1596531506,41
2020/8/4 15:58,1596531487,1596531435,52
2020/8/4 15:57,1596531427,1596531376,51
2020/8/4 15:56,1596531367,1596531334,33
2020/8/4 15:55,1596531307,1596531243,64
2020/8/4 15:54,1596531247,1596531243,4
2020/8/4 15:53,1596531187,1596531183,4
2020/8/4 15:52,1596531127,1596531117,10
2020/8/4 15:51,1596531067,1596530969,98
2020/8/4 15:50,1596531007,1596530969,38
2020/8/4 15:49,1596530947,1596530938,9
2020/8/4 15:48,1596530887,1596530841,46
2020/8/4 15:47,1596530827,1596530807,20
2020/8/4 15:46,1596530767,1596530716,51
2020/8/4 15:45,1596530707,1596530691,16
2020/8/4 15:44,1596530647,1596530621,26
2020/8/4 15:43,1596530587,1596530579,8
2020/8/4 15:42,1596530527,1596530519,8
2020/8/4 15:41,1596530467,1596530449,18
2020/8/4 15:40,1596530407,1596530394,13
2020/8/4 15:39,1596530347,1596530289,58
2020/8/4 15:38,1596530287,1596530259,28
2020/8/4 15:37,1596530227,1596530188,39
2020/8/4 15:36,1596530167,1596530160,7
2020/8/4 15:35,1596530107,1596530076,31
2020/8/4 15:34,1596530047,1596529965,82
2020/8/4 15:33,1596529987,1596529965,22
2020/8/4 15:32,1596529927,1596529904,23
2020/8/4 15:31,1596529867,1596529782,85
2020/8/4 15:30,1596529807,1596529782,25
2020/8/4 15:29,1596529747,1596529732,15
2020/8/4 15:28,1596529687,1596529678,9
2020/8/4 15:27,1596529627,1596529457,170
2020/8/4 15:26,1596529567,1596529457,110
2020/8/4 15:25,1596529507,1596529457,50
2020/8/4 15:24,1596529447,1596529418,29
2020/8/4 15:23,1596529387,1596529315,72
2020/8/4 15:22,1596529327,1596529315,12
2020/8/4 15:21,1596529267,1596529213,54
2020/8/4 15:20,1596529207,1596529189,18
2020/8/4 15:19,1596529147,1596529138,9
2020/8/4 15:18,1596529087,1596529084,3
2020/8/4 15:17,1596529027,1596529021,6
2020/8/4 15:16,1596528967,1596528889,78
2020/8/4 15:15,1596528907,1596528889,18
2020/8/4 15:14,1596528847,1596528797,50
2020/8/4 15:13,1596528787,1596528782,5
2020/8/4 15:12,1596528728,1596528709,19
2020/8/4 15:11,1596528667,1596528631,36
2020/8/4 15:10,1596528607,1596528592,15
2020/8/4 15:09,1596528547,1596528544,3
2020/8/4 15:08,1596528487,1596528483,4
2020/8/4 15:07,1596528427,1596528407,20
2020/8/4 15:06,1596528367,1596528360,7
2020/8/4 15:05,1596528307,1596528268,39
2020/8/4 15:04,1596528247,1596528228,19
2020/8/4 15:03,1596528187,1596528168,19
2020/8/4 15:02,1596528127,1596528101,26
2020/8/4 15:01,1596528067,1596528026,41
2020/8/4 15:00,1596528007,1596527945,62
2020/8/4 14:59,1596527947,1596527945,2
2020/8/4 14:58,1596527887,1596527867,20
2020/8/4 14:57,1596527827,1596527742,85
2020/8/4 14:56,1596527767,1596527742,25
2020/8/4 14:55,1596527707,1596527701,6
2020/8/4 14:54,1596527647,1596527640,7
2020/8/4 14:53,1596527587,1596527570,17
2020/8/4 14:52,1596527527,1596527498,29
2020/8/4 14:51,1596527467,1596527458,9
2020/8/4 14:50,1596527407,1596527397,10
2020/8/4 14:49,1596527347,1596527274,73
2020/8/4 14:48,1596527287,1596527274,13
2020/8/4 14:47,1596527227,1596527203,24
2020/8/4 14:46,1596527167,1596527133,34
2020/8/4 14:45,1596527107,1596527105,2
2020/8/4 14:44,1596527047,1596527042,5
2020/8/4 14:43,1596526987,1596526983,4
2020/8/4 14:42,1596526927,1596526817,110
2020/8/4 14:41,1596526867,1596526817,50
2020/8/4 14:40,1596526807,1596526767,40
2020/8/4 14:39,1596526747,1596526645,102
2020/8/4 14:38,1596526687,1596526645,42
2020/8/4 14:37,1596526627,1596526561,66
2020/8/4 14:36,1596526567,1596526561,6
2020/8/4 14:35,1596526507,1596526498,9
2020/8/4 14:34,1596526447,1596526442,5
2020/8/4 14:33,1596526387,1596526381,6
2020/8/4 14:32,1596526327,1596526299,28
2020/8/4 14:31,1596526267,1596526167,100
2020/8/4 14:30,1596526207,1596526167,40
2020/8/4 14:29,1596526147,1596526106,41
2020/8/4 14:28,1596526087,1596526045,42
2020/8/4 14:27,1596526027,1596526025,2
2020/8/4 14:26,1596525967,1596525944,23
2020/8/4 14:25,1596525907,1596525892,15
2020/8/4 14:24,1596525847,1596525832,15
2020/8/4 14:23,1596525787,1596525782,5
2020/8/4 14:22,1596525727,1596525679,48
2020/8/4 14:21,1596525667,1596525648,19
2020/8/4 14:20,1596525607,1596525567,40
2020/8/4 14:19,1596525547,1596525486,61
2020/8/4 14:18,1596525487,1596525486,1
2020/8/4 14:17,1596525427,1596525404,23
2020/8/4 14:16,1596525367,1596525361,6
2020/8/4 14:15,1596525307,1596525219,88
2020/8/4 14:14,1596525247,1596525219,28
2020/8/4 14:13,1596525187,1596525151,36
2020/8/4 14:12,1596525127,1596525050,77
2020/8/4 14:11,1596525067,1596525050,17
2020/8/4 14:10,1596525007,1596524985,22
2020/8/4 14:09,1596524947,1596524930,17
2020/8/4 14:08,1596524887,1596524877,10
2020/8/4 14:07,1596524827,1596524823,4
2020/8/4 14:06,1596524767,1596524735,32
2020/8/4 14:05,1596524707,1596524684,23
2020/8/4 14:04,1596524647,1596524641,6
2020/8/4 14:03,1596524587,1596524553,34
2020/8/4 14:02,1596524527,1596524512,15
2020/8/4 14:01,1596524467,1596524462,5
2020/8/4 14:00,1596524407,1596524400,7
2020/8/4 13:59,1596524347,1596524279,68
2020/8/4 13:58,1596524287,1596524279,8
2020/8/4 13:57,1596524227,1596524166,61
2020/8/4 13:56,1596524167,1596524166,1
2020/8/4 13:55,1596524107,1596524035,72
2020/8/4 13:54,1596524047,1596524035,12
2020/8/4 13:53,1596523987,1596523974,13
2020/8/4 13:52,1596523927,1596523852,75
2020/8/4 13:51,1596523867,1596523852,15
2020/8/4 13:50,1596523807,1596523781,26
2020/8/4 13:49,1596523747,1596523711,36
2020/8/4 13:48,1596523687,1596523599,88
2020/8/4 13:47,1596523627,1596523599,28
2020/8/4 13:46,1596523567,1596523467,100
2020/8/4 13:45,1596523507,1596523467,40
2020/8/4 13:44,1596523447,1596523421,26
2020/8/4 13:43,1596523387,1596523381,6
2020/8/4 13:42,1596523327,1596523325,2
2020/8/4 13:41,1596523267,1596523267,0
2020/8/4 13:40,1596523207,1596523202,5
2020/8/4 13:39,1596523147,1596523112,35
2020/8/4 13:38,1596523087,1596523071,16
2020/8/4 13:37,1596523027,1596523018,9
2020/8/4 13:36,1596522967,1596522960,7
2020/8/4 13:35,1596522907,1596522884,23
2020/8/4 13:34,1596522847,1596522821,26
2020/8/4 13:33,1596522787,1596522758,29
2020/8/4 13:32,1596522727,1596522669,58
2020/8/4 13:31,1596522667,1596522651,16
2020/8/4 13:30,1596522607,1596522570,37
2020/8/4 13:29,1596522547,1596522533,14
2020/8/4 13:28,1596522487,1596522432,55
2020/8/4 13:27,1596522427,1596522340,87
2020/8/4 13:26,1596522367,1596522340,27
2020/8/4 13:25,1596522308,1596522274,34
2020/8/4 13:24,1596522247,1596522232,15
2020/8/4 13:23,1596522187,1596522165,22
2020/8/4 13:22,1596522127,1596522123,4
2020/8/4 13:21,1596522067,1596522057,10
2020/8/4 13:20,1596522007,1596521985,22
2020/8/4 13:19,1596521947,1596521895,52
2020/8/4 13:18,1596521887,1596521874,13
2020/8/4 13:17,1596521827,1596521827,0
2020/8/4 13:16,1596521767,1596521711,56
2020/8/4 13:15,1596521707,1596521706,1
2020/8/4 13:14,1596521647,1596521590,57
2020/8/4 13:13,1596521587,1596521562,25
2020/8/4 13:12,1596521527,1596521499,28
2020/8/4 13:11,1596521467,1596521407,60
2020/8/4 13:10,1596521407,1596521407,0
2020/8/4 13:09,1596521347,1596521328,19
2020/8/4 13:08,1596521287,1596521255,32
2020/8/4 13:07,1596521227,1596521144,83
2020/8/4 13:06,1596521167,1596521144,23
2020/8/4 13:05,1596521107,1596521044,63
2020/8/4 13:04,1596521047,1596521044,3
2020/8/4 13:03,1596520987,1596520987,0
2020/8/4 13:02,1596520927,1596520870,57
2020/8/4 13:01,1596520867,1596520820,47
2020/8/4 13:00,1596520807,1596520786,21
2020/8/4 12:59,1596520747,1596520736,11
2020/8/4 12:58,1596520687,1596520657,30
2020/8/4 12:57,1596520627,1596520607,20
2020/8/4 12:56,1596520567,1596520545,22
2020/8/4 12:55,1596520507,1596520498,9
2020/8/4 12:54,1596520447,1596520423,24
2020/8/4 12:53,1596520387,1596520369,18
2020/8/4 12:52,1596520327,1596520271,56
2020/8/4 12:51,1596520267,1596520212,55
2020/8/4 12:50,1596520207,1596520203,4
2020/8/4 12:49,1596520147,1596520082,65
2020/8/4 12:48,1596520087,1596520082,5
2020/8/4 12:47,1596520027,1596520015,12
2020/8/4 12:46,1596519967,1596519918,49
2020/8/4 12:45,1596519907,1596519902,5
2020/8/4 12:44,1596519847,1596519844,3
2020/8/4 12:43,1596519787,1596519722,65
2020/8/4 12:42,1596519727,1596519722,5
2020/8/4 12:41,1596519667,1596519666,1
2020/8/4 12:40,1596519607,1596519593,14
2020/8/4 12:39,1596519547,1596519530,17
2020/8/4 12:38,1596519487,1596519468,19
2020/8/4 12:37,1596519427,1596519416,11
2020/8/4 12:36,1596519367,1596519326,41
2020/8/4 12:35,1596519307,1596519296,11
2020/8/4 12:34,1596519247,1596519154,93
2020/8/4 12:33,1596519187,1596519154,33
2020/8/4 12:32,1596519127,1596519042,85
2020/8/4 12:31,1596519067,1596519042,25
2020/8/4 12:30,1596519007,1596518999,8
2020/8/4 12:29,1596518947,1596518929,18
2020/8/4 12:28,1596518887,1596518859,28
2020/8/4 12:27,1596518827,1596518798,29
2020/8/4 12:26,1596518767,1596518717,50
2020/8/4 12:25,1596518707,1596518687,20
2020/8/4 12:24,1596518647,1596518575,72
2020/8/4 12:23,1596518587,1596518575,12
2020/8/4 12:22,1596518527,1596518504,23
2020/8/4 12:21,1596518467,1596518463,4
2020/8/4 12:20,1596518407,1596518383,24
2020/8/4 12:19,1596518347,1596518342,5
2020/8/4 12:18,1596518287,1596518271,16
2020/8/4 12:17,1596518227,1596518200,27
2020/8/4 12:16,1596518167,1596518128,39
2020/8/4 12:15,1596518107,1596518088,19
2020/8/4 12:14,1596518047,1596518041,6
2020/8/4 12:13,1596517987,1596517925,62
2020/8/4 12:12,1596517927,1596517925,2
2020/8/4 12:11,1596517867,1596517865,2
2020/8/4 12:10,1596517807,1596517798,9
2020/8/4 12:09,1596517747,1596517735,12
2020/8/4 12:08,1596517687,1596517611,76
2020/8/4 12:07,1596517627,1596517611,16
2020/8/4 12:06,1596517567,1596517542,25
2020/8/4 12:05,1596517507,1596517502,5
2020/8/4 12:04,1596517447,1596517398,49
2020/8/4 12:03,1596517387,1596517306,81
2020/8/4 12:02,1596517327,1596517306,21
2020/8/4 12:01,1596517267,1596517266,1
2020/8/4 12:00,1596517207,1596517163,44
2020/8/4 11:59,1596517147,1596517145,2
2020/8/4 11:58,1596517087,1596517003,84
2020/8/4 11:57,1596517027,1596517003,24
2020/8/4 11:56,1596516967,1596516921,46
2020/8/4 11:55,1596516907,1596516880,27
2020/8/4 11:54,1596516847,1596516810,37
2020/8/4 11:53,1596516787,1596516779,8
2020/8/4 11:52,1596516727,1596516719,8
2020/8/4 11:51,1596516667,1596516666,1
2020/8/4 11:50,1596516607,1596516607,0
2020/8/4 11:49,1596516547,1596516536,11
2020/8/4 11:48,1596516487,1596516443,44
2020/8/4 11:47,1596516427,1596516426,1
2020/8/4 11:46,1596516367,1596516367,0
2020/8/4 11:45,1596516307,1596516231,76
2020/8/4 11:44,1596516247,1596516231,16
2020/8/4 11:43,1596516187,1596516180,7
2020/8/4 11:42,1596516127,1596516110,17
2020/8/4 11:41,1596516067,1596516058,9
2020/8/4 11:40,1596516007,1596516003,4
2020/8/4 11:39,1596515947,1596515947,0
2020/8/4 11:38,1596515887,1596515846,41
2020/8/4 11:37,1596515827,1596515818,9
2020/8/4 11:36,1596515767,1596515734,33
2020/8/4 11:35,1596515707,1596515663,44
2020/8/4 11:34,1596515647,1596515601,46
2020/8/4 11:33,1596515587,1596515587,0
2020/8/4 11:32,1596515527,1596515527,0
2020/8/4 11:31,1596515467,1596515410,57
2020/8/4 11:30,1596515407,1596515349,58
2020/8/4 11:29,1596515347,1596515288,59
2020/8/4 11:28,1596515287,1596515238,49
2020/8/4 11:27,1596515227,1596515217,10
2020/8/4 11:26,1596515167,1596515142,25
2020/8/4 11:25,1596515107,1596515065,42
2020/8/4 11:24,1596515047,1596515039,8
2020/8/4 11:23,1596514987,1596514944,43
2020/8/4 11:22,1596514927,1596514927,0
2020/8/4 11:21,1596514867,1596514861,6
2020/8/4 11:20,1596514807,1596514750,57
2020/8/4 11:19,1596514747,1596514740,7
2020/8/4 11:18,1596514687,1596514669,18
2020/8/4 11:17,1596514627,1596514597,30
2020/8/4 11:16,1596514567,1596514568,-1
2020/8/4 11:15,1596514507,1596514496,11
2020/8/4 11:14,1596514447,1596514435,12
2020/8/4 11:13,1596514387,1596514381,6
2020/8/4 11:12,1596514327,1596514271,56
2020/8/4 11:11,1596514267,1596514263,4
2020/8/4 11:10,1596514207,1596514202,5
2020/8/4 11:09,1596514147,1596514134,13
2020/8/4 11:08,1596514087,1596514058,29
2020/8/4 11:07,1596514027,1596513939,88
2020/8/4 11:06,1596513967,1596513939,28
2020/8/4 11:05,1596513907,1596513735,172
2020/8/4 11:04,1596513847,1596513735,112
2020/8/4 11:03,1596513787,1596513735,52
2020/8/4 11:02,1596513727,1596513603,124
2020/8/4 11:01,1596513667,1596513603,64
2020/8/4 11:00,1596513607,1596513603,4
2020/8/4 10:59,1596513547,1596513544,3
2020/8/4 10:58,1596513487,1596513400,87
2020/8/4 10:57,1596513427,1596513400,27
2020/8/4 10:56,1596513367,1596513340,27
2020/8/4 10:55,1596513307,1596513293,14
2020/8/4 10:54,1596513247,1596513238,9
2020/8/4 10:53,1596513187,1596513177,10
2020/8/4 10:52,1596513127,1596513076,51
2020/8/4 10:51,1596513067,1596513025,42
2020/8/4 10:50,1596513007,1596512990,17
2020/8/4 10:49,1596512947,1596512925,22
2020/8/4 10:48,1596512887,1596512888,-1
2020/8/4 10:47,1596512827,1596512821,6
2020/8/4 10:46,1596512767,1596512742,25
2020/8/4 10:45,1596512707,1596512659,48
2020/8/4 10:44,1596512647,1596512619,28
2020/8/4 10:43,1596512587,1596512551,36
2020/8/4 10:42,1596512527,1596512497,30
2020/8/4 10:41,1596512467,1596512406,61
2020/8/4 10:40,1596512407,1596512406,1
2020/8/4 10:39,1596512347,1596512335,12
2020/8/4 10:38,1596512287,1596512277,10
2020/8/4 10:37,1596512227,1596512202,25
2020/8/4 10:36,1596512167,1596512148,19
2020/8/4 10:35,1596512107,1596512092,15
2020/8/4 10:34,1596512047,1596512046,1
2020/8/4 10:33,1596511987,1596511982,5
2020/8/4 10:32,1596511927,1596511858,69
2020/8/4 10:31,1596511867,1596511858,9
2020/8/4 10:30,1596511807,1596511767,40
2020/8/4 10:29,1596511747,1596511676,71
2020/8/4 10:28,1596511687,1596511676,11
2020/8/4 10:27,1596511627,1596511574,53
2020/8/4 10:26,1596511567,1596511541,26
2020/8/4 10:25,1596511507,1596511444,63
2020/8/4 10:24,1596511447,1596511444,3
2020/8/4 10:23,1596511387,1596511325,62
2020/8/4 10:22,1596511327,1596511325,2
2020/8/4 10:21,1596511267,1596511239,28
2020/8/4 10:20,1596511207,1596511178,29
2020/8/4 10:19,1596511147,1596511137,10
2020/8/4 10:18,1596511087,1596511085,2
2020/8/4 10:17,1596511027,1596511017,10
2020/8/4 10:16,1596510967,1596510945,22
2020/8/4 10:15,1596510907,1596510884,23
2020/8/4 10:14,1596510847,1596510834,13
2020/8/4 10:13,1596510787,1596510742,45
2020/8/4 10:12,1596510727,1596510671,56
2020/8/4 10:11,1596510667,1596510607,60
2020/8/4 10:10,1596510607,1596510607,0
2020/8/4 10:09,1596510547,1596510529,18
2020/8/4 10:08,1596510487,1596510401,86
2020/8/4 10:07,1596510427,1596510401,26
2020/8/4 10:06,1596510367,1596510306,61
2020/8/4 10:05,1596510307,1596510306,1
2020/8/4 10:04,1596510247,1596510182,65
2020/8/4 10:03,1596510187,1596510182,5
2020/8/4 10:02,1596510127,1596510083,44
2020/8/4 10:01,1596510067,1596510045,22
2020/8/4 10:00,1596510007,1596509960,47
2020/8/4 09:59,1596509947,1596509880,67
2020/8/4 09:58,1596509887,1596509880,7
2020/8/4 09:57,1596509827,1596509819,8
2020/8/4 09:56,1596509767,1596509727,40
2020/8/4 09:55,1596509707,1596509686,21
2020/8/4 09:54,1596509647,1596509629,18
2020/8/4 09:53,1596509587,1596509575,12
2020/8/4 09:52,1596509527,1596509502,25
2020/8/4 09:51,1596509467,1596509463,4
2020/8/4 09:50,1596509407,1596509392,15
2020/8/4 09:49,1596509347,1596509210,137
2020/8/4 09:48,1596509287,1596509210,77
2020/8/4 09:47,1596509227,1596509210,17
2020/8/4 09:46,1596509167,1596509139,28
2020/8/4 09:45,1596509107,1596509108,-1
2020/8/4 09:44,1596509047,1596509037,10
2020/8/4 09:43,1596508987,1596508988,-1
2020/8/4 09:42,1596508927,1596508894,33
2020/8/4 09:41,1596508867,1596508854,13
2020/8/4 09:40,1596508807,1596508783,24
2020/8/4 09:39,1596508747,1596508711,36
2020/8/4 09:38,1596508687,1596508686,1
2020/8/4 09:37,1596508627,1596508590,37
2020/8/4 09:36,1596508567,1596508514,53
2020/8/4 09:35,1596508507,1596508498,9
2020/8/4 09:34,1596508447,1596508417,30
2020/8/4 09:33,1596508387,1596508387,0
2020/8/4 09:32,1596508327,1596508325,2
2020/8/4 09:31,1596508267,1596508204,63
2020/8/4 09:30,1596508207,1596508204,3
2020/8/4 09:29,1596508147,1596508103,44
2020/8/4 09:28,1596508087,1596508082,5
2020/8/4 09:27,1596508027,1596507981,46
2020/8/4 09:26,1596507967,1596507920,47
2020/8/4 09:25,1596507907,1596507879,28
2020/8/4 09:24,1596507847,1596507828,19
2020/8/4 09:23,1596507787,1596507747,40
2020/8/4 09:22,1596507727,1596507714,13
2020/8/4 09:21,1596507667,1596507646,21
2020/8/4 09:20,1596507607,1596507575,32
2020/8/4 09:19,1596507547,1596507544,3
2020/8/4 09:18,1596507487,1596507473,14
2020/8/4 09:17,1596507427,1596507392,35
2020/8/4 09:16,1596507367,1596507321,46
2020/8/4 09:15,1596507307,1596507249,58
2020/8/4 09:14,1596507247,1596507219,28
2020/8/4 09:13,1596507187,1596507168,19
2020/8/4 09:12,1596507127,1596507106,21
2020/8/4 09:11,1596507067,1596507066,1
2020/8/4 09:10,1596507007,1596507003,4
2020/8/4 09:09,1596506947,1596506931,16
2020/8/4 09:08,1596506887,1596506818,69
2020/8/4 09:07,1596506827,1596506818,9
2020/8/4 09:06,1596506767,1596506746,21
2020/8/4 09:05,1596506707,1596506675,32
2020/8/4 09:04,1596506647,1596506625,22
2020/8/4 09:03,1596506587,1596506572,15
2020/8/4 09:02,1596506527,1596506490,37
2020/8/4 09:01,1596506467,1596506449,18
2020/8/4 09:00,1596506407,1596506371,36
2020/8/4 08:59,1596506347,1596506347,0
2020/8/4 08:58,1596506287,1596506277,10
2020/8/4 08:57,1596506227,1596506193,34
2020/8/4 08:56,1596506167,1596506167,0
2020/8/4 08:55,1596506107,1596506063,44
2020/8/4 08:54,1596506047,1596506023,24
2020/8/4 08:53,1596505987,1596505982,5
2020/8/4 08:52,1596505927,1596505881,46
2020/8/4 08:51,1596505867,1596505789,78
2020/8/4 08:50,1596505807,1596505789,18
2020/8/4 08:49,1596505747,1596505729,18
2020/8/4 08:48,1596505687,1596505627,60
2020/8/4 08:47,1596505627,1596505627,0
2020/8/4 08:46,1596505567,1596505556,11
2020/8/4 08:45,1596505507,1596505414,93
2020/8/4 08:44,1596505447,1596505414,33
2020/8/4 08:43,1596505387,1596505302,85
2020/8/4 08:42,1596505327,1596505302,25
2020/8/4 08:41,1596505267,1596505190,77
2020/8/4 08:40,1596505207,1596505190,17
2020/8/4 08:39,1596505147,1596505078,69
2020/8/4 08:38,1596505087,1596505078,9
2020/8/4 08:37,1596505027,1596505027,0
2020/8/4 08:36,1596504967,1596504936,31
2020/8/4 08:35,1596504907,1596504855,52
2020/8/4 08:34,1596504847,1596504794,53
2020/8/4 08:33,1596504787,1596504722,65
2020/8/4 08:32,1596504727,1596504722,5
2020/8/4 08:31,1596504667,1596504631,36
2020/8/4 08:30,1596504607,1596504571,36
2020/8/4 08:29,1596504547,1596504513,34
2020/8/4 08:28,1596504487,1596504459,28
2020/8/4 08:27,1596504427,1596504406,21
2020/8/4 08:26,1596504367,1596504345,22
2020/8/4 08:25,1596504307,1596504290,17
2020/8/4 08:24,1596504247,1596504231,16
2020/8/4 08:23,1596504187,1596504156,31
2020/8/4 08:22,1596504127,1596503998,129
2020/8/4 08:21,1596504067,1596503998,69
2020/8/4 08:20,1596504007,1596503998,9
2020/8/4 08:19,1596503947,1596503945,2
2020/8/4 08:18,1596503887,1596503863,24
2020/8/4 08:17,1596503827,1596503813,14
2020/8/4 08:16,1596503767,1596503741,26
2020/8/4 08:15,1596503707,1596503707,0
2020/8/4 08:14,1596503647,1596503630,17
2020/8/4 08:13,1596503587,1596503518,69
2020/8/4 08:12,1596503527,1596503518,9
2020/8/4 08:11,1596503467,1596503444,23
2020/8/4 08:10,1596503407,1596503407,0
2020/8/4 08:09,1596503347,1596503347,0
2020/8/4 08:08,1596503287,1596503242,45
2020/8/4 08:07,1596503227,1596503211,16
2020/8/4 08:06,1596503167,1596503162,5
2020/8/4 08:05,1596503107,1596503057,50
2020/8/4 08:04,1596503047,1596503047,0
2020/8/4 08:03,1596502987,1596502955,32
2020/8/4 08:02,1596502927,1596502924,3
2020/8/4 08:01,1596502867,1596502867,0
2020/8/4 08:00,1596502807,1596502670,137
2020/8/4 07:59,1596502747,1596502670,77
2020/8/4 07:58,1596502687,1596502670,17
2020/8/4 07:57,1596502627,1596502628,-1
2020/8/4 07:56,1596502567,1596502562,5
2020/8/4 07:55,1596502507,1596502376,131
2020/8/4 07:54,1596502447,1596502376,71
2020/8/4 07:53,1596502387,1596502376,11
2020/8/4 07:52,1596502327,1596502315,12
2020/8/4 07:51,1596502267,1596502265,2
2020/8/4 07:50,1596502207,1596502193,14
2020/8/4 07:49,1596502147,1596502107,40
2020/8/4 07:48,1596502087,1596502001,86
2020/8/4 07:47,1596502027,1596502001,26
2020/8/4 07:46,1596501967,1596501950,17
2020/8/4 07:45,1596501907,1596501850,57
2020/8/4 07:44,1596501847,1596501842,5
2020/8/4 07:43,1596501787,1596501747,40
2020/8/4 07:42,1596501727,1596501665,62
2020/8/4 07:41,1596501667,1596501665,2
2020/8/4 07:40,1596501607,1596501561,46
2020/8/4 07:39,1596501547,1596501547,0
2020/8/4 07:38,1596501487,1596501401,86
2020/8/4 07:37,1596501427,1596501401,26
2020/8/4 07:36,1596501367,1596501351,16
2020/8/4 07:35,1596501307,1596501290,17
2020/8/4 07:34,1596501247,1596501240,7
2020/8/4 07:33,1596501187,1596501188,-1
2020/8/4 07:32,1596501127,1596501118,9
2020/8/4 07:31,1596501067,1596501057,10
2020/8/4 07:30,1596501007,1596500966,41
2020/8/4 07:29,1596500947,1596500934,13
2020/8/4 07:28,1596500887,1596500850,37
2020/8/4 07:27,1596500827,1596500824,3
2020/8/4 07:26,1596500767,1596500760,7
2020/8/4 07:25,1596500707,1596500651,56
2020/8/4 07:24,1596500647,1596500641,6
2020/8/4 07:23,1596500587,1596500520,67
2020/8/4 07:22,1596500527,1596500520,7
2020/8/4 07:21,1596500467,1596500419,48
2020/8/4 07:20,1596500407,1596500398,9
2020/8/4 07:19,1596500347,1596500296,51
2020/8/4 07:18,1596500287,1596500278,9
2020/8/4 07:17,1596500227,1596500185,42
2020/8/4 07:16,1596500167,1596500154,13
2020/8/4 07:15,1596500107,1596500042,65
2020/8/4 07:14,1596500047,1596500042,5
2020/8/4 07:13,1596499987,1596499931,56
2020/8/4 07:12,1596499927,1596499882,45
2020/8/4 07:11,1596499867,1596499853,14
2020/8/4 07:10,1596499807,1596499719,88
2020/8/4 07:09,1596499747,1596499719,28
2020/8/4 07:08,1596499687,1596498941,746
2020/8/4 07:07,1596499627,1596498941,686
2020/8/4 07:06,1596499567,1596498941,626
2020/8/4 07:05,1596499507,1596498941,566
2020/8/4 07:04,1596499447,1596498941,506
2020/8/4 07:03,1596499387,1596498941,446
2020/8/4 07:02,1596499327,1596498941,386
2020/8/4 07:01,1596499267,1596498941,326
2020/8/4 07:00,1596499207,1596498941,266
2020/8/4 06:59,1596499147,1596498941,206
2020/8/4 06:58,1596499087,1596498941,146
2020/8/4 06:57,1596499027,1596498941,86
2020/8/4 06:56,1596498967,1596498941,26
2020/8/4 06:55,1596498907,1596498865,42
2020/8/4 06:54,1596498847,1596498847,0
2020/8/4 06:53,1596498787,1596498755,32
2020/8/4 06:52,1596498727,1596498593,134
2020/8/4 06:51,1596498667,1596498593,74
2020/8/4 06:50,1596498607,1596498593,14
2020/8/4 06:49,1596498547,1596498299,248
2020/8/4 06:48,1596498487,1596498299,188
2020/8/4 06:47,1596498427,1596498299,128
2020/8/4 06:46,1596498367,1596498299,68
2020/8/4 06:45,1596498307,1596498299,8
2020/8/4 06:44,1596498247,1596498109,138
2020/8/4 06:43,1596498187,1596498109,78
2020/8/4 06:42,1596498127,1596498109,18
2020/8/4 06:41,1596498067,1596498066,1
2020/8/4 06:40,1596498007,1596497924,83
2020/8/4 06:39,1596497947,1596497924,23
2020/8/4 06:38,1596497887,1596497812,75
2020/8/4 06:37,1596497827,1596497812,15
2020/8/4 06:36,1596497767,1596497762,5
2020/8/4 06:35,1596497707,1596497681,26
2020/8/4 06:34,1596497647,1596497640,7
2020/8/4 06:33,1596497587,1596497586,1
2020/8/4 06:32,1596497527,1596497478,49
2020/8/4 06:31,1596497467,1596497345,122
2020/8/4 06:30,1596497407,1596497345,62
2020/8/4 06:29,1596497347,1596497345,2
2020/8/4 06:28,1596497287,1596497284,3
2020/8/4 06:27,1596497227,1596497142,85
2020/8/4 06:26,1596497167,1596497142,25
2020/8/4 06:25,1596497108,1596497060,48
2020/8/4 06:24,1596497047,1596497040,7
2020/8/4 06:23,1596496987,1596496929,58
2020/8/4 06:22,1596496927,1596496898,29
2020/8/4 06:21,1596496867,1596496868,-1
2020/8/4 06:20,1596496807,1596496796,11
2020/8/4 06:19,1596496747,1596496726,21
2020/8/4 06:18,1596496687,1596496604,83
2020/8/4 06:17,1596496627,1596496604,23
2020/8/4 06:16,1596496567,1596496479,88
2020/8/4 06:15,1596496507,1596496479,28
2020/8/4 06:14,1596496447,1596496442,5
2020/8/4 06:13,1596496387,1596496350,37
2020/8/4 06:12,1596496327,1596496268,59
2020/8/4 06:11,1596496267,1596496268,-1
2020/8/4 06:10,1596496207,1596496207,0
2020/8/4 06:09,1596496147,1596496133,14
2020/8/4 06:08,1596496087,1596496076,11
2020/8/4 06:07,1596496027,1596495953,74
2020/8/4 06:06,1596495967,1596495953,14
2020/8/4 06:05,1596495907,1596495903,4
2020/8/4 06:04,1596495847,1596495822,25
2020/8/4 06:03,1596495787,1596495669,118
2020/8/4 06:02,1596495727,1596495669,58
2020/8/4 06:01,1596495667,1596495609,58
2020/8/4 06:00,1596495607,1596495557,50
2020/8/4 05:59,1596495547,1596495477,70
2020/8/4 05:58,1596495487,1596495477,10
2020/8/4 05:57,1596495427,1596495416,11
2020/8/4 05:56,1596495367,1596495334,33
2020/8/4 05:55,1596495307,1596495283,24
2020/8/4 05:54,1596495247,1596495241,6
2020/8/4 05:53,1596495187,1596495090,97
2020/8/4 05:52,1596495127,1596495090,37
2020/8/4 05:51,1596495067,1596495009,58
2020/8/4 05:50,1596495007,1596494938,69
2020/8/4 05:49,1596494947,1596494938,9
2020/8/4 05:48,1596494887,1596494855,32
2020/8/4 05:47,1596494827,1596494777,50
2020/8/4 05:46,1596494767,1596494736,31
2020/8/4 05:45,1596494707,1596494695,12
2020/8/4 05:44,1596494647,1596494648,-1
2020/8/4 05:43,1596494587,1596494581,6
2020/8/4 05:42,1596494527,1596494482,45
2020/8/4 05:41,1596494467,1596494446,21
2020/8/4 05:40,1596494407,1596494380,27
2020/8/4 05:39,1596494347,1596494330,17
2020/8/4 05:38,1596494287,1596494249,38
2020/8/4 05:37,1596494227,1596494167,60
2020/8/4 05:36,1596494167,1596494167,0
2020/8/4 05:35,1596494107,1596494076,31
2020/8/4 05:34,1596494047,1596494047,0
2020/8/4 05:33,1596493987,1596493955,32
2020/8/4 05:32,1596493927,1596493926,1
2020/8/4 05:31,1596493867,1596493862,5
2020/8/4 05:30,1596493807,1596493781,26
2020/8/4 05:29,1596493747,1596493742,5
2020/8/4 05:28,1596493687,1596493599,88
2020/8/4 05:27,1596493627,1596493599,28
2020/8/4 05:26,1596493567,1596493548,19
2020/8/4 05:25,1596493507,1596493507,0
2020/8/4 05:24,1596493447,1596493446,1
2020/8/4 05:23,1596493387,1596493385,2
2020/8/4 05:22,1596493327,1596493313,14
2020/8/4 05:21,1596493267,1596493253,14
2020/8/4 05:20,1596493207,1596493201,6
2020/8/4 05:19,1596493147,1596493147,0
2020/8/4 05:18,1596493087,1596493075,12
2020/8/4 05:17,1596493027,1596493019,8
2020/8/4 05:16,1596492967,1596492957,10
2020/8/4 05:15,1596492907,1596492887,20
2020/8/4 05:14,1596492847,1596492825,22
2020/8/4 05:13,1596492787,1596492783,4
2020/8/4 05:12,1596492727,1596492694,33
2020/8/4 05:11,1596492667,1596492522,145
2020/8/4 05:10,1596492607,1596492522,85
2020/8/4 05:09,1596492547,1596492522,25
2020/8/4 05:08,1596492487,1596492481,6
2020/8/4 05:07,1596492427,1596492379,48
2020/8/4 05:06,1596492367,1596492329,38
2020/8/4 05:05,1596492307,1596492304,3
2020/8/4 05:04,1596492247,1596492170,77
2020/8/4 05:03,1596492187,1596492170,17
2020/8/4 05:02,1596492127,1596492085,42
2020/8/4 05:01,1596492067,1596492054,13
2020/8/4 05:00,1596492007,1596491993,14
2020/8/4 04:59,1596491947,1596491936,11
2020/8/4 04:58,1596491887,1596491882,5
2020/8/4 04:57,1596491827,1596491806,21
2020/8/4 04:56,1596491767,1596491740,27
2020/8/4 04:55,1596491707,1596491659,48
2020/8/4 04:54,1596491647,1596491645,2
2020/8/4 04:53,1596491587,1596491568,19
2020/8/4 04:52,1596491527,1596491507,20
2020/8/4 04:51,1596491467,1596491439,28
2020/8/4 04:50,1596491407,1596491405,2
2020/8/4 04:49,1596491347,1596491335,12
2020/8/4 04:48,1596491287,1596491265,22
2020/8/4 04:47,1596491227,1596491226,1
2020/8/4 04:46,1596491167,1596491152,15
2020/8/4 04:45,1596491107,1596491094,13
2020/8/4 04:44,1596491047,1596491020,27
2020/8/4 04:43,1596490987,1596490987,0
2020/8/4 04:42,1596490927,1596490919,8
2020/8/4 04:41,1596490867,1596490857,10
2020/8/4 04:40,1596490807,1596490756,51
2020/8/4 04:39,1596490747,1596490708,39
2020/8/4 04:38,1596490687,1596490687,0
2020/8/4 04:37,1596490627,1596490613,14
2020/8/4 04:36,1596490567,1596490501,66
2020/8/4 04:35,1596490507,1596490501,6
2020/8/4 04:34,1596490447,1596490440,7
2020/8/4 04:33,1596490387,1596490338,49
2020/8/4 04:32,1596490327,1596490277,50
2020/8/4 04:31,1596490267,1596490206,61
2020/8/4 04:30,1596490207,1596490206,1
2020/8/4 04:29,1596490147,1596490135,12
2020/8/4 04:28,1596490087,1596490075,12
2020/8/4 04:27,1596490027,1596490027,0
2020/8/4 04:26,1596489967,1596489922,45
2020/8/4 04:25,1596489907,1596489788,119
2020/8/4 04:24,1596489847,1596489788,59
2020/8/4 04:23,1596489787,1596489788,-1
2020/8/4 04:22,1596489727,1596489679,48
2020/8/4 04:21,1596489667,1596489665,2
2020/8/4 04:20,1596489607,1596489425,182
2020/8/4 04:19,1596489547,1596489425,122
2020/8/4 04:18,1596489487,1596489425,62
2020/8/4 04:17,1596489427,1596489425,2
2020/8/4 04:16,1596489367,1596489354,13
2020/8/4 04:15,1596489307,1596489273,34
2020/8/4 04:14,1596489247,1596489226,21
2020/8/4 04:13,1596489187,1596489141,46
2020/8/4 04:12,1596489127,1596489119,8
2020/8/4 04:11,1596489067,1596489050,17
2020/8/4 04:10,1596489007,1596488999,8
2020/8/4 04:09,1596488947,1596488878,69
2020/8/4 04:08,1596488887,1596488878,9
2020/8/4 04:07,1596488827,1596488804,23
2020/8/4 04:06,1596488767,1596488736,31
2020/8/4 04:05,1596488707,1596488674,33
2020/8/4 04:04,1596488647,1596488627,20
2020/8/4 04:03,1596488587,1596488570,17
2020/8/4 04:02,1596488527,1596488481,46
2020/8/4 04:01,1596488467,1596488465,2
2020/8/4 04:00,1596488407,1596488400,7
2020/8/4 03:59,1596488347,1596488308,39
2020/8/4 03:58,1596488287,1596488258,29
2020/8/4 03:57,1596488227,1596488217,10
2020/8/4 03:56,1596488167,1596488135,32
2020/8/4 03:55,1596488107,1596488075,32
2020/8/4 03:54,1596488047,1596487993,54
2020/8/4 03:53,1596487987,1596487978,9
2020/8/4 03:52,1596487927,1596487922,5
2020/8/4 03:51,1596487867,1596487861,6
2020/8/4 03:50,1596487807,1596487780,27
2020/8/4 03:49,1596487747,1596487668,79
2020/8/4 03:48,1596487687,1596487668,19
2020/8/4 03:47,1596487627,1596487617,10
2020/8/4 03:46,1596487567,1596487566,1
2020/8/4 03:45,1596487507,1596487455,52
2020/8/4 03:44,1596487447,1596487403,44
2020/8/4 03:43,1596487387,1596487383,4
2020/8/4 03:42,1596487327,1596487313,14
2020/8/4 03:41,1596487267,1596487180,87
2020/8/4 03:40,1596487207,1596487180,27
2020/8/4 03:39,1596487147,1596487130,17
2020/8/4 03:38,1596487087,1596487018,69
2020/8/4 03:37,1596487027,1596487018,9
2020/8/4 03:36,1596486967,1596486963,4
2020/8/4 03:35,1596486907,1596486855,52
2020/8/4 03:34,1596486847,1596486842,5
2020/8/4 03:33,1596486787,1596486592,195
2020/8/4 03:32,1596486727,1596486592,135
2020/8/4 03:31,1596486667,1596486592,75
2020/8/4 03:30,1596486607,1596486592,15
2020/8/4 03:29,1596486547,1596486520,27
2020/8/4 03:28,1596486487,1596486469,18
2020/8/4 03:27,1596486427,1596486368,59
2020/8/4 03:26,1596486367,1596486367,0
2020/8/4 03:25,1596486307,1596486226,81
2020/8/4 03:24,1596486247,1596486226,21
2020/8/4 03:23,1596486187,1596486123,64
2020/8/4 03:22,1596486127,1596486123,4
2020/8/4 03:21,1596486067,1596486015,52
2020/8/4 03:20,1596486007,1596486003,4
2020/8/4 03:19,1596485947,1596485942,5
2020/8/4 03:18,1596485887,1596485848,39
2020/8/4 03:17,1596485827,1596485747,80
2020/8/4 03:16,1596485767,1596485747,20
2020/8/4 03:15,1596485707,1596485708,-1
2020/8/4 03:14,1596485647,1596485645,2
2020/8/4 03:13,1596485587,1596485545,42
2020/8/4 03:12,1596485527,1596485504,23
2020/8/4 03:11,1596485467,1596485455,12
2020/8/4 03:10,1596485407,1596485332,75
2020/8/4 03:09,1596485347,1596485332,15
2020/8/4 03:08,1596485287,1596485287,0
2020/8/4 03:07,1596485227,1596485199,28
2020/8/4 03:06,1596485167,1596485149,18
2020/8/4 03:05,1596485107,1596485100,7
2020/8/4 03:04,1596485047,1596485021,26
2020/8/4 03:03,1596484987,1596484884,103
2020/8/4 03:02,1596484927,1596484884,43
2020/8/4 03:01,1596484867,1596484783,84
2020/8/4 03:00,1596484807,1596484783,24
2020/8/4 02:59,1596484747,1596484742,5
2020/8/4 02:58,1596484687,1596484671,16
2020/8/4 02:57,1596484627,1596484574,53
2020/8/4 02:56,1596484567,1596484519,48
2020/8/4 02:55,1596484507,1596484457,50
2020/8/4 02:54,1596484447,1596484406,41
2020/8/4 02:53,1596484387,1596484371,16
2020/8/4 02:52,1596484327,1596484325,2
2020/8/4 02:51,1596484267,1596484234,33
2020/8/4 02:50,1596484207,1596484182,25
2020/8/4 02:49,1596484147,1596484132,15
2020/8/4 02:48,1596484087,1596484049,38
2020/8/4 02:47,1596484027,1596484010,17
2020/8/4 02:46,1596483967,1596483939,28
2020/8/4 02:45,1596483907,1596483888,19
2020/8/4 02:44,1596483847,1596483846,1
2020/8/4 02:43,1596483787,1596483766,21
2020/8/4 02:42,1596483727,1596483718,9
2020/8/4 02:41,1596483667,1596483634,33
2020/8/4 02:40,1596483607,1596483512,95
2020/8/4 02:39,1596483547,1596483512,35
2020/8/4 02:38,1596483487,1596483473,14
2020/8/4 02:37,1596483427,1596483421,6
2020/8/4 02:36,1596483367,1596483357,10
2020/8/4 02:35,1596483307,1596483304,3
2020/8/4 02:34,1596483247,1596483247,0
2020/8/4 02:33,1596483187,1596483187,0
2020/8/4 02:32,1596483127,1596483126,1
2020/8/4 02:31,1596483067,1596483068,-1
2020/8/4 02:30,1596483007,1596483004,3
2020/8/4 02:29,1596482947,1596482923,24
2020/8/4 02:28,1596482887,1596482887,0
2020/8/4 02:27,1596482827,1596482823,4
2020/8/4 02:26,1596482767,1596482757,10
2020/8/4 02:25,1596482707,1596482707,0
2020/8/4 02:24,1596482647,1596482639,8
2020/8/4 02:23,1596482587,1596482536,51
2020/8/4 02:22,1596482527,1596482516,11
2020/8/4 02:21,1596482467,1596482394,73
2020/8/4 02:20,1596482407,1596482394,13
2020/8/4 02:19,1596482347,1596482313,34
2020/8/4 02:18,1596482287,1596482278,9
2020/8/4 02:17,1596482227,1596482171,56
2020/8/4 02:16,1596482167,1596482151,16
2020/8/4 02:15,1596482107,1596482070,37
2020/8/4 02:14,1596482047,1596482009,38
2020/8/4 02:13,1596481988,1596481918,70
2020/8/4 02:12,1596481927,1596481918,9
2020/8/4 02:11,1596481867,1596481863,4
2020/8/4 02:10,1596481807,1596481765,42
2020/8/4 02:09,1596481747,1596481725,22
2020/8/4 02:08,1596481687,1596481684,3
2020/8/4 02:07,1596481627,1596481623,4
2020/8/4 02:06,1596481567,1596481542,25
2020/8/4 02:05,1596481507,1596481481,26
2020/8/4 02:04,1596481447,1596481391,56
2020/8/4 02:03,1596481387,1596481339,48
2020/8/4 02:02,1596481327,1596481278,49
2020/8/4 02:01,1596481267,1596481252,15
2020/8/4 02:00,1596481207,1596481176,31
2020/8/4 01:59,1596481147,1596481075,72
2020/8/4 01:58,1596481087,1596481075,12
2020/8/4 01:57,1596481027,1596480943,84
2020/8/4 01:56,1596480967,1596480943,24
2020/8/4 01:55,1596480907,1596480902,5
2020/8/4 01:54,1596480847,1596480841,6
2020/8/4 01:53,1596480787,1596480785,2
2020/8/4 01:52,1596480727,1596480697,30
2020/8/4 01:51,1596480667,1596480668,-1
2020/8/4 01:50,1596480607,1596480589,18
2020/8/4 01:49,1596480547,1596480517,30
2020/8/4 01:48,1596480487,1596480484,3
2020/8/4 01:47,1596480427,1596480384,43
2020/8/4 01:46,1596480367,1596480356,11
2020/8/4 01:45,1596480307,1596480303,4
2020/8/4 01:44,1596480247,1596480211,36
2020/8/4 01:43,1596480187,1596480157,30
2020/8/4 01:42,1596480127,1596480099,28
2020/8/4 01:41,1596480067,1596480025,42
2020/8/4 01:40,1596480007,1596479974,33
2020/8/4 01:39,1596479947,1596479944,3
2020/8/4 01:38,1596479887,1596479845,42
2020/8/4 01:37,1596479827,1596479764,63
2020/8/4 01:36,1596479767,1596479764,3
2020/8/4 01:35,1596479707,1596479693,14
2020/8/4 01:34,1596479647,1596479633,14
2020/8/4 01:33,1596479587,1596479554,33
2020/8/4 01:32,1596479527,1596479480,47
2020/8/4 01:31,1596479467,1596479419,48
2020/8/4 01:30,1596479407,1596479347,60
2020/8/4 01:29,1596479347,1596479347,0
2020/8/4 01:28,1596479287,1596479236,51
2020/8/4 01:27,1596479227,1596479164,63
2020/8/4 01:26,1596479167,1596479164,3
2020/8/4 01:25,1596479107,1596479104,3
2020/8/4 01:24,1596479047,1596479041,6
2020/8/4 01:23,1596478987,1596478951,36
2020/8/4 01:22,1596478927,1596478890,37
2020/8/4 01:21,1596478867,1596478860,7
2020/8/4 01:20,1596478807,1596478768,39
2020/8/4 01:19,1596478747,1596478687,60
2020/8/4 01:18,1596478687,1596478687,0
2020/8/4 01:17,1596478627,1596478564,63
2020/8/4 01:16,1596478567,1596478564,3
2020/8/4 01:15,1596478507,1596478484,23
2020/8/4 01:14,1596478447,1596478392,55
2020/8/4 01:13,1596478387,1596478362,25
2020/8/4 01:12,1596478327,1596478278,49
2020/8/4 01:11,1596478267,1596478268,-1
2020/8/4 01:10,1596478207,1596478153,54
2020/8/4 01:09,1596478147,1596478127,20
2020/8/4 01:08,1596478087,1596478087,0
2020/8/4 01:07,1596478027,1596477995,32
2020/8/4 01:06,1596477967,1596477965,2
2020/8/4 01:05,1596477907,1596477903,4
2020/8/4 01:04,1596477847,1596477792,55
2020/8/4 01:03,1596477787,1596477751,36
2020/8/4 01:02,1596477727,1596477629,98
2020/8/4 01:01,1596477667,1596477629,38
2020/8/4 01:00,1596477607,1596477598,9
2020/8/4 00:59,1596477547,1596477547,0
2020/8/4 00:58,1596477487,1596477475,12
2020/8/4 00:57,1596477427,1596477405,22
2020/8/4 00:56,1596477367,1596477302,65
2020/8/4 00:55,1596477307,1596477302,5
2020/8/4 00:54,1596477247,1596477169,78
2020/8/4 00:53,1596477187,1596477169,18
2020/8/4 00:52,1596477127,1596477077,50
2020/8/4 00:51,1596477067,1596477047,20
2020/8/4 00:50,1596477007,1596476965,42
2020/8/4 00:49,1596476947,1596476940,7
2020/8/4 00:48,1596476887,1596476813,74
2020/8/4 00:47,1596476827,1596476813,14
2020/8/4 00:46,1596476767,1596476711,56
2020/8/4 00:45,1596476707,1596476620,87
2020/8/4 00:44,1596476647,1596476620,27
2020/8/4 00:43,1596476587,1596476547,40
2020/8/4 00:42,1596476527,1596476476,51
2020/8/4 00:41,1596476467,1596476404,63
2020/8/4 00:40,1596476407,1596476404,3
2020/8/4 00:39,1596476347,1596476322,25
2020/8/4 00:38,1596476287,1596476248,39
2020/8/4 00:37,1596476227,1596476221,6
2020/8/4 00:36,1596476167,1596476161,6
2020/8/4 00:35,1596476107,1596476098,9
2020/8/4 00:34,1596476047,1596476046,1
2020/8/4 00:33,1596475987,1596475987,0
2020/8/4 00:32,1596475927,1596475873,54
2020/8/4 00:31,1596475867,1596475843,24
2020/8/4 00:30,1596475807,1596475802,5
2020/8/4 00:29,1596475747,1596475745,2
2020/8/4 00:28,1596475687,1596475679,8
2020/8/4 00:27,1596475627,1596475607,20
2020/8/4 00:26,1596475567,1596475535,32
2020/8/4 00:25,1596475507,1596475474,33
2020/8/4 00:24,1596475447,1596475340,107
2020/8/4 00:23,1596475387,1596475340,47
2020/8/4 00:22,1596475327,1596475324,3
2020/8/4 00:21,1596475267,1596475245,22
2020/8/4 00:20,1596475207,1596475156,51
2020/8/4 00:19,1596475147,1596475033,114
2020/8/4 00:18,1596475087,1596475033,54
2020/8/4 00:17,1596475027,1596474993,34
2020/8/4 00:16,1596474967,1596474941,26
2020/8/4 00:15,1596474907,1596474880,27
2020/8/4 00:14,1596474847,1596474808,39
2020/8/4 00:13,1596474787,1596474786,1
2020/8/4 00:12,1596474727,1596474716,11
2020/8/4 00:11,1596474667,1596474666,1
2020/8/4 00:10,1596474607,1596474543,64
2020/8/4 00:09,1596474547,1596474543,4
2020/8/4 00:08,1596474487,1596474482,5
2020/8/4 00:07,1596474427,1596474403,24
2020/8/4 00:06,1596474367,1596474348,19
2020/8/4 00:05,1596474307,1596474279,28
2020/8/4 00:04,1596474247,1596474178,69
2020/8/4 00:03,1596474187,1596474178,9
2020/8/4 00:02,1596474127,1596474039,88
2020/8/4 00:01,1596474067,1596474039,28
2020/8/4 00:00,1596474007,1596474000,7
2020/8/3 23:59,1596473947,1596473898,49
2020/8/3 23:58,1596473887,1596473840,47
2020/8/3 23:57,1596473827,1596473799,28
2020/8/3 23:56,1596473767,1596473697,70
2020/8/3 23:55,1596473707,1596473697,10
2020/8/3 23:54,1596473647,1596473637,10
2020/8/3 23:53,1596473587,1596473575,12
2020/8/3 23:52,1596473527,1596473514,13
2020/8/3 23:51,1596473467,1596473443,24
2020/8/3 23:50,1596473407,1596473403,4
2020/8/3 23:49,1596473347,1596473328,19
2020/8/3 23:48,1596473287,1596473288,-1
2020/8/3 23:47,1596473227,1596473198,29
2020/8/3 23:46,1596473167,1596473164,3
2020/8/3 23:45,1596473107,1596473106,1
2020/8/3 23:44,1596473047,1596473031,16
2020/8/3 23:43,1596472987,1596472963,24
2020/8/3 23:42,1596472927,1596472860,67
2020/8/3 23:41,1596472867,1596472860,7
2020/8/3 23:40,1596472807,1596472769,38
2020/8/3 23:39,1596472747,1596472708,39
2020/8/3 23:38,1596472687,1596472677,10
2020/8/3 23:37,1596472627,1596472606,21
2020/8/3 23:36,1596472567,1596472555,12
2020/8/3 23:35,1596472507,1596472501,6
2020/8/3 23:34,1596472447,1596472417,30
2020/8/3 23:33,1596472387,1596472384,3
2020/8/3 23:32,1596472327,1596472239,88
2020/8/3 23:31,1596472267,1596472239,28
2020/8/3 23:30,1596472207,1596472188,19
2020/8/3 23:29,1596472147,1596472091,56
2020/8/3 23:28,1596472087,1596472046,41
2020/8/3 23:27,1596472027,1596472023,4
2020/8/3 23:26,1596471967,1596471964,3
2020/8/3 23:25,1596471907,1596471863,44
2020/8/3 23:24,1596471847,1596471842,5
2020/8/3 23:23,1596471787,1596471777,10
2020/8/3 23:22,1596471727,1596471659,68
2020/8/3 23:21,1596471667,1596471659,8
2020/8/3 23:20,1596471607,1596471598,9
2020/8/3 23:19,1596471547,1596471547,0
2020/8/3 23:18,1596471487,1596471485,2
2020/8/3 23:17,1596471427,1596471404,23
2020/8/3 23:16,1596471367,1596471367,0
2020/8/3 23:15,1596471307,1596471291,16
2020/8/3 23:14,1596471247,1596471219,28
2020/8/3 23:13,1596471187,1596471115,72
2020/8/3 23:12,1596471127,1596471115,12
2020/8/3 23:11,1596471067,1596471056,11
2020/8/3 23:10,1596471007,1596471003,4
2020/8/3 23:09,1596470947,1596470924,23
2020/8/3 23:08,1596470887,1596470887,0
2020/8/3 23:07,1596470828,1596470819,9
2020/8/3 23:06,1596470767,1596470751,16
2020/8/3 23:05,1596470707,1596470690,17
2020/8/3 23:04,1596470647,1596470629,18
2020/8/3 23:03,1596470587,1596470568,19
2020/8/3 23:02,1596470527,1596470527,0
2020/8/3 23:01,1596470467,1596470455,12
2020/8/3 23:00,1596470407,1596470402,5
2020/8/3 22:59,1596470347,1596470212,135
2020/8/3 22:58,1596470287,1596470212,75
2020/8/3 22:57,1596470227,1596470212,15
2020/8/3 22:56,1596470167,1596470025,142
2020/8/3 22:55,1596470107,1596470025,82
2020/8/3 22:54,1596470047,1596470025,22
2020/8/3 22:53,1596469987,1596469980,7
2020/8/3 22:52,1596469927,1596469804,123
2020/8/3 22:51,1596469867,1596469804,63
2020/8/3 22:50,1596469807,1596469804,3
2020/8/3 22:49,1596469747,1596469722,25
2020/8/3 22:48,1596469687,1596469681,6
2020/8/3 22:47,1596469627,1596469600,27
2020/8/3 22:46,1596469567,1596469498,69
2020/8/3 22:45,1596469507,1596469498,9
2020/8/3 22:44,1596469447,1596469335,112
2020/8/3 22:43,1596469387,1596469335,52
2020/8/3 22:42,1596469327,1596469325,2
2020/8/3 22:41,1596469267,1596469180,87
2020/8/3 22:40,1596469207,1596469180,27
2020/8/3 22:39,1596469147,1596469131,16
2020/8/3 22:38,1596469087,1596469083,4
2020/8/3 22:37,1596469027,1596469009,18
2020/8/3 22:36,1596468967,1596468949,18
2020/8/3 22:35,1596468907,1596468907,0
2020/8/3 22:34,1596468847,1596468795,52
2020/8/3 22:33,1596468787,1596468760,27
2020/8/3 22:32,1596468727,1596468723,4
2020/8/3 22:31,1596468667,1596468611,56
2020/8/3 22:30,1596468607,1596468571,36
2020/8/3 22:29,1596468547,1596468519,28
2020/8/3 22:28,1596468487,1596468479,8
2020/8/3 22:27,1596468427,1596468426,1
2020/8/3 22:26,1596468367,1596468337,30
2020/8/3 22:25,1596468307,1596468300,7
2020/8/3 22:24,1596468247,1596468181,66
2020/8/3 22:23,1596468187,1596468181,6
2020/8/3 22:22,1596468127,1596468113,14
2020/8/3 22:21,1596468067,1596468062,5
2020/8/3 22:20,1596468007,1596468007,0
2020/8/3 22:19,1596467947,1596467889,58
2020/8/3 22:18,1596467887,1596467787,100
2020/8/3 22:17,1596467827,1596467787,40
2020/8/3 22:16,1596467767,1596467696,71
2020/8/3 22:15,1596467707,1596467696,11
2020/8/3 22:14,1596467647,1596467647,0
2020/8/3 22:13,1596467587,1596467574,13
2020/8/3 22:12,1596467527,1596467462,65
2020/8/3 22:11,1596467467,1596467462,5
2020/8/3 22:10,1596467407,1596467381,26
2020/8/3 22:09,1596467347,1596467290,57
2020/8/3 22:08,1596467287,1596467177,110
2020/8/3 22:07,1596467227,1596467177,50
2020/8/3 22:06,1596467167,1596466964,203
2020/8/3 22:05,1596467107,1596466964,143
2020/8/3 22:04,1596467047,1596466964,83
2020/8/3 22:03,1596466987,1596466964,23
2020/8/3 22:02,1596466927,1596466835,92
2020/8/3 22:01,1596466868,1596466835,33
2020/8/3 22:00,1596466807,1596466802,5
2020/8/3 21:59,1596466747,1596466719,28
2020/8/3 21:58,1596466687,1596466577,110
2020/8/3 21:57,1596466627,1596466577,50
2020/8/3 21:56,1596466567,1596466513,54
2020/8/3 21:55,1596466507,1596466486,21
2020/8/3 21:54,1596466447,1596466394,53
2020/8/3 21:53,1596466387,1596466364,23
2020/8/3 21:52,1596466328,1596466279,49
2020/8/3 21:51,1596466267,1596466242,25
2020/8/3 21:50,1596466207,1596466182,25
2020/8/3 21:49,1596466147,1596466129,18
2020/8/3 21:48,1596466087,1596466079,8
2020/8/3 21:47,1596466027,1596466007,20
2020/8/3 21:46,1596465967,1596465967,0
2020/8/3 21:45,1596465907,1596465905,2
2020/8/3 21:44,1596465847,1596465844,3
2020/8/3 21:43,1596465787,1596465787,0
2020/8/3 21:42,1596465727,1596465712,15
2020/8/3 21:41,1596465667,1596465650,17
2020/8/3 21:40,1596465607,1596465599,8
2020/8/3 21:39,1596465547,1596465518,29
2020/8/3 21:38,1596465487,1596465426,61
2020/8/3 21:37,1596465427,1596465426,1
2020/8/3 21:36,1596465367,1596465264,103
2020/8/3 21:35,1596465307,1596465264,43
2020/8/3 21:34,1596465247,1596465200,47
2020/8/3 21:33,1596465187,1596465184,3
2020/8/3 21:32,1596465127,1596465101,26
2020/8/3 21:31,1596465067,1596465057,10
2020/8/3 21:30,1596465007,1596464993,14
2020/8/3 21:29,1596464947,1596464938,9
2020/8/3 21:28,1596464887,1596464887,0
2020/8/3 21:27,1596464827,1596464822,5
2020/8/3 21:26,1596464767,1596464757,10
2020/8/3 21:25,1596464707,1596464663,44
2020/8/3 21:24,1596464647,1596464613,34
2020/8/3 21:23,1596464587,1596464577,10
2020/8/3 21:22,1596464527,1596464489,38
2020/8/3 21:21,1596464467,1596464459,8
2020/8/3 21:20,1596464407,1596464377,30
2020/8/3 21:19,1596464347,1596464347,0
2020/8/3 21:18,1596464287,1596464271,16
2020/8/3 21:17,1596464227,1596464224,3
2020/8/3 21:16,1596464168,1596464154,14
2020/8/3 21:15,1596464107,1596464104,3
2020/8/3 21:14,1596464047,1596464037,10
2020/8/3 21:13,1596463987,1596463950,37
2020/8/3 21:12,1596463927,1596463909,18
2020/8/3 21:11,1596463867,1596463848,19
2020/8/3 21:10,1596463807,1596463807,0
2020/8/3 21:09,1596463747,1596463726,21
2020/8/3 21:08,1596463687,1596463681,6
2020/8/3 21:07,1596463627,1596463603,24
2020/8/3 21:06,1596463567,1596463563,4
2020/8/3 21:05,1596463507,1596463461,46
2020/8/3 21:04,1596463447,1596463441,6
2020/8/3 21:03,1596463387,1596463379,8
2020/8/3 21:02,1596463327,1596463287,40
2020/8/3 21:01,1596463267,1596463259,8
2020/8/3 21:00,1596463207,1596463144,63
2020/8/3 20:59,1596463147,1596463144,3
2020/8/3 20:58,1596463087,1596463053,34
2020/8/3 20:57,1596463027,1596462982,45
2020/8/3 20:56,1596462967,1596462921,46
2020/8/3 20:55,1596462907,1596462870,37
2020/8/3 20:54,1596462847,1596462836,11
2020/8/3 20:53,1596462787,1596462785,2
2020/8/3 20:52,1596462727,1596462726,1
2020/8/3 20:51,1596462667,1596462647,20
2020/8/3 20:50,1596462607,1596462605,2
2020/8/3 20:49,1596462547,1596462534,13
2020/8/3 20:48,1596462487,1596462484,3
2020/8/3 20:47,1596462427,1596462403,24
2020/8/3 20:46,1596462367,1596462351,16
2020/8/3 20:45,1596462307,1596462219,88
2020/8/3 20:44,1596462247,1596462219,28
2020/8/3 20:43,1596462187,1596462179,8
2020/8/3 20:42,1596462127,1596462126,1
2020/8/3 20:41,1596462067,1596462061,6
2020/8/3 20:40,1596462007,1596461995,12
2020/8/3 20:39,1596461947,1596461923,24
2020/8/3 20:38,1596461887,1596461880,7
2020/8/3 20:37,1596461827,1596461763,64
2020/8/3 20:36,1596461767,1596461763,4
2020/8/3 20:35,1596461707,1596461707,0
2020/8/3 20:34,1596461647,1596461617,30
2020/8/3 20:33,1596461587,1596461495,92
2020/8/3 20:32,1596461527,1596461495,32
2020/8/3 20:31,1596461467,1596461464,3
2020/8/3 20:30,1596461407,1596461394,13
2020/8/3 20:29,1596461347,1596461343,4
2020/8/3 20:28,1596461287,1596461281,6
2020/8/3 20:27,1596461227,1596461220,7
2020/8/3 20:26,1596461167,1596461140,27
2020/8/3 20:25,1596461107,1596461101,6
2020/8/3 20:24,1596461047,1596461027,20
2020/8/3 20:23,1596460987,1596460966,21
2020/8/3 20:22,1596460927,1596460916,11
2020/8/3 20:21,1596460867,1596460844,23
2020/8/3 20:20,1596460807,1596460743,64
2020/8/3 20:19,1596460747,1596460743,4
2020/8/3 20:18,1596460687,1596460636,51
2020/8/3 20:17,1596460627,1596460558,69
2020/8/3 20:16,1596460567,1596460558,9
2020/8/3 20:15,1596460507,1596460458,49
2020/8/3 20:14,1596460447,1596460437,10
2020/8/3 20:13,1596460387,1596460346,41
2020/8/3 20:12,1596460327,1596460285,42
2020/8/3 20:11,1596460267,1596460254,13
2020/8/3 20:10,1596460207,1596460177,30
2020/8/3 20:09,1596460147,1596460030,117
2020/8/3 20:08,1596460087,1596460030,57
2020/8/3 20:07,1596460027,1596460020,7
2020/8/3 20:06,1596459967,1596459908,59
2020/8/3 20:05,1596459907,1596459756,151
2020/8/3 20:04,1596459847,1596459756,91
2020/8/3 20:03,1596459787,1596459756,31
2020/8/3 20:02,1596459727,1596459720,7
2020/8/3 20:01,1596459667,1596459623,44
2020/8/3 20:00,1596459607,1596459532,75
2020/8/3 19:59,1596459547,1596459532,15
2020/8/3 19:58,1596459487,1596459440,47
2020/8/3 19:57,1596459427,1596459389,38
2020/8/3 19:56,1596459367,1596459362,5
2020/8/3 19:55,1596459307,1596459256,51
2020/8/3 19:54,1596459247,1596459230,17
2020/8/3 19:53,1596459187,1596459156,31
2020/8/3 19:52,1596459127,1596459124,3
2020/8/3 19:51,1596459067,1596458971,96
2020/8/3 19:50,1596459007,1596458971,36
2020/8/3 19:49,1596458947,1596458870,77
2020/8/3 19:48,1596458887,1596458870,17
2020/8/3 19:47,1596458827,1596458820,7
2020/8/3 19:46,1596458767,1596458748,19
2020/8/3 19:45,1596458707,1596458686,21
2020/8/3 19:44,1596458647,1596458590,57
2020/8/3 19:43,1596458587,1596458555,32
2020/8/3 19:42,1596458527,1596458513,14
2020/8/3 19:41,1596458467,1596458420,47
2020/8/3 19:40,1596458407,1596458401,6
2020/8/3 19:39,1596458347,1596458331,16
2020/8/3 19:38,1596458287,1596458212,75
2020/8/3 19:37,1596458227,1596458212,15
2020/8/3 19:36,1596458167,1596458147,20
2020/8/3 19:35,1596458107,1596458107,0
2020/8/3 19:34,1596458047,1596458046,1
2020/8/3 19:33,1596457987,1596457964,23
2020/8/3 19:32,1596457927,1596457911,16
2020/8/3 19:31,1596457867,1596457852,15
2020/8/3 19:30,1596457807,1596457782,25
2020/8/3 19:29,1596457747,1596457690,57
2020/8/3 19:28,1596457687,1596457685,2
2020/8/3 19:27,1596457627,1596457589,38
2020/8/3 19:26,1596457567,1596457558,9
2020/8/3 19:25,1596457507,1596457502,5
2020/8/3 19:24,1596457447,1596457436,11
2020/8/3 19:23,1596457387,1596457375,12
2020/8/3 19:22,1596457327,1596457325,2
2020/8/3 19:21,1596457267,1596457196,71
2020/8/3 19:20,1596457207,1596457196,11
2020/8/3 19:19,1596457147,1596457141,6
2020/8/3 19:18,1596457087,1596457029,58
2020/8/3 19:17,1596457027,1596457025,2
2020/8/3 19:16,1596456967,1596456945,22
2020/8/3 19:15,1596456907,1596456836,71
2020/8/3 19:14,1596456847,1596456836,11
2020/8/3 19:13,1596456787,1596456752,35
2020/8/3 19:12,1596456727,1596456551,176
2020/8/3 19:11,1596456667,1596456551,116
2020/8/3 19:10,1596456607,1596456551,56
2020/8/3 19:09,1596456547,1596456519,28
2020/8/3 19:08,1596456487,1596456481,6
2020/8/3 19:07,1596456427,1596455901,526
2020/8/3 19:06,1596456367,1596455901,466
2020/8/3 19:05,1596456307,1596455901,406
2020/8/3 19:04,1596456247,1596455901,346
2020/8/3 19:03,1596456187,1596455901,286
2020/8/3 19:02,1596456127,1596455901,226
2020/8/3 19:01,1596456067,1596455901,166
2020/8/3 19:00,1596456007,1596455901,106
2020/8/3 18:59,1596455947,1596455901,46
2020/8/3 18:58,1596455887,1596455846,41
2020/8/3 18:57,1596455827,1596455739,88
2020/8/3 18:56,1596455767,1596455739,28
2020/8/3 18:55,1596455707,1596455637,70
2020/8/3 18:54,1596455647,1596455637,10
2020/8/3 18:53,1596455587,1596455503,84
2020/8/3 18:52,1596455527,1596455503,24
2020/8/3 18:51,1596455467,1596455411,56
2020/8/3 18:50,1596455407,1596455257,150
2020/8/3 18:49,1596455347,1596455257,90
2020/8/3 18:48,1596455287,1596455257,30
2020/8/3 18:47,1596455227,1596455164,63
2020/8/3 18:46,1596455167,1596455164,3
2020/8/3 18:45,1596455107,1596455009,98
2020/8/3 18:44,1596455047,1596455009,38
2020/8/3 18:43,1596454987,1596454887,100
2020/8/3 18:42,1596454927,1596454887,40
2020/8/3 18:41,1596454867,1596454803,64
2020/8/3 18:40,1596454807,1596454803,4
2020/8/3 18:39,1596454747,1596454674,73
2020/8/3 18:38,1596454687,1596454674,13
2020/8/3 18:37,1596454627,1596454607,20
2020/8/3 18:36,1596454567,1596454512,55
2020/8/3 18:35,1596454508,1596454468,40
2020/8/3 18:34,1596454447,1596454360,87
2020/8/3 18:33,1596454387,1596454360,27
2020/8/3 18:32,1596454327,1596454323,4
2020/8/3 18:31,1596454267,1596454238,29
2020/8/3 18:30,1596454207,1596454167,40
2020/8/3 18:29,1596454147,1596454066,81
2020/8/3 18:28,1596454087,1596454066,21
2020/8/3 18:27,1596454027,1596454015,12
2020/8/3 18:26,1596453967,1596453954,13
2020/8/3 18:25,1596453907,1596453896,11
2020/8/3 18:24,1596453847,1596453822,25
2020/8/3 18:23,1596453787,1596453772,15
2020/8/3 18:22,1596453727,1596453697,30
2020/8/3 18:21,1596453667,1596453667,0
2020/8/3 18:20,1596453607,1596453575,32
2020/8/3 18:19,1596453547,1596453477,70
2020/8/3 18:18,1596453487,1596453477,10
2020/8/3 18:17,1596453428,1596453400,28
2020/8/3 18:16,1596453367,1596453355,12
2020/8/3 18:15,1596453307,1596453244,63
2020/8/3 18:14,1596453247,1596453244,3
2020/8/3 18:13,1596453187,1596453123,64
2020/8/3 18:12,1596453127,1596453123,4
2020/8/3 18:11,1596453067,1596453051,16
2020/8/3 18:10,1596453007,1596452889,118
2020/8/3 18:09,1596452947,1596452889,58
2020/8/3 18:08,1596452887,1596452848,39
2020/8/3 18:07,1596452827,1596452788,39
2020/8/3 18:06,1596452767,1596452737,30
2020/8/3 18:05,1596452707,1596452606,101
2020/8/3 18:04,1596452647,1596452606,41
2020/8/3 18:03,1596452587,1596452569,18
2020/8/3 18:02,1596452527,1596452519,8
2020/8/3 18:01,1596452467,1596452451,16
2020/8/3 18:00,1596452407,1596452392,15
2020/8/3 17:59,1596452347,1596452335,12
2020/8/3 17:58,1596452287,1596452269,18
2020/8/3 17:57,1596452227,1596452189,38
2020/8/3 17:56,1596452167,1596452160,7
2020/8/3 17:55,1596452107,1596452087,20
2020/8/3 17:54,1596452047,1596452046,1
2020/8/3 17:53,1596451987,1596451925,62
2020/8/3 17:52,1596451927,1596451925,2
2020/8/3 17:51,1596451867,1596451854,13
2020/8/3 17:50,1596451807,1596451777,30
2020/8/3 17:49,1596451747,1596451742,5
2020/8/3 17:48,1596451687,1596451682,5
2020/8/3 17:47,1596451627,1596451609,18
2020/8/3 17:46,1596451567,1596451539,28
2020/8/3 17:45,1596451507,1596451489,18
2020/8/3 17:44,1596451447,1596451446,1
2020/8/3 17:43,1596451387,1596451387,0
2020/8/3 17:42,1596451327,1596451327,0
2020/8/3 17:41,1596451267,1596451267,0
2020/8/3 17:40,1596451207,1596451184,23
2020/8/3 17:39,1596451147,1596451113,34
2020/8/3 17:38,1596451087,1596451074,13
2020/8/3 17:37,1596451027,1596451022,5
2020/8/3 17:36,1596450967,1596450931,36
2020/8/3 17:35,1596450907,1596450870,37
2020/8/3 17:34,1596450847,1596450833,14
2020/8/3 17:33,1596450787,1596450758,29
2020/8/3 17:32,1596450727,1596450691,36
2020/8/3 17:31,1596450667,1596450667,0
2020/8/3 17:30,1596450607,1596450588,19
2020/8/3 17:29,1596450547,1596450535,12
2020/8/3 17:28,1596450487,1596450444,43
2020/8/3 17:27,1596450427,1596450393,34
2020/8/3 17:26,1596450367,1596450342,25
2020/8/3 17:25,1596450307,1596450231,76
2020/8/3 17:24,1596450247,1596450231,16
2020/8/3 17:23,1596450187,1596450169,18
2020/8/3 17:22,1596450127,1596450119,8
2020/8/3 17:21,1596450067,1596450059,8
2020/8/3 17:20,1596450007,1596449999,8
2020/8/3 17:19,1596449947,1596449916,31
2020/8/3 17:18,1596449887,1596449876,11
2020/8/3 17:17,1596449827,1596449784,43
2020/8/3 17:16,1596449767,1596449713,54
2020/8/3 17:15,1596449707,1596449663,44
2020/8/3 17:14,1596449647,1596449629,18
2020/8/3 17:13,1596449587,1596449520,67
2020/8/3 17:12,1596449527,1596449520,7
2020/8/3 17:11,1596449467,1596449439,28
2020/8/3 17:10,1596449407,1596449368,39
2020/8/3 17:09,1596449347,1596449338,9
2020/8/3 17:08,1596449287,1596449266,21
2020/8/3 17:07,1596449227,1596449196,31
2020/8/3 17:06,1596449167,1596449117,50
2020/8/3 17:05,1596449107,1596449107,0
2020/8/3 17:04,1596449047,1596449003,44
2020/8/3 17:03,1596448987,1596448911,76
2020/8/3 17:02,1596448927,1596448911,16
2020/8/3 17:01,1596448867,1596448860,7
2020/8/3 17:00,1596448807,1596448728,79
2020/8/3 16:59,1596448747,1596448728,19
2020/8/3 16:58,1596448687,1596448586,101
2020/8/3 16:57,1596448627,1596448586,41
2020/8/3 16:56,1596448567,1596448524,43
2020/8/3 16:55,1596448507,1596448474,33
2020/8/3 16:54,1596448447,1596448383,64
2020/8/3 16:53,1596448387,1596448383,4
2020/8/3 16:52,1596448327,1596448281,46
2020/8/3 16:51,1596448267,1596448220,47
2020/8/3 16:50,1596448207,1596448182,25
2020/8/3 16:49,1596448147,1596448146,1
2020/8/3 16:48,1596448087,1596448006,81
2020/8/3 16:47,1596448027,1596448006,21
2020/8/3 16:46,1596447967,1596447925,42
2020/8/3 16:45,1596447907,1596447843,64
2020/8/3 16:44,1596447847,1596447843,4
2020/8/3 16:43,1596447787,1596447752,35
2020/8/3 16:42,1596447727,1596447640,87
2020/8/3 16:41,1596447667,1596447640,27
2020/8/3 16:40,1596447607,1596447538,69
2020/8/3 16:39,1596447547,1596447538,9
2020/8/3 16:38,1596447487,1596447475,12
2020/8/3 16:37,1596447427,1596447409,18
2020/8/3 16:36,1596447367,1596447345,22
2020/8/3 16:35,1596447307,1596447284,23
2020/8/3 16:34,1596447247,1596447110,137
2020/8/3 16:33,1596447187,1596447110,77
2020/8/3 16:32,1596447127,1596447110,17
2020/8/3 16:31,1596447067,1596447008,59
2020/8/3 16:30,1596447007,1596446938,69
2020/8/3 16:29,1596446947,1596446938,9
2020/8/3 16:28,1596446887,1596446846,41
2020/8/3 16:27,1596446827,1596446800,27
2020/8/3 16:26,1596446767,1596446765,2
2020/8/3 16:25,1596446707,1596446707,0
2020/8/3 16:24,1596446647,1596446624,23
2020/8/3 16:23,1596446587,1596446572,15
2020/8/3 16:22,1596446527,1596446460,67
2020/8/3 16:21,1596446467,1596446460,7
2020/8/3 16:20,1596446407,1596446382,25
2020/8/3 16:19,1596446347,1596446283,64
2020/8/3 16:18,1596446287,1596446283,4
2020/8/3 16:17,1596446227,1596446226,1
2020/8/3 16:16,1596446167,1596446073,94
2020/8/3 16:15,1596446107,1596446073,34
2020/8/3 16:14,1596446047,1596446013,34
2020/8/3 16:13,1596445987,1596445921,66
2020/8/3 16:12,1596445927,1596445921,6
2020/8/3 16:11,1596445867,1596445839,28
2020/8/3 16:10,1596445807,1596445799,8
2020/8/3 16:09,1596445747,1596445748,-1
2020/8/3 16:08,1596445687,1596445686,1
2020/8/3 16:07,1596445627,1596445605,22
2020/8/3 16:06,1596445567,1596445554,13
2020/8/3 16:05,1596445507,1596445482,25
2020/8/3 16:04,1596445447,1596445411,36
2020/8/3 16:03,1596445387,1596445360,27
2020/8/3 16:02,1596445327,1596445217,110
2020/8/3 16:01,1596445267,1596445217,50
2020/8/3 16:00,1596445207,1596445185,22
2020/8/3 15:59,1596445147,1596445148,-1
2020/8/3 15:58,1596445087,1596445034,53
2020/8/3 15:57,1596445027,1596444912,115
2020/8/3 15:56,1596444967,1596444912,55
2020/8/3 15:55,1596444907,1596444881,26
2020/8/3 15:54,1596444847,1596444848,-1
2020/8/3 15:53,1596444787,1596444769,18
2020/8/3 15:52,1596444727,1596444727,0
2020/8/3 15:51,1596444667,1596444639,28
2020/8/3 15:50,1596444607,1596444588,19
2020/8/3 15:49,1596444547,1596444496,51
2020/8/3 15:48,1596444487,1596444457,30
2020/8/3 15:47,1596444427,1596444426,1
2020/8/3 15:46,1596444367,1596444365,2
2020/8/3 15:45,1596444307,1596444283,24
2020/8/3 15:44,1596444247,1596444213,34
2020/8/3 15:43,1596444187,1596444151,36
2020/8/3 15:42,1596444127,1596444121,6
2020/8/3 15:41,1596444067,1596444050,17
2020/8/3 15:40,1596444007,1596444000,7
2020/8/3 15:39,1596443947,1596443938,9
2020/8/3 15:38,1596443887,1596443846,41
2020/8/3 15:37,1596443827,1596443826,1
2020/8/3 15:36,1596443767,1596443643,124
2020/8/3 15:35,1596443707,1596443643,64
2020/8/3 15:34,1596443647,1596443643,4
2020/8/3 15:33,1596443587,1596443521,66
2020/8/3 15:32,1596443527,1596443521,6
2020/8/3 15:31,1596443467,1596443433,34
2020/8/3 15:30,1596443407,1596443406,1
2020/8/3 15:29,1596443347,1596443303,44
2020/8/3 15:28,1596443287,1596443237,50
2020/8/3 15:27,1596443227,1596443187,40
2020/8/3 15:26,1596443167,1596443135,32
2020/8/3 15:25,1596443107,1596442993,114
2020/8/3 15:24,1596443047,1596442993,54
2020/8/3 15:23,1596442987,1596442919,68
2020/8/3 15:22,1596442927,1596442919,8
2020/8/3 15:21,1596442867,1596442799,68
2020/8/3 15:20,1596442807,1596442799,8
2020/8/3 15:19,1596442747,1596442728,19
2020/8/3 15:18,1596442687,1596442647,40
2020/8/3 15:17,1596442627,1596442606,21
2020/8/3 15:16,1596442567,1596442556,11
2020/8/3 15:15,1596442507,1596442485,22
2020/8/3 15:14,1596442447,1596442430,17
2020/8/3 15:13,1596442387,1596442384,3
2020/8/3 15:12,1596442327,1596442298,29
2020/8/3 15:11,1596442267,1596442187,80
2020/8/3 15:10,1596442207,1596442187,20
2020/8/3 15:09,1596442147,1596442119,28
2020/8/3 15:08,1596442087,1596442065,22
2020/8/3 15:07,1596442027,1596442025,2
2020/8/3 15:06,1596441967,1596441933,34
2020/8/3 15:05,1596441907,1596441898,9
2020/8/3 15:04,1596441847,1596441811,36
2020/8/3 15:03,1596441787,1596441770,17
2020/8/3 15:02,1596441727,1596441672,55
2020/8/3 15:01,1596441667,1596441653,14
2020/8/3 15:00,1596441607,1596441568,39
2020/8/3 14:59,1596441547,1596441545,2
2020/8/3 14:58,1596441487,1596441486,1
2020/8/3 14:57,1596441427,1596441385,42
2020/8/3 14:56,1596441367,1596441324,43
2020/8/3 14:55,1596441307,1596441294,13
2020/8/3 14:54,1596441247,1596441233,14
2020/8/3 14:53,1596441187,1596441162,25
2020/8/3 14:52,1596441127,1596441090,37
2020/8/3 14:51,1596441067,1596441060,7
2020/8/3 14:50,1596441007,1596441005,2
2020/8/3 14:49,1596440947,1596440924,23
2020/8/3 14:48,1596440887,1596440887,0
2020/8/3 14:47,1596440827,1596440816,11
2020/8/3 14:46,1596440767,1596440745,22
2020/8/3 14:45,1596440707,1596440695,12
2020/8/3 14:44,1596440647,1596440613,34
2020/8/3 14:43,1596440587,1596440522,65
2020/8/3 14:42,1596440527,1596440522,5
2020/8/3 14:41,1596440467,1596440461,6
2020/8/3 14:40,1596440407,1596440278,129
2020/8/3 14:39,1596440347,1596440278,69
2020/8/3 14:38,1596440287,1596440278,9
2020/8/3 14:37,1596440227,1596440225,2
2020/8/3 14:36,1596440167,1596440163,4
2020/8/3 14:35,1596440107,1596440085,22
2020/8/3 14:34,1596440047,1596440025,22
2020/8/3 14:33,1596439987,1596439974,13
2020/8/3 14:32,1596439927,1596439903,24
2020/8/3 14:31,1596439867,1596439812,55
2020/8/3 14:30,1596439807,1596439720,87
2020/8/3 14:29,1596439747,1596439720,27
2020/8/3 14:28,1596439687,1596439674,13
2020/8/3 14:27,1596439627,1596439606,21
2020/8/3 14:26,1596439567,1596439567,0
2020/8/3 14:25,1596439507,1596439447,60
2020/8/3 14:24,1596439447,1596439447,0
2020/8/3 14:23,1596439387,1596439284,103
2020/8/3 14:22,1596439327,1596439284,43
2020/8/3 14:21,1596439267,1596439193,74
2020/8/3 14:20,1596439207,1596439193,14
2020/8/3 14:19,1596439147,1596438994,153
2020/8/3 14:18,1596439087,1596438994,93
2020/8/3 14:17,1596439027,1596438994,33
2020/8/3 14:16,1596438967,1596438950,17
2020/8/3 14:15,1596438907,1596438807,100
2020/8/3 14:14,1596438847,1596438807,40
2020/8/3 14:13,1596438787,1596438686,101
2020/8/3 14:12,1596438727,1596438686,41
2020/8/3 14:11,1596438667,1596438628,39
2020/8/3 14:10,1596438607,1596438567,40
2020/8/3 14:09,1596438547,1596438483,64
2020/8/3 14:08,1596438487,1596438483,4
2020/8/3 14:07,1596438427,1596438361,66
2020/8/3 14:06,1596438367,1596438361,6
2020/8/3 14:05,1596438307,1596438260,47
2020/8/3 14:04,1596438247,1596438229,18
2020/8/3 14:03,1596438187,1596438183,4
2020/8/3 14:02,1596438127,1596438067,60
2020/8/3 14:01,1596438067,1596438067,0
2020/8/3 14:00,1596438007,1596437910,97
2020/8/3 13:59,1596437947,1596437910,37
2020/8/3 13:58,1596437887,1596437879,8
2020/8/3 13:57,1596437827,1596437732,95
2020/8/3 13:56,1596437767,1596437732,35
2020/8/3 13:55,1596437707,1596437661,46
2020/8/3 13:54,1596437647,1596437543,104
2020/8/3 13:53,1596437587,1596437543,44
2020/8/3 13:52,1596437527,1596437448,79
2020/8/3 13:51,1596437467,1596437448,19
2020/8/3 13:50,1596437407,1596437397,10
2020/8/3 13:49,1596437347,1596437296,51
2020/8/3 13:48,1596437287,1596437235,52
2020/8/3 13:47,1596437227,1596437154,73
2020/8/3 13:46,1596437167,1596437154,13
2020/8/3 13:45,1596437107,1596437063,44
2020/8/3 13:44,1596437047,1596437002,45
2020/8/3 13:43,1596436987,1596436941,46
2020/8/3 13:42,1596436927,1596436918,9
2020/8/3 13:41,1596436867,1596436859,8
2020/8/3 13:40,1596436807,1596436803,4
2020/8/3 13:39,1596436747,1596436737,10
2020/8/3 13:38,1596436687,1596436656,31
2020/8/3 13:37,1596436627,1596436601,26
2020/8/3 13:36,1596436567,1596436514,53
2020/8/3 13:35,1596436507,1596436442,65
2020/8/3 13:34,1596436447,1596436442,5
2020/8/3 13:33,1596436387,1596436361,26
2020/8/3 13:32,1596436327,1596436310,17
2020/8/3 13:31,1596436267,1596436249,18
2020/8/3 13:30,1596436207,1596436204,3
2020/8/3 13:29,1596436147,1596436142,5
2020/8/3 13:28,1596436087,1596436082,5
2020/8/3 13:27,1596436027,1596435980,47
2020/8/3 13:26,1596435967,1596435930,37
2020/8/3 13:25,1596435907,1596435777,130
2020/8/3 13:24,1596435847,1596435777,70
2020/8/3 13:23,1596435787,1596435777,10
2020/8/3 13:22,1596435727,1596435706,21
2020/8/3 13:21,1596435667,1596435665,2
2020/8/3 13:20,1596435607,1596435604,3
2020/8/3 13:19,1596435547,1596435547,0
2020/8/3 13:18,1596435487,1596435482,5
2020/8/3 13:17,1596435427,1596435421,6
2020/8/3 13:16,1596435367,1596435357,10
2020/8/3 13:15,1596435307,1596435259,48
2020/8/3 13:14,1596435247,1596435106,141
2020/8/3 13:13,1596435187,1596435106,81
2020/8/3 13:12,1596435127,1596435106,21
2020/8/3 13:11,1596435067,1596435055,12
2020/8/3 13:10,1596435007,1596435000,7
2020/8/3 13:09,1596434947,1596434892,55
2020/8/3 13:08,1596434887,1596434853,34
2020/8/3 13:07,1596434827,1596434649,178
2020/8/3 13:06,1596434767,1596434649,118
2020/8/3 13:05,1596434707,1596434649,58
2020/8/3 13:04,1596434647,1596434639,8
2020/8/3 13:03,1596434587,1596434557,30
2020/8/3 13:02,1596434527,1596434516,11
2020/8/3 13:01,1596434467,1596434458,9
2020/8/3 13:00,1596434407,1596434343,64
2020/8/3 12:59,1596434347,1596434343,4
2020/8/3 12:58,1596434287,1596434283,4
2020/8/3 12:57,1596434227,1596434211,16
2020/8/3 12:56,1596434167,1596434140,27
2020/8/3 12:55,1596434107,1596434089,18
2020/8/3 12:54,1596434047,1596434039,8
2020/8/3 12:53,1596433987,1596433987,0
2020/8/3 12:52,1596433927,1596433912,15
2020/8/3 12:51,1596433867,1596433845,22
2020/8/3 12:50,1596433807,1596433789,18
2020/8/3 12:49,1596433747,1596433740,7
2020/8/3 12:48,1596433687,1596433620,67
2020/8/3 12:47,1596433627,1596433620,7
2020/8/3 12:46,1596433567,1596433560,7
2020/8/3 12:45,1596433507,1596433493,14
2020/8/3 12:44,1596433447,1596433421,26
2020/8/3 12:43,1596433387,1596433387,0
2020/8/3 12:42,1596433327,1596433326,1
2020/8/3 12:41,1596433267,1596433265,2
2020/8/3 12:40,1596433207,1596433162,45
2020/8/3 12:39,1596433147,1596433069,78
2020/8/3 12:38,1596433087,1596433069,18
2020/8/3 12:37,1596433027,1596433025,2
2020/8/3 12:36,1596432967,1596432865,102
2020/8/3 12:35,1596432907,1596432865,42
2020/8/3 12:34,1596432847,1596432815,32
2020/8/3 12:33,1596432787,1596432774,13
2020/8/3 12:32,1596432727,1596432722,5
2020/8/3 12:31,1596432667,1596432663,4
2020/8/3 12:30,1596432607,1596432602,5
2020/8/3 12:29,1596432547,1596432537,10
2020/8/3 12:28,1596432487,1596432414,73
2020/8/3 12:27,1596432427,1596432414,13
2020/8/3 12:26,1596432367,1596432363,4
2020/8/3 12:25,1596432307,1596432282,25
2020/8/3 12:24,1596432247,1596432242,5
2020/8/3 12:23,1596432187,1596432139,48
2020/8/3 12:22,1596432127,1596432098,29
2020/8/3 12:21,1596432067,1596432047,20
2020/8/3 12:20,1596432007,1596431976,31
2020/8/3 12:19,1596431947,1596431935,12
2020/8/3 12:18,1596431887,1596431875,12
2020/8/3 12:17,1596431827,1596431811,16
2020/8/3 12:16,1596431767,1596431678,89
2020/8/3 12:15,1596431707,1596431678,29
2020/8/3 12:14,1596431647,1596431628,19
2020/8/3 12:13,1596431587,1596431587,0
2020/8/3 12:12,1596431527,1596431516,11
2020/8/3 12:11,1596431467,1596431443,24
2020/8/3 12:10,1596431407,1596431407,0
2020/8/3 12:09,1596431347,1596431340,7
2020/8/3 12:08,1596431287,1596431256,31
2020/8/3 12:07,1596431227,1596431204,23
2020/8/3 12:06,1596431167,1596431098,69
2020/8/3 12:05,1596431107,1596431098,9
2020/8/3 12:04,1596431047,1596431020,27
2020/8/3 12:03,1596430987,1596430956,31
2020/8/3 12:02,1596430927,1596430884,43
2020/8/3 12:01,1596430867,1596430854,13
2020/8/3 12:00,1596430807,1596430793,14
2020/8/3 11:59,1596430747,1596430700,47
2020/8/3 11:58,1596430687,1596430649,38
2020/8/3 11:57,1596430627,1596430599,28
2020/8/3 11:56,1596430567,1596430562,5
2020/8/3 11:55,1596430507,1596430485,22
2020/8/3 11:54,1596430447,1596430412,35
2020/8/3 11:53,1596430387,1596430362,25
2020/8/3 11:52,1596430327,1596430311,16
2020/8/3 11:51,1596430267,1596430240,27
2020/8/3 11:50,1596430207,1596430159,48
2020/8/3 11:49,1596430147,1596430139,8
2020/8/3 11:48,1596430087,1596430018,69
2020/8/3 11:47,1596430027,1596430018,9
2020/8/3 11:46,1596429967,1596429962,5
2020/8/3 11:45,1596429907,1596429893,14
2020/8/3 11:44,1596429847,1596429839,8
2020/8/3 11:43,1596429787,1596429771,16
2020/8/3 11:42,1596429727,1596429628,99
2020/8/3 11:41,1596429667,1596429628,39
2020/8/3 11:40,1596429607,1596429598,9
2020/8/3 11:39,1596429547,1596429445,102
2020/8/3 11:38,1596429487,1596429445,42
2020/8/3 11:37,1596429427,1596429415,12
2020/8/3 11:36,1596429367,1596429302,65
2020/8/3 11:35,1596429307,1596429302,5
2020/8/3 11:34,1596429247,1596429231,16
2020/8/3 11:33,1596429187,1596429186,1
2020/8/3 11:32,1596429127,1596429088,39
2020/8/3 11:31,1596429067,1596429067,0
2020/8/3 11:30,1596429007,1596428965,42
2020/8/3 11:29,1596428947,1596428752,195
2020/8/3 11:28,1596428887,1596428752,135
2020/8/3 11:27,1596428827,1596428752,75
2020/8/3 11:26,1596428767,1596428752,15
2020/8/3 11:25,1596428707,1596428669,38
2020/8/3 11:24,1596428647,1596428496,151
2020/8/3 11:23,1596428587,1596428496,91
2020/8/3 11:22,1596428527,1596428496,31
2020/8/3 11:21,1596428467,1596428387,80
2020/8/3 11:20,1596428407,1596428387,20
2020/8/3 11:19,1596428347,1596428348,-1
2020/8/3 11:18,1596428287,1596428272,15
2020/8/3 11:17,1596428227,1596428222,5
2020/8/3 11:16,1596428167,1596428166,1
2020/8/3 11:15,1596428107,1596428107,0
2020/8/3 11:14,1596428047,1596427977,70
2020/8/3 11:13,1596427987,1596427977,10
2020/8/3 11:12,1596427927,1596427824,103
2020/8/3 11:11,1596427867,1596427824,43
2020/8/3 11:10,1596427807,1596427692,115
2020/8/3 11:09,1596427747,1596427692,55
2020/8/3 11:08,1596427687,1596427672,15
2020/8/3 11:07,1596427627,1596427628,-1
2020/8/3 11:06,1596427567,1596427568,-1
2020/8/3 11:05,1596427507,1596427475,32
2020/8/3 11:04,1596427447,1596427444,3
2020/8/3 11:03,1596427387,1596427387,0
2020/8/3 11:02,1596427327,1596427326,1
2020/8/3 11:01,1596427267,1596427261,6
2020/8/3 11:00,1596427207,1596427140,67
2020/8/3 10:59,1596427147,1596427140,7
2020/8/3 10:58,1596427087,1596427069,18
2020/8/3 10:57,1596427027,1596426981,46
2020/8/3 10:56,1596426967,1596426957,10
2020/8/3 10:55,1596426907,1596426907,0
2020/8/3 10:54,1596426847,1596426804,43
2020/8/3 10:53,1596426787,1596426783,4
2020/8/3 10:52,1596426727,1596426701,26
2020/8/3 10:51,1596426667,1596426660,7
2020/8/3 10:50,1596426607,1596426558,49
2020/8/3 10:49,1596426547,1596426535,12
2020/8/3 10:48,1596426487,1596426458,29
2020/8/3 10:47,1596426427,1596426386,41
2020/8/3 10:46,1596426367,1596426324,43
2020/8/3 10:45,1596426307,1596426292,15
2020/8/3 10:44,1596426247,1596426247,0
2020/8/3 10:43,1596426187,1596426160,27
2020/8/3 10:42,1596426127,1596426040,87
2020/8/3 10:41,1596426067,1596426040,27
2020/8/3 10:40,1596426007,1596425979,28
2020/8/3 10:39,1596425947,1596425918,29
2020/8/3 10:38,1596425887,1596425877,10
2020/8/3 10:37,1596425827,1596425827,0
2020/8/3 10:36,1596425767,1596425763,4
2020/8/3 10:35,1596425708,1596425694,14
2020/8/3 10:34,1596425647,1596425628,19
2020/8/3 10:33,1596425587,1596425580,7
2020/8/3 10:32,1596425527,1596425501,26
2020/8/3 10:31,1596425467,1596425440,27
2020/8/3 10:30,1596425407,1596425399,8
2020/8/3 10:29,1596425347,1596425278,69
2020/8/3 10:28,1596425287,1596425278,9
2020/8/3 10:27,1596425227,1596425206,21
2020/8/3 10:26,1596425167,1596425154,13
2020/8/3 10:25,1596425107,1596425091,16
2020/8/3 10:24,1596425047,1596425039,8
2020/8/3 10:23,1596424987,1596424964,23
2020/8/3 10:22,1596424927,1596424877,50
2020/8/3 10:21,1596424867,1596424845,22
2020/8/3 10:20,1596424807,1596424784,23
2020/8/3 10:19,1596424747,1596424704,43
2020/8/3 10:18,1596424687,1596424641,46
2020/8/3 10:17,1596424627,1596424626,1
2020/8/3 10:16,1596424567,1596424566,1
2020/8/3 10:15,1596424507,1596424498,9
2020/8/3 10:14,1596424447,1596424438,9
2020/8/3 10:13,1596424387,1596424356,31
2020/8/3 10:12,1596424327,1596424213,114
2020/8/3 10:11,1596424267,1596424213,54
2020/8/3 10:10,1596424207,1596424185,22
2020/8/3 10:09,1596424147,1596424091,56
2020/8/3 10:08,1596424087,1596424017,70
2020/8/3 10:07,1596424027,1596424017,10
2020/8/3 10:06,1596423967,1596423910,57
2020/8/3 10:05,1596423907,1596423894,13
2020/8/3 10:04,1596423847,1596423810,37
2020/8/3 10:03,1596423788,1596423757,31
2020/8/3 10:02,1596423727,1596423717,10
2020/8/3 10:01,1596423667,1596423630,37
2020/8/3 10:00,1596423607,1596423599,8
2020/8/3 09:59,1596423547,1596423497,50
2020/8/3 09:58,1596423487,1596423469,18
2020/8/3 09:57,1596423427,1596423385,42
2020/8/3 09:56,1596423367,1596423364,3
2020/8/3 09:55,1596423307,1596423294,13
2020/8/3 09:54,1596423247,1596423233,14
2020/8/3 09:53,1596423187,1596423169,18
2020/8/3 09:52,1596423127,1596423112,15
2020/8/3 09:51,1596423067,1596423025,42
2020/8/3 09:50,1596423007,1596422979,28
2020/8/3 09:49,1596422947,1596422796,151
2020/8/3 09:48,1596422887,1596422796,91
2020/8/3 09:47,1596422827,1596422796,31
2020/8/3 09:46,1596422767,1596422705,62
2020/8/3 09:45,1596422707,1596422705,2
2020/8/3 09:44,1596422647,1596422613,34
2020/8/3 09:43,1596422587,1596422587,0
2020/8/3 09:42,1596422527,1596422490,37
2020/8/3 09:41,1596422467,1596422450,17
2020/8/3 09:40,1596422407,1596422389,18
2020/8/3 09:39,1596422347,1596422331,16
2020/8/3 09:38,1596422287,1596422267,20
2020/8/3 09:37,1596422227,1596422183,44
2020/8/3 09:36,1596422167,1596422167,0
2020/8/3 09:35,1596422107,1596422100,7
2020/8/3 09:34,1596422047,1596422037,10
2020/8/3 09:33,1596421987,1596421918,69
2020/8/3 09:32,1596421927,1596421918,9
2020/8/3 09:31,1596421867,1596421864,3
2020/8/3 09:30,1596421807,1596421748,59
2020/8/3 09:29,1596421747,1596421723,24
2020/8/3 09:28,1596421687,1596421660,27
2020/8/3 09:27,1596421627,1596421594,33
2020/8/3 09:26,1596421568,1596421565,3
2020/8/3 09:25,1596421507,1596421499,8
2020/8/3 09:24,1596421447,1596421433,14
2020/8/3 09:23,1596421387,1596421376,11
2020/8/3 09:22,1596421327,1596421324,3
2020/8/3 09:21,1596421267,1596421222,45
2020/8/3 09:20,1596421207,1596421201,6
2020/8/3 09:19,1596421147,1596421130,17
2020/8/3 09:18,1596421087,1596421057,30
2020/8/3 09:17,1596421027,1596421027,0
2020/8/3 09:16,1596420967,1596420952,15
2020/8/3 09:15,1596420907,1596420842,65
2020/8/3 09:14,1596420847,1596420842,5
2020/8/3 09:13,1596420787,1596420775,12
2020/8/3 09:12,1596420727,1596420606,121
2020/8/3 09:11,1596420667,1596420606,61
2020/8/3 09:10,1596420607,1596420606,1
2020/8/3 09:09,1596420547,1596420500,47
2020/8/3 09:08,1596420487,1596420485,2
2020/8/3 09:07,1596420427,1596420407,20
2020/8/3 09:06,1596420367,1596420364,3
2020/8/3 09:05,1596420307,1596420240,67
2020/8/3 09:04,1596420247,1596420240,7
2020/8/3 09:03,1596420187,1596420188,-1
2020/8/3 09:02,1596420127,1596420126,1
2020/8/3 09:01,1596420067,1596420056,11
2020/8/3 09:00,1596420007,1596419964,43
2020/8/3 08:59,1596419947,1596419939,8
2020/8/3 08:58,1596419887,1596419836,51
2020/8/3 08:57,1596419827,1596419818,9
2020/8/3 08:56,1596419767,1596419748,19
2020/8/3 08:55,1596419707,1596419704,3
2020/8/3 08:54,1596419647,1596419645,2
2020/8/3 08:53,1596419587,1596419540,47
2020/8/3 08:52,1596419527,1596419428,99
2020/8/3 08:51,1596419467,1596419428,39
2020/8/3 08:50,1596419407,1596419314,93
2020/8/3 08:49,1596419347,1596419314,33
2020/8/3 08:48,1596419287,1596419243,44
2020/8/3 08:47,1596419227,1596419120,107
2020/8/3 08:46,1596419167,1596419120,47
2020/8/3 08:45,1596419107,1596419039,68
2020/8/3 08:44,1596419047,1596419039,8
2020/8/3 08:43,1596418987,1596418967,20
2020/8/3 08:42,1596418927,1596418886,41
2020/8/3 08:41,1596418867,1596418835,32
2020/8/3 08:40,1596418807,1596418803,4
2020/8/3 08:39,1596418747,1596418712,35
2020/8/3 08:38,1596418687,1596418611,76
2020/8/3 08:37,1596418627,1596418611,16
2020/8/3 08:36,1596418567,1596418551,16
2020/8/3 08:35,1596418507,1596418483,24
2020/8/3 08:34,1596418447,1596418421,26
2020/8/3 08:33,1596418387,1596418365,22
2020/8/3 08:32,1596418327,1596418315,12
2020/8/3 08:31,1596418267,1596418255,12
2020/8/3 08:30,1596418207,1596418169,38
2020/8/3 08:29,1596418147,1596418139,8
2020/8/3 08:28,1596418087,1596418086,1
2020/8/3 08:27,1596418027,1596418013,14
2020/8/3 08:26,1596417967,1596417965,2
2020/8/3 08:25,1596417907,1596417859,48
2020/8/3 08:24,1596417847,1596417805,42
2020/8/3 08:23,1596417787,1596417783,4
2020/8/3 08:22,1596417727,1596417699,28
2020/8/3 08:21,1596417667,1596417655,12
2020/8/3 08:20,1596417607,1596417605,2
2020/8/3 08:19,1596417547,1596417527,20
2020/8/3 08:18,1596417487,1596417476,11
2020/8/3 08:17,1596417427,1596417425,2
2020/8/3 08:16,1596417367,1596417360,7
2020/8/3 08:15,1596417307,1596417288,19
2020/8/3 08:14,1596417247,1596417208,39
2020/8/3 08:13,1596417187,1596417185,2
2020/8/3 08:12,1596417127,1596417123,4
2020/8/3 08:11,1596417068,1596417037,31
2020/8/3 08:10,1596417007,1596416966,41
2020/8/3 08:09,1596416947,1596416905,42
2020/8/3 08:08,1596416887,1596416874,13
2020/8/3 08:07,1596416827,1596416742,85
2020/8/3 08:06,1596416767,1596416742,25
2020/8/3 08:05,1596416707,1596416675,32
2020/8/3 08:04,1596416647,1596416635,12
2020/8/3 08:03,1596416587,1596416588,-1
2020/8/3 08:02,1596416527,1596416522,5
2020/8/3 08:01,1596416467,1596416412,55
2020/8/3 08:00,1596416407,1596416380,27
2020/8/3 07:59,1596416347,1596416318,29
2020/8/3 07:58,1596416287,1596416265,22
2020/8/3 07:57,1596416227,1596416214,13
2020/8/3 07:56,1596416167,1596416129,38
2020/8/3 07:55,1596416107,1596416105,2
2020/8/3 07:54,1596416047,1596416013,34
2020/8/3 07:53,1596415987,1596415973,14
2020/8/3 07:52,1596415927,1596415857,70
2020/8/3 07:51,1596415867,1596415857,10
2020/8/3 07:50,1596415807,1596415743,64
2020/8/3 07:49,1596415747,1596415743,4
2020/8/3 07:48,1596415687,1596415649,38
2020/8/3 07:47,1596415627,1596415595,32
2020/8/3 07:46,1596415567,1596415439,128
2020/8/3 07:45,1596415507,1596415439,68
2020/8/3 07:44,1596415447,1596415439,8
2020/8/3 07:43,1596415387,1596415357,30
2020/8/3 07:42,1596415327,1596415265,62
2020/8/3 07:41,1596415267,1596415265,2
2020/8/3 07:40,1596415207,1596415193,14
2020/8/3 07:39,1596415147,1596415141,6
2020/8/3 07:38,1596415087,1596415038,49
2020/8/3 07:37,1596415027,1596415008,19
2020/8/3 07:36,1596414967,1596414956,11
2020/8/3 07:35,1596414907,1596414904,3
2020/8/3 07:34,1596414847,1596414845,2
2020/8/3 07:33,1596414787,1596414762,25
2020/8/3 07:32,1596414727,1596414721,6
2020/8/3 07:31,1596414667,1596414609,58
2020/8/3 07:30,1596414607,1596414586,21
2020/8/3 07:29,1596414547,1596414485,62
2020/8/3 07:28,1596414487,1596414485,2
2020/8/3 07:27,1596414427,1596414413,14
2020/8/3 07:26,1596414367,1596414367,0
2020/8/3 07:25,1596414307,1596414300,7
2020/8/3 07:24,1596414247,1596414230,17
2020/8/3 07:23,1596414187,1596414168,19
2020/8/3 07:22,1596414127,1596414117,10
2020/8/3 07:21,1596414067,1596413963,104
2020/8/3 07:20,1596414007,1596413963,44
2020/8/3 07:19,1596413947,1596413891,56
2020/8/3 07:18,1596413887,1596413871,16
2020/8/3 07:17,1596413827,1596413817,10
2020/8/3 07:16,1596413767,1596413733,34
2020/8/3 07:15,1596413707,1596413683,24
2020/8/3 07:14,1596413647,1596413595,52
2020/8/3 07:13,1596413587,1596413579,8
2020/8/3 07:12,1596413527,1596413491,36
2020/8/3 07:11,1596413467,1596413466,1
2020/8/3 07:10,1596413407,1596413383,24
2020/8/3 07:09,1596413347,1596413344,3
2020/8/3 07:08,1596413287,1596413264,23
2020/8/3 07:07,1596413227,1596412308,919
2020/8/3 07:06,1596413167,1596412308,859
2020/8/3 07:05,1596413107,1596412308,799
2020/8/3 07:04,1596413047,1596412308,739
2020/8/3 07:03,1596412987,1596412308,679
2020/8/3 07:02,1596412927,1596412308,619
2020/8/3 07:01,1596412867,1596412308,559
2020/8/3 07:00,1596412807,1596412308,499
2020/8/3 06:59,1596412747,1596412308,439
2020/8/3 06:58,1596412687,1596412308,379
2020/8/3 06:57,1596412627,1596412308,319
2020/8/3 06:56,1596412567,1596412308,259
2020/8/3 06:55,1596412507,1596412308,199
2020/8/3 06:54,1596412447,1596412308,139
2020/8/3 06:53,1596412387,1596412308,79
2020/8/3 06:52,1596412327,1596412308,19
2020/8/3 06:51,1596412267,1596412205,62
2020/8/3 06:50,1596412207,1596412205,2
2020/8/3 06:49,1596412147,1596412074,73
2020/8/3 06:48,1596412087,1596412074,13
2020/8/3 06:47,1596412027,1596411931,96
2020/8/3 06:46,1596411967,1596411931,36
2020/8/3 06:45,1596411907,1596411839,68
2020/8/3 06:44,1596411847,1596411839,8
2020/8/3 06:43,1596411787,1596411769,18
2020/8/3 06:42,1596411727,1596411727,0
2020/8/3 06:41,1596411668,1596411656,12
2020/8/3 06:40,1596411607,1596411524,83
2020/8/3 06:39,1596411547,1596411524,23
2020/8/3 06:38,1596411487,1596411443,44
2020/8/3 06:37,1596411427,1596411138,289
2020/8/3 06:36,1596411367,1596411138,229
2020/8/3 06:35,1596411307,1596411138,169
2020/8/3 06:34,1596411247,1596411138,109
2020/8/3 06:33,1596411187,1596411138,49
2020/8/3 06:32,1596411127,1596411056,71
2020/8/3 06:31,1596411067,1596411056,11
2020/8/3 06:30,1596411007,1596410994,13
2020/8/3 06:29,1596410947,1596410922,25
2020/8/3 06:28,1596410887,1596410852,35
2020/8/3 06:27,1596410827,1596410780,47
2020/8/3 06:26,1596410767,1596410699,68
2020/8/3 06:25,1596410707,1596410699,8
2020/8/3 06:24,1596410648,1596410647,1
2020/8/3 06:23,1596410587,1596410499,88
2020/8/3 06:22,1596410527,1596410499,28
2020/8/3 06:21,1596410467,1596410465,2
2020/8/3 06:20,1596410407,1596410373,34
2020/8/3 06:19,1596410347,1596410297,50
2020/8/3 06:18,1596410287,1596410282,5
2020/8/3 06:17,1596410227,1596410190,37
2020/8/3 06:16,1596410167,1596410079,88
2020/8/3 06:15,1596410107,1596410079,28
2020/8/3 06:14,1596410047,1596410017,30
2020/8/3 06:13,1596409987,1596409966,21
2020/8/3 06:12,1596409927,1596409915,12
2020/8/3 06:11,1596409867,1596409864,3
2020/8/3 06:10,1596409807,1596409806,1
2020/8/3 06:09,1596409747,1596409740,7
2020/8/3 06:08,1596409687,1596409649,38
2020/8/3 06:07,1596409627,1596409600,27
2020/8/3 06:06,1596409567,1596409562,5
2020/8/3 06:05,1596409507,1596409506,1
2020/8/3 06:04,1596409447,1596409441,6
2020/8/3 06:03,1596409387,1596409374,13
2020/8/3 06:02,1596409327,1596409326,1
2020/8/3 06:01,1596409267,1596409254,13
2020/8/3 06:00,1596409207,1596409170,37
2020/8/3 05:59,1596409147,1596409129,18
2020/8/3 05:58,1596409087,1596409047,40
2020/8/3 05:57,1596409027,1596409014,13
2020/8/3 05:56,1596408967,1596408966,1
2020/8/3 05:55,1596408907,1596408885,22
2020/8/3 05:54,1596408847,1596408834,13
2020/8/3 05:53,1596408787,1596408752,35
2020/8/3 05:52,1596408727,1596408691,36
2020/8/3 05:51,1596408667,1596408658,9
2020/8/3 05:50,1596408607,1596408600,7
2020/8/3 05:49,1596408547,1596408538,9
2020/8/3 05:48,1596408487,1596408478,9
2020/8/3 05:47,1596408427,1596408386,41
2020/8/3 05:46,1596408367,1596408345,22
2020/8/3 05:45,1596408307,1596408302,5
2020/8/3 05:44,1596408247,1596408197,50
2020/8/3 05:43,1596408187,1596408186,1
2020/8/3 05:42,1596408127,1596408123,4
2020/8/3 05:41,1596408067,1596408067,0
2020/8/3 05:40,1596408007,1596407973,34
2020/8/3 05:39,1596407947,1596407937,10
2020/8/3 05:38,1596407887,1596407825,62
2020/8/3 05:37,1596407827,1596407825,2
2020/8/3 05:36,1596407767,1596407744,23
2020/8/3 05:35,1596407707,1596407612,95
2020/8/3 05:34,1596407647,1596407612,35
2020/8/3 05:33,1596407587,1596407564,23
2020/8/3 05:32,1596407527,1596407489,38
2020/8/3 05:31,1596407467,1596407328,139
2020/8/3 05:30,1596407407,1596407328,79
2020/8/3 05:29,1596407347,1596407328,19
2020/8/3 05:28,1596407287,1596407284,3
2020/8/3 05:27,1596407227,1596407216,11
2020/8/3 05:26,1596407167,1596407123,44
2020/8/3 05:25,1596407107,1596407072,35
2020/8/3 05:24,1596407047,1596407042,5
2020/8/3 05:23,1596406987,1596406970,17
2020/8/3 05:22,1596406927,1596406889,38
2020/8/3 05:21,1596406867,1596406807,60
2020/8/3 05:20,1596406807,1596406807,0
2020/8/3 05:19,1596406747,1596406696,51
2020/8/3 05:18,1596406687,1596406665,22
2020/8/3 05:17,1596406627,1596406624,3
2020/8/3 05:16,1596406567,1596406564,3
2020/8/3 05:15,1596406507,1596406461,46
2020/8/3 05:14,1596406447,1596406441,6
2020/8/3 05:13,1596406387,1596406339,48
2020/8/3 05:12,1596406327,1596406309,18
2020/8/3 05:11,1596406267,1596406255,12
2020/8/3 05:10,1596406207,1596406177,30
2020/8/3 05:09,1596406147,1596406055,92
2020/8/3 05:08,1596406087,1596406055,32
2020/8/3 05:07,1596406027,1596405984,43
2020/8/3 05:06,1596405967,1596405933,34
2020/8/3 05:05,1596405907,1596405801,106
2020/8/3 05:04,1596405847,1596405801,46
2020/8/3 05:03,1596405787,1596405775,12
2020/8/3 05:02,1596405727,1596405726,1
2020/8/3 05:01,1596405667,1596405638,29
2020/8/3 05:00,1596405607,1596405602,5
2020/8/3 04:59,1596405547,1596405546,1
2020/8/3 04:58,1596405487,1596405481,6
2020/8/3 04:57,1596405427,1596405427,0
2020/8/3 04:56,1596405367,1596405362,5
2020/8/3 04:55,1596405307,1596405307,0
2020/8/3 04:54,1596405247,1596405231,16
2020/8/3 04:53,1596405187,1596405169,18
2020/8/3 04:52,1596405127,1596404992,135
2020/8/3 04:51,1596405067,1596404992,75
2020/8/3 04:50,1596405007,1596404992,15
2020/8/3 04:49,1596404947,1596404934,13
2020/8/3 04:48,1596404887,1596404823,64
2020/8/3 04:47,1596404827,1596404823,4
2020/8/3 04:46,1596404767,1596404742,25
2020/8/3 04:45,1596404707,1596404650,57
2020/8/3 04:44,1596404647,1596404609,38
2020/8/3 04:43,1596404587,1596404559,28
2020/8/3 04:42,1596404527,1596404508,19
2020/8/3 04:41,1596404467,1596404457,10
2020/8/3 04:40,1596404407,1596404365,42
2020/8/3 04:39,1596404347,1596404315,32
2020/8/3 04:38,1596404287,1596404264,23
2020/8/3 04:37,1596404227,1596404213,14
2020/8/3 04:36,1596404167,1596404100,67
2020/8/3 04:35,1596404107,1596404100,7
2020/8/3 04:34,1596404047,1596404030,17
2020/8/3 04:33,1596403987,1596403959,28
2020/8/3 04:32,1596403927,1596403850,77
2020/8/3 04:31,1596403867,1596403850,17
2020/8/3 04:30,1596403807,1596403795,12
2020/8/3 04:29,1596403747,1596403714,33
2020/8/3 04:28,1596403687,1596403583,104
2020/8/3 04:27,1596403627,1596403583,44
2020/8/3 04:26,1596403567,1596403531,36
2020/8/3 04:25,1596403507,1596403398,109
2020/8/3 04:24,1596403447,1596403398,49
2020/8/3 04:23,1596403387,1596403361,26
2020/8/3 04:22,1596403327,1596403301,26
2020/8/3 04:21,1596403267,1596403266,1
2020/8/3 04:20,1596403207,1596403114,93
2020/8/3 04:19,1596403147,1596403114,33
2020/8/3 04:18,1596403087,1596403087,0
2020/8/3 04:17,1596403027,1596402995,32
2020/8/3 04:16,1596402967,1596402956,11
2020/8/3 04:15,1596402907,1596402890,17
2020/8/3 04:14,1596402847,1596402778,69
2020/8/3 04:13,1596402787,1596402778,9
2020/8/3 04:12,1596402727,1596402646,81
2020/8/3 04:11,1596402667,1596402646,21
2020/8/3 04:10,1596402607,1596402554,53
2020/8/3 04:09,1596402547,1596402472,75
2020/8/3 04:08,1596402487,1596402472,15
2020/8/3 04:07,1596402427,1596402401,26
2020/8/3 04:06,1596402367,1596402269,98
2020/8/3 04:05,1596402307,1596402269,38
2020/8/3 04:04,1596402247,1596402147,100
2020/8/3 04:03,1596402187,1596402147,40
2020/8/3 04:02,1596402127,1596402116,11
2020/8/3 04:01,1596402067,1596402035,32
2020/8/3 04:00,1596402007,1596401963,44
2020/8/3 03:59,1596401947,1596401882,65
2020/8/3 03:58,1596401887,1596401882,5
2020/8/3 03:57,1596401827,1596401760,67
2020/8/3 03:56,1596401767,1596401760,7
2020/8/3 03:55,1596401707,1596401699,8
2020/8/3 03:54,1596401647,1596401637,10
2020/8/3 03:53,1596401587,1596401545,42
2020/8/3 03:52,1596401527,1596401495,32
2020/8/3 03:51,1596401467,1596401444,23
2020/8/3 03:50,1596401407,1596401408,-1
2020/8/3 03:49,1596401347,1596401239,108
2020/8/3 03:48,1596401287,1596401239,48
2020/8/3 03:47,1596401227,1596401227,0
2020/8/3 03:46,1596401167,1596401138,29
2020/8/3 03:45,1596401107,1596401104,3
2020/8/3 03:44,1596401047,1596401015,32
2020/8/3 03:43,1596400987,1596400965,22
2020/8/3 03:42,1596400927,1596400883,44
2020/8/3 03:41,1596400867,1596400860,7
2020/8/3 03:40,1596400807,1596400781,26
2020/8/3 03:39,1596400747,1596400715,32
2020/8/3 03:38,1596400687,1596400587,100
2020/8/3 03:37,1596400627,1596400587,40
2020/8/3 03:36,1596400567,1596400527,40
2020/8/3 03:35,1596400507,1596400472,35
2020/8/3 03:34,1596400447,1596400444,3
2020/8/3 03:33,1596400387,1596400373,14
2020/8/3 03:32,1596400327,1596400302,25
2020/8/3 03:31,1596400267,1596400251,16
2020/8/3 03:30,1596400207,1596400201,6
2020/8/3 03:29,1596400147,1596400099,48
2020/8/3 03:28,1596400087,1596400007,80
2020/8/3 03:27,1596400027,1596400007,20
2020/8/3 03:26,1596399967,1596399945,22
2020/8/3 03:25,1596399907,1596399875,32
2020/8/3 03:24,1596399847,1596399824,23
2020/8/3 03:23,1596399787,1596399782,5
2020/8/3 03:22,1596399727,1596399684,43
2020/8/3 03:21,1596399667,1596399664,3
2020/8/3 03:20,1596399607,1596399605,2
2020/8/3 03:19,1596399547,1596399527,20
2020/8/3 03:18,1596399487,1596399415,72
2020/8/3 03:17,1596399427,1596399415,12
2020/8/3 03:16,1596399367,1596399354,13
2020/8/3 03:15,1596399307,1596399250,57
2020/8/3 03:14,1596399247,1596399151,96
2020/8/3 03:13,1596399187,1596399151,36
2020/8/3 03:12,1596399127,1596399111,16
2020/8/3 03:11,1596399067,1596399034,33
2020/8/3 03:10,1596399007,1596398999,8
2020/8/3 03:09,1596398947,1596398938,9
2020/8/3 03:08,1596398887,1596398815,72
2020/8/3 03:07,1596398827,1596398815,12
2020/8/3 03:06,1596398767,1596398713,54
2020/8/3 03:05,1596398707,1596398611,96
2020/8/3 03:04,1596398647,1596398611,36
2020/8/3 03:03,1596398587,1596398571,16
2020/8/3 03:02,1596398527,1596398520,7
2020/8/3 03:01,1596398467,1596398419,48
2020/8/3 03:00,1596398407,1596398337,70
2020/8/3 02:59,1596398347,1596398337,10
2020/8/3 02:58,1596398287,1596398245,42
2020/8/3 02:57,1596398227,1596398217,10
2020/8/3 02:56,1596398167,1596398143,24
2020/8/3 02:55,1596398107,1596398103,4
2020/8/3 02:54,1596398047,1596398023,24
2020/8/3 02:53,1596397987,1596397920,67
2020/8/3 02:52,1596397927,1596397920,7
2020/8/3 02:51,1596397867,1596397829,38
2020/8/3 02:50,1596397807,1596397794,13
2020/8/3 02:49,1596397747,1596397717,30
2020/8/3 02:48,1596397687,1596397662,25
2020/8/3 02:47,1596397627,1596397624,3
2020/8/3 02:46,1596397567,1596397483,84
2020/8/3 02:45,1596397507,1596397483,24
2020/8/3 02:44,1596397447,1596397431,16
2020/8/3 02:43,1596397387,1596397370,17
2020/8/3 02:42,1596397327,1596397281,46
2020/8/3 02:41,1596397267,1596397259,8
2020/8/3 02:40,1596397207,1596397137,70
2020/8/3 02:39,1596397147,1596397137,10
2020/8/3 02:38,1596397087,1596397086,1
2020/8/3 02:37,1596397027,1596396954,73
2020/8/3 02:36,1596396967,1596396954,13
2020/8/3 02:35,1596396907,1596396821,86
2020/8/3 02:34,1596396847,1596396821,26
2020/8/3 02:33,1596396787,1596396770,17
2020/8/3 02:32,1596396727,1596396719,8
2020/8/3 02:31,1596396667,1596396618,49
2020/8/3 02:30,1596396607,1596396581,26
2020/8/3 02:29,1596396547,1596396485,62
2020/8/3 02:28,1596396487,1596396485,2
2020/8/3 02:27,1596396427,1596396424,3
2020/8/3 02:26,1596396367,1596396343,24
2020/8/3 02:25,1596396307,1596396252,55
2020/8/3 02:24,1596396247,1596396243,4
2020/8/3 02:23,1596396187,1596396163,24
2020/8/3 02:22,1596396127,1596396118,9
2020/8/3 02:21,1596396067,1596396066,1
2020/8/3 02:20,1596396007,1596396007,0
2020/8/3 02:19,1596395947,1596395885,62
2020/8/3 02:18,1596395887,1596395885,2
2020/8/3 02:17,1596395827,1596395827,0
2020/8/3 02:16,1596395767,1596395743,24
2020/8/3 02:15,1596395707,1596395661,46
2020/8/3 02:14,1596395647,1596395599,48
2020/8/3 02:13,1596395588,1596395540,48
2020/8/3 02:12,1596395527,1596395427,100
2020/8/3 02:11,1596395467,1596395427,40
2020/8/3 02:10,1596395407,1596395376,31
2020/8/3 02:09,1596395347,1596395325,22
2020/8/3 02:08,1596395287,1596395243,44
2020/8/3 02:07,1596395227,1596395152,75
2020/8/3 02:06,1596395167,1596395152,15
2020/8/3 02:05,1596395107,1596395100,7
2020/8/3 02:04,1596395047,1596395047,0
2020/8/3 02:03,1596394987,1596394959,28
2020/8/3 02:02,1596394927,1596394846,81
2020/8/3 02:01,1596394867,1596394846,21
2020/8/3 02:00,1596394807,1596394765,42
2020/8/3 01:59,1596394747,1596394714,33
2020/8/3 01:58,1596394687,1596394653,34
2020/8/3 01:57,1596394627,1596394551,76
2020/8/3 01:56,1596394567,1596394551,16
2020/8/3 01:55,1596394507,1596394507,0
2020/8/3 01:54,1596394447,1596394442,5
2020/8/3 01:53,1596394387,1596394387,0
2020/8/3 01:52,1596394327,1596394307,20
2020/8/3 01:51,1596394267,1596394264,3
2020/8/3 01:50,1596394207,1596394164,43
2020/8/3 01:49,1596394147,1596394127,20
2020/8/3 01:48,1596394087,1596394077,10
2020/8/3 01:47,1596394027,1596394011,16
2020/8/3 01:46,1596393967,1596393950,17
2020/8/3 01:45,1596393907,1596393879,28
2020/8/3 01:44,1596393847,1596393845,2
2020/8/3 01:43,1596393787,1596393736,51
2020/8/3 01:42,1596393727,1596393716,11
2020/8/3 01:41,1596393667,1596393631,36
2020/8/3 01:40,1596393607,1596393543,64
2020/8/3 01:39,1596393547,1596393543,4
2020/8/3 01:38,1596393487,1596393482,5
2020/8/3 01:37,1596393427,1596393420,7
2020/8/3 01:36,1596393367,1596393329,38
2020/8/3 01:35,1596393307,1596393247,60
2020/8/3 01:34,1596393247,1596393247,0
2020/8/3 01:33,1596393187,1596393124,63
2020/8/3 01:32,1596393127,1596393124,3
2020/8/3 01:31,1596393067,1596393023,44
2020/8/3 01:30,1596393007,1596392993,14
2020/8/3 01:29,1596392947,1596392929,18
2020/8/3 01:28,1596392887,1596392840,47
2020/8/3 01:27,1596392827,1596392718,109
2020/8/3 01:26,1596392767,1596392718,49
2020/8/3 01:25,1596392707,1596392673,34
2020/8/3 01:24,1596392647,1596392627,20
2020/8/3 01:23,1596392587,1596392575,12
2020/8/3 01:22,1596392527,1596392504,23
2020/8/3 01:21,1596392467,1596392423,44
2020/8/3 01:20,1596392407,1596392403,4
2020/8/3 01:19,1596392347,1596392338,9
2020/8/3 01:18,1596392287,1596392229,58
2020/8/3 01:17,1596392227,1596392107,120
2020/8/3 01:16,1596392167,1596392107,60
2020/8/3 01:15,1596392107,1596392067,40
2020/8/3 01:14,1596392047,1596392015,32
2020/8/3 01:13,1596391987,1596391904,83
2020/8/3 01:12,1596391928,1596391904,24
2020/8/3 01:11,1596391867,1596391833,34
2020/8/3 01:10,1596391807,1596391789,18
2020/8/3 01:09,1596391747,1596391711,36
2020/8/3 01:08,1596391687,1596391650,37
2020/8/3 01:07,1596391627,1596391614,13
2020/8/3 01:06,1596391567,1596391560,7
2020/8/3 01:05,1596391507,1596391477,30
2020/8/3 01:04,1596391447,1596391417,30
2020/8/3 01:03,1596391387,1596391375,12
2020/8/3 01:02,1596391327,1596391253,74
2020/8/3 01:01,1596391267,1596391253,14
2020/8/3 01:00,1596391207,1596391182,25
2020/8/3 00:59,1596391147,1596391141,6
2020/8/3 00:58,1596391087,1596391040,47
2020/8/3 00:57,1596391027,1596390946,81
2020/8/3 00:56,1596390967,1596390946,21
2020/8/3 00:55,1596390907,1596390889,18
2020/8/3 00:54,1596390847,1596390774,73
2020/8/3 00:53,1596390787,1596390774,13
2020/8/3 00:52,1596390727,1596390720,7
2020/8/3 00:51,1596390667,1596390612,55
2020/8/3 00:50,1596390607,1596390530,77
2020/8/3 00:49,1596390547,1596390530,17
2020/8/3 00:48,1596390487,1596390439,48
2020/8/3 00:47,1596390427,1596390327,100
2020/8/3 00:46,1596390367,1596390327,40
2020/8/3 00:45,1596390307,1596390287,20
2020/8/3 00:44,1596390247,1596390245,2
2020/8/3 00:43,1596390187,1596390175,12
2020/8/3 00:42,1596390127,1596390073,54
2020/8/3 00:41,1596390067,1596390052,15
2020/8/3 00:40,1596390007,1596389981,26
2020/8/3 00:39,1596389947,1596389889,58
2020/8/3 00:38,1596389887,1596389839,48
2020/8/3 00:37,1596389827,1596389778,49
2020/8/3 00:36,1596389767,1596389756,11
2020/8/3 00:35,1596389707,1596389680,27
2020/8/3 00:34,1596389647,1596389639,8
2020/8/3 00:33,1596389587,1596389524,63
2020/8/3 00:32,1596389527,1596389524,3
2020/8/3 00:31,1596389467,1596389452,15
2020/8/3 00:30,1596389407,1596389406,1
2020/8/3 00:29,1596389347,1596389280,67
2020/8/3 00:28,1596389287,1596389280,7
2020/8/3 00:27,1596389227,1596389221,6
2020/8/3 00:26,1596389167,1596389148,19
2020/8/3 00:25,1596389107,1596389086,21
2020/8/3 00:24,1596389047,1596389047,0
2020/8/3 00:23,1596388987,1596388974,13
2020/8/3 00:22,1596388927,1596388893,34
2020/8/3 00:21,1596388867,1596388863,4
2020/8/3 00:20,1596388807,1596388801,6
2020/8/3 00:19,1596388747,1596388735,12
2020/8/3 00:18,1596388687,1596388670,17
2020/8/3 00:17,1596388627,1596388613,14
2020/8/3 00:16,1596388567,1596388567,0
2020/8/3 00:15,1596388507,1596388506,1
2020/8/3 00:14,1596388447,1596388446,1
2020/8/3 00:13,1596388387,1596388383,4
2020/8/3 00:12,1596388327,1596388293,34
2020/8/3 00:11,1596388267,1596388267,0
2020/8/3 00:10,1596388207,1596388201,6
2020/8/3 00:09,1596388147,1596388109,38
2020/8/3 00:08,1596388087,1596388080,7
2020/8/3 00:07,1596388027,1596388017,10
2020/8/3 00:06,1596387967,1596387960,7
2020/8/3 00:05,1596387908,1596387888,20
2020/8/3 00:04,1596387847,1596387834,13
2020/8/3 00:03,1596387787,1596387747,40
2020/8/3 00:02,1596387728,1596387691,37
2020/8/3 00:01,1596387667,1596387610,57
2020/8/3 00:00,1596387607,1596387527,80
2020/8/2 23:59,1596387547,1596387527,20
2020/8/2 23:58,1596387487,1596387487,0
2020/8/2 23:57,1596387427,1596387427,0
2020/8/2 23:56,1596387367,1596387346,21
2020/8/2 23:55,1596387307,1596387275,32
2020/8/2 23:54,1596387247,1596387244,3
2020/8/2 23:53,1596387187,1596387140,47
2020/8/2 23:52,1596387127,1596387123,4
2020/8/2 23:51,1596387067,1596387010,57
2020/8/2 23:50,1596387007,1596386979,28
2020/8/2 23:49,1596386947,1596386908,39
2020/8/2 23:48,1596386887,1596386782,105
2020/8/2 23:47,1596386827,1596386782,45
2020/8/2 23:46,1596386767,1596386735,32
2020/8/2 23:45,1596386707,1596386623,84
2020/8/2 23:44,1596386647,1596386623,24
2020/8/2 23:43,1596386587,1596386582,5
2020/8/2 23:42,1596386527,1596386501,26
2020/8/2 23:41,1596386467,1596386379,88
2020/8/2 23:40,1596386407,1596386379,28
2020/8/2 23:39,1596386347,1596386324,23
2020/8/2 23:38,1596386287,1596386285,2
2020/8/2 23:37,1596386227,1596386185,42
2020/8/2 23:36,1596386167,1596386167,0
2020/8/2 23:35,1596386107,1596386084,23
2020/8/2 23:34,1596386047,1596386041,6
2020/8/2 23:33,1596385987,1596385819,168
2020/8/2 23:32,1596385927,1596385819,108
2020/8/2 23:31,1596385867,1596385819,48
2020/8/2 23:30,1596385807,1596385779,28
2020/8/2 23:29,1596385747,1596385676,71
2020/8/2 23:28,1596385687,1596385676,11
2020/8/2 23:27,1596385627,1596385595,32
2020/8/2 23:26,1596385567,1596385447,120
2020/8/2 23:25,1596385507,1596385447,60
2020/8/2 23:24,1596385447,1596385447,0
2020/8/2 23:23,1596385387,1596385387,0
2020/8/2 23:22,1596385328,1596385326,2
2020/8/2 23:21,1596385267,1596385208,59
2020/8/2 23:20,1596385207,1596385137,70
2020/8/2 23:19,1596385147,1596385137,10
2020/8/2 23:18,1596385087,1596385056,31
2020/8/2 23:17,1596385027,1596385005,22
2020/8/2 23:16,1596384967,1596384933,34
2020/8/2 23:15,1596384907,1596384903,4
2020/8/2 23:14,1596384847,1596384847,0
2020/8/2 23:13,1596384787,1596384715,72
2020/8/2 23:12,1596384728,1596384715,13
2020/8/2 23:11,1596384667,1596384588,79
2020/8/2 23:10,1596384607,1596384588,19
2020/8/2 23:09,1596384547,1596384546,1
2020/8/2 23:08,1596384487,1596384435,52
2020/8/2 23:07,1596384427,1596384427,0
2020/8/2 23:06,1596384367,1596384364,3
2020/8/2 23:05,1596384307,1596384283,24
2020/8/2 23:04,1596384247,1596384242,5
2020/8/2 23:03,1596384187,1596384140,47
2020/8/2 23:02,1596384127,1596384090,37
2020/8/2 23:01,1596384067,1596384067,0
2020/8/2 23:00,1596384007,1596384004,3
2020/8/2 22:59,1596383947,1596383917,30
2020/8/2 22:58,1596383887,1596383881,6
2020/8/2 22:57,1596383827,1596383825,2
2020/8/2 22:56,1596383767,1596383765,2
2020/8/2 22:55,1596383707,1596383682,25
2020/8/2 22:54,1596383647,1596383639,8
2020/8/2 22:53,1596383587,1596383587,0
2020/8/2 22:52,1596383527,1596383451,76
2020/8/2 22:51,1596383467,1596383451,16
2020/8/2 22:50,1596383407,1596383284,123
2020/8/2 22:49,1596383347,1596383284,63
2020/8/2 22:48,1596383287,1596383284,3
2020/8/2 22:47,1596383227,1596383213,14
2020/8/2 22:46,1596383168,1596383147,21
2020/8/2 22:45,1596383107,1596383085,22
2020/8/2 22:44,1596383047,1596382959,88
2020/8/2 22:43,1596382987,1596382959,28
2020/8/2 22:42,1596382927,1596382887,40
2020/8/2 22:41,1596382867,1596382826,41
2020/8/2 22:40,1596382807,1596382704,103
2020/8/2 22:39,1596382747,1596382704,43
2020/8/2 22:38,1596382687,1596382673,14
2020/8/2 22:37,1596382627,1596382613,14
2020/8/2 22:36,1596382567,1596382530,37
2020/8/2 22:35,1596382507,1596382468,39
2020/8/2 22:34,1596382447,1596382408,39
2020/8/2 22:33,1596382387,1596382326,61
2020/8/2 22:32,1596382327,1596382326,1
2020/8/2 22:31,1596382267,1596382234,33
2020/8/2 22:30,1596382207,1596382081,126
2020/8/2 22:29,1596382147,1596382081,66
2020/8/2 22:28,1596382087,1596382081,6
2020/8/2 22:27,1596382027,1596382008,19
2020/8/2 22:26,1596381967,1596381965,2
2020/8/2 22:25,1596381907,1596381857,50
2020/8/2 22:24,1596381847,1596381806,41
2020/8/2 22:23,1596381787,1596381765,22
2020/8/2 22:22,1596381727,1596381724,3
2020/8/2 22:21,1596381667,1596381632,35
2020/8/2 22:20,1596381607,1596381551,56
2020/8/2 22:19,1596381547,1596381429,118
2020/8/2 22:18,1596381487,1596381429,58
2020/8/2 22:17,1596381427,1596381408,19
2020/8/2 22:16,1596381367,1596381367,0
2020/8/2 22:15,1596381307,1596381299,8
2020/8/2 22:14,1596381247,1596381245,2
2020/8/2 22:13,1596381187,1596381158,29
2020/8/2 22:12,1596381127,1596381081,46
2020/8/2 22:11,1596381067,1596381061,6
2020/8/2 22:10,1596381007,1596380969,38
2020/8/2 22:09,1596380947,1596380897,50
2020/8/2 22:08,1596380887,1596380866,21
2020/8/2 22:07,1596380827,1596380826,1
2020/8/2 22:06,1596380767,1596380684,83
2020/8/2 22:05,1596380707,1596380684,23
2020/8/2 22:04,1596380647,1596380603,44
2020/8/2 22:03,1596380587,1596380541,46
2020/8/2 22:02,1596380527,1596380520,7
2020/8/2 22:01,1596380467,1596380450,17
2020/8/2 22:00,1596380407,1596380276,131
2020/8/2 21:59,1596380347,1596380276,71
2020/8/2 21:58,1596380287,1596380276,11
2020/8/2 21:57,1596380227,1596380226,1
2020/8/2 21:56,1596380167,1596380144,23
2020/8/2 21:55,1596380107,1596380083,24
2020/8/2 21:54,1596380047,1596380038,9
2020/8/2 21:53,1596379987,1596379981,6
2020/8/2 21:52,1596379927,1596379876,51
2020/8/2 21:51,1596379867,1596379838,29
2020/8/2 21:50,1596379807,1596379787,20
2020/8/2 21:49,1596379747,1596379743,4
2020/8/2 21:48,1596379687,1596379644,43
2020/8/2 21:47,1596379627,1596379614,13
2020/8/2 21:46,1596379567,1596379512,55
2020/8/2 21:45,1596379507,1596379481,26
2020/8/2 21:44,1596379447,1596379430,17
2020/8/2 21:43,1596379387,1596379379,8
2020/8/2 21:42,1596379327,1596379304,23
2020/8/2 21:41,1596379267,1596379267,0
2020/8/2 21:40,1596379207,1596379196,11
2020/8/2 21:39,1596379147,1596379121,26
2020/8/2 21:38,1596379087,1596379074,13
2020/8/2 21:37,1596379027,1596379024,3
2020/8/2 21:36,1596378967,1596378962,5
2020/8/2 21:35,1596378907,1596378906,1
2020/8/2 21:34,1596378848,1596378839,9
2020/8/2 21:33,1596378787,1596378779,8
2020/8/2 21:32,1596378727,1596378726,1
2020/8/2 21:31,1596378667,1596378514,153
2020/8/2 21:30,1596378607,1596378514,93
2020/8/2 21:29,1596378547,1596378514,33
2020/8/2 21:28,1596378487,1596378381,106
2020/8/2 21:27,1596378427,1596378381,46
2020/8/2 21:26,1596378367,1596378359,8
2020/8/2 21:25,1596378307,1596378267,40
2020/8/2 21:24,1596378247,1596378239,8
2020/8/2 21:23,1596378187,1596378149,38
2020/8/2 21:22,1596378127,1596378076,51
2020/8/2 21:21,1596378067,1596378055,12
2020/8/2 21:20,1596378007,1596378004,3
2020/8/2 21:19,1596377947,1596377902,45
2020/8/2 21:18,1596377887,1596377879,8
2020/8/2 21:17,1596377827,1596377811,16
2020/8/2 21:16,1596377767,1596377760,7
2020/8/2 21:15,1596377707,1596377547,160
2020/8/2 21:14,1596377647,1596377547,100
2020/8/2 21:13,1596377587,1596377547,40
2020/8/2 21:12,1596377527,1596377475,52
2020/8/2 21:11,1596377467,1596377450,17
2020/8/2 21:10,1596377407,1596377383,24
2020/8/2 21:09,1596377347,1596377313,34
2020/8/2 21:08,1596377287,1596377284,3
2020/8/2 21:07,1596377227,1596377218,9
2020/8/2 21:06,1596377167,1596377167,0
2020/8/2 21:05,1596377107,1596377079,28
2020/8/2 21:04,1596377047,1596376997,50
2020/8/2 21:03,1596376987,1596376941,46
2020/8/2 21:02,1596376927,1596376908,19
2020/8/2 21:01,1596376867,1596376863,4
2020/8/2 21:00,1596376807,1596376723,84
2020/8/2 20:59,1596376747,1596376723,24
2020/8/2 20:58,1596376687,1596376651,36
2020/8/2 20:57,1596376627,1596376570,57
2020/8/2 20:56,1596376567,1596376567,0
2020/8/2 20:55,1596376507,1596376503,4
2020/8/2 20:54,1596376447,1596376443,4
2020/8/2 20:53,1596376387,1596376346,41
2020/8/2 20:52,1596376327,1596376265,62
2020/8/2 20:51,1596376267,1596376265,2
2020/8/2 20:50,1596376207,1596376112,95
2020/8/2 20:49,1596376147,1596376112,35
2020/8/2 20:48,1596376087,1596376082,5
2020/8/2 20:47,1596376027,1596375989,38
2020/8/2 20:46,1596375967,1596375929,38
2020/8/2 20:45,1596375907,1596375878,29
2020/8/2 20:44,1596375847,1596375819,28
2020/8/2 20:43,1596375787,1596375766,21
2020/8/2 20:42,1596375727,1596375664,63
2020/8/2 20:41,1596375667,1596375664,3
2020/8/2 20:40,1596375607,1596375593,14
2020/8/2 20:39,1596375547,1596375532,15
2020/8/2 20:38,1596375487,1596375471,16
2020/8/2 20:37,1596375427,1596375370,57
2020/8/2 20:36,1596375367,1596375329,38
2020/8/2 20:35,1596375307,1596375268,39
2020/8/2 20:34,1596375247,1596375217,30
2020/8/2 20:33,1596375187,1596375166,21
2020/8/2 20:32,1596375127,1596375123,4
2020/8/2 20:31,1596375067,1596375054,13
2020/8/2 20:30,1596375007,1596374931,76
2020/8/2 20:29,1596374947,1596374931,16
2020/8/2 20:28,1596374887,1596374881,6
2020/8/2 20:27,1596374827,1596374813,14
2020/8/2 20:26,1596374767,1596374728,39
2020/8/2 20:25,1596374707,1596374616,91
2020/8/2 20:24,1596374647,1596374616,31
2020/8/2 20:23,1596374587,1596374575,12
2020/8/2 20:22,1596374527,1596374515,12
2020/8/2 20:21,1596374467,1596374444,23
2020/8/2 20:20,1596374407,1596374407,0
2020/8/2 20:19,1596374347,1596374270,77
2020/8/2 20:18,1596374287,1596374270,17
2020/8/2 20:17,1596374227,1596374219,8
2020/8/2 20:16,1596374167,1596374117,50
2020/8/2 20:15,1596374107,1596374077,30
2020/8/2 20:14,1596374047,1596374044,3
2020/8/2 20:13,1596373987,1596373985,2
2020/8/2 20:12,1596373927,1596373914,13
2020/8/2 20:11,1596373867,1596373866,1
2020/8/2 20:10,1596373807,1596373800,7
2020/8/2 20:09,1596373747,1596373741,6
2020/8/2 20:08,1596373687,1596373683,4
2020/8/2 20:07,1596373627,1596373553,74
2020/8/2 20:06,1596373567,1596373553,14
2020/8/2 20:05,1596373507,1596373446,61
2020/8/2 20:04,1596373447,1596373446,1
2020/8/2 20:03,1596373387,1596373354,33
2020/8/2 20:02,1596373327,1596373323,4
2020/8/2 20:01,1596373267,1596373221,46
2020/8/2 20:00,1596373207,1596373181,26
2020/8/2 19:59,1596373147,1596373129,18
2020/8/2 19:58,1596373087,1596373079,8
2020/8/2 19:57,1596373027,1596373023,4
2020/8/2 19:56,1596372967,1596372936,31
2020/8/2 19:55,1596372907,1596372885,22
2020/8/2 19:54,1596372847,1596372829,18
2020/8/2 19:53,1596372787,1596372783,4
2020/8/2 19:52,1596372727,1596372727,0
2020/8/2 19:51,1596372667,1596372661,6
2020/8/2 19:50,1596372607,1596372550,57
2020/8/2 19:49,1596372547,1596372509,38
2020/8/2 19:48,1596372487,1596372418,69
2020/8/2 19:47,1596372427,1596372418,9
2020/8/2 19:46,1596372367,1596372367,0
2020/8/2 19:45,1596372307,1596372265,42
2020/8/2 19:44,1596372247,1596372232,15
2020/8/2 19:43,1596372187,1596372153,34
2020/8/2 19:42,1596372127,1596372092,35
2020/8/2 19:41,1596372067,1596372041,26
2020/8/2 19:40,1596372007,1596371988,19
2020/8/2 19:39,1596371947,1596371893,54
2020/8/2 19:38,1596371887,1596371818,69
2020/8/2 19:37,1596371827,1596371818,9
2020/8/2 19:36,1596371767,1596371665,102
2020/8/2 19:35,1596371707,1596371665,42
2020/8/2 19:34,1596371647,1596371584,63
2020/8/2 19:33,1596371587,1596371584,3
2020/8/2 19:32,1596371527,1596371469,58
2020/8/2 19:31,1596371467,1596371467,0
2020/8/2 19:30,1596371407,1596371407,0
2020/8/2 19:29,1596371347,1596371329,18
2020/8/2 19:28,1596371287,1596371279,8
2020/8/2 19:27,1596371227,1596371115,112
2020/8/2 19:26,1596371167,1596371115,52
2020/8/2 19:25,1596371107,1596371059,48
2020/8/2 19:24,1596371047,1596371036,11
2020/8/2 19:23,1596370987,1596370985,2
2020/8/2 19:22,1596370927,1596370878,49
2020/8/2 19:21,1596370867,1596370759,108
2020/8/2 19:20,1596370807,1596370759,48
2020/8/2 19:19,1596370747,1596370728,19
2020/8/2 19:18,1596370687,1596370675,12
2020/8/2 19:17,1596370627,1596370626,1
2020/8/2 19:16,1596370567,1596370544,23
2020/8/2 19:15,1596370507,1596370398,109
2020/8/2 19:14,1596370447,1596370398,49
2020/8/2 19:13,1596370387,1596370283,104
2020/8/2 19:12,1596370327,1596370283,44
2020/8/2 19:11,1596370267,1596370210,57
2020/8/2 19:10,1596370207,1596370195,12
2020/8/2 19:09,1596370147,1596370141,6
2020/8/2 19:08,1596370087,1596370024,63
2020/8/2 19:07,1596370027,1596370024,3
2020/8/2 19:06,1596369967,1596369717,250
2020/8/2 19:05,1596369907,1596369717,190
2020/8/2 19:04,1596369847,1596369717,130
2020/8/2 19:03,1596369787,1596369717,70
2020/8/2 19:02,1596369727,1596369717,10
2020/8/2 19:01,1596369667,1596369593,74
2020/8/2 19:00,1596369607,1596369593,14
2020/8/2 18:59,1596369547,1596369544,3
2020/8/2 18:58,1596369487,1596369485,2
2020/8/2 18:57,1596369427,1596369386,41
2020/8/2 18:56,1596369367,1596369347,20
2020/8/2 18:55,1596369307,1596369299,8
2020/8/2 18:54,1596369248,1596369244,4
2020/8/2 18:53,1596369187,1596369026,161
2020/8/2 18:52,1596369127,1596369026,101
2020/8/2 18:51,1596369067,1596369026,41
2020/8/2 18:50,1596369007,1596368887,120
2020/8/2 18:49,1596368947,1596368887,60
2020/8/2 18:48,1596368887,1596368884,3
2020/8/2 18:47,1596368827,1596368819,8
2020/8/2 18:46,1596368768,1596368689,79
2020/8/2 18:45,1596368707,1596368689,18
2020/8/2 18:44,1596368647,1596368615,32
2020/8/2 18:43,1596368587,1596368572,15
2020/8/2 18:42,1596368527,1596368482,45
2020/8/2 18:41,1596368467,1596368381,86
2020/8/2 18:40,1596368407,1596368381,26
2020/8/2 18:39,1596368347,1596368299,48
2020/8/2 18:38,1596368287,1596368208,79
2020/8/2 18:37,1596368227,1596368208,19
2020/8/2 18:36,1596368167,1596368095,72
2020/8/2 18:35,1596368107,1596368095,12
2020/8/2 18:34,1596368047,1596368035,12
2020/8/2 18:33,1596367987,1596367933,54
2020/8/2 18:32,1596367927,1596367607,320
2020/8/2 18:31,1596367867,1596367607,260
2020/8/2 18:30,1596367807,1596367607,200
2020/8/2 18:29,1596367747,1596367607,140
2020/8/2 18:28,1596367687,1596367607,80
2020/8/2 18:27,1596367627,1596367607,20
2020/8/2 18:26,1596367567,1596367562,5
2020/8/2 18:25,1596367507,1596367401,106
2020/8/2 18:24,1596367447,1596367401,46
2020/8/2 18:23,1596367387,1596367298,89
2020/8/2 18:22,1596367327,1596367298,29
2020/8/2 18:21,1596367267,1596367227,40
2020/8/2 18:20,1596367207,1596367176,31
2020/8/2 18:19,1596367147,1596367141,6
2020/8/2 18:18,1596367087,1596367068,19
2020/8/2 18:17,1596367027,1596367023,4
2020/8/2 18:16,1596366967,1596366942,25
2020/8/2 18:15,1596366907,1596366847,60
2020/8/2 18:14,1596366847,1596366817,30
2020/8/2 18:13,1596366787,1596366716,71
2020/8/2 18:12,1596366727,1596366716,11
2020/8/2 18:11,1596366667,1596366646,21
2020/8/2 18:10,1596366607,1596366601,6
2020/8/2 18:09,1596366547,1596366462,85
2020/8/2 18:08,1596366487,1596366462,25
2020/8/2 18:07,1596366427,1596366391,36
2020/8/2 18:06,1596366367,1596366319,48
2020/8/2 18:05,1596366307,1596366266,41
2020/8/2 18:04,1596366247,1596366245,2
2020/8/2 18:03,1596366187,1596366143,44
2020/8/2 18:02,1596366127,1596366125,2
2020/8/2 18:01,1596366067,1596366066,1
2020/8/2 18:00,1596366007,1596366003,4
2020/8/2 17:59,1596365947,1596365944,3
2020/8/2 17:58,1596365887,1596365838,49
2020/8/2 17:57,1596365827,1596365827,0
2020/8/2 17:56,1596365767,1596365767,0
2020/8/2 17:55,1596365707,1596365657,50
2020/8/2 17:54,1596365647,1596365647,0
2020/8/2 17:53,1596365587,1596365546,41
2020/8/2 17:52,1596365527,1596365505,22
2020/8/2 17:51,1596365467,1596365464,3
2020/8/2 17:50,1596365407,1596365402,5
2020/8/2 17:49,1596365347,1596365297,50
2020/8/2 17:48,1596365287,1596365224,63
2020/8/2 17:47,1596365227,1596365224,3
2020/8/2 17:46,1596365167,1596365145,22
2020/8/2 17:45,1596365107,1596365103,4
2020/8/2 17:44,1596365047,1596365013,34
2020/8/2 17:43,1596364987,1596364920,67
2020/8/2 17:42,1596364927,1596364920,7
2020/8/2 17:41,1596364867,1596364816,51
2020/8/2 17:40,1596364807,1596364786,21
2020/8/2 17:39,1596364747,1596364746,1
2020/8/2 17:38,1596364687,1596364623,64
2020/8/2 17:37,1596364627,1596364623,4
2020/8/2 17:36,1596364567,1596364564,3
2020/8/2 17:35,1596364507,1596364505,2
2020/8/2 17:34,1596364447,1596364446,1
2020/8/2 17:33,1596364387,1596364364,23
2020/8/2 17:32,1596364327,1596364326,1
2020/8/2 17:31,1596364267,1596364233,34
2020/8/2 17:30,1596364207,1596364177,30
2020/8/2 17:29,1596364147,1596364146,1
2020/8/2 17:28,1596364087,1596364080,7
2020/8/2 17:27,1596364027,1596363998,29
2020/8/2 17:26,1596363967,1596363917,50
2020/8/2 17:25,1596363907,1596363836,71
2020/8/2 17:24,1596363847,1596363836,11
2020/8/2 17:23,1596363787,1596363785,2
2020/8/2 17:22,1596363727,1596363714,13
2020/8/2 17:21,1596363667,1596363625,42
2020/8/2 17:20,1596363607,1596363571,36
2020/8/2 17:19,1596363547,1596363530,17
2020/8/2 17:18,1596363487,1596363484,3
2020/8/2 17:17,1596363427,1596363387,40
2020/8/2 17:16,1596363367,1596363286,81
2020/8/2 17:15,1596363307,1596363286,21
2020/8/2 17:14,1596363247,1596363205,42
2020/8/2 17:13,1596363187,1596363052,135
2020/8/2 17:12,1596363127,1596363052,75
2020/8/2 17:11,1596363067,1596363052,15
2020/8/2 17:10,1596363007,1596362937,70
2020/8/2 17:09,1596362947,1596362937,10
2020/8/2 17:08,1596362887,1596362859,28
2020/8/2 17:07,1596362827,1596362808,19
2020/8/2 17:06,1596362767,1596362767,0
2020/8/2 17:05,1596362707,1596362665,42
2020/8/2 17:04,1596362647,1596362625,22
2020/8/2 17:03,1596362587,1596362544,43
2020/8/2 17:02,1596362527,1596362503,24
2020/8/2 17:01,1596362467,1596362452,15
2020/8/2 17:00,1596362407,1596362391,16
2020/8/2 16:59,1596362347,1596362343,4
2020/8/2 16:58,1596362287,1596362177,110
2020/8/2 16:57,1596362227,1596362177,50
2020/8/2 16:56,1596362167,1596362076,91
2020/8/2 16:55,1596362107,1596362076,31
2020/8/2 16:54,1596362047,1596362005,42
2020/8/2 16:53,1596361987,1596361893,94
2020/8/2 16:52,1596361927,1596361893,34
2020/8/2 16:51,1596361867,1596361842,25
2020/8/2 16:50,1596361807,1596361791,16
2020/8/2 16:49,1596361747,1596361742,5
2020/8/2 16:48,1596361687,1596361676,11
2020/8/2 16:47,1596361627,1596361517,110
2020/8/2 16:46,1596361567,1596361517,50
2020/8/2 16:45,1596361507,1596361455,52
2020/8/2 16:44,1596361447,1596361440,7
2020/8/2 16:43,1596361387,1596361383,4
2020/8/2 16:42,1596361327,1596361322,5
2020/8/2 16:41,1596361267,1596361266,1
2020/8/2 16:40,1596361207,1596361199,8
2020/8/2 16:39,1596361147,1596361087,60
2020/8/2 16:38,1596361087,1596361020,67
2020/8/2 16:37,1596361027,1596361020,7
2020/8/2 16:36,1596360967,1596360933,34
2020/8/2 16:35,1596360907,1596360872,35
2020/8/2 16:34,1596360847,1596360811,36
2020/8/2 16:33,1596360787,1596360730,57
2020/8/2 16:32,1596360727,1596360689,38
2020/8/2 16:31,1596360667,1596360586,81
2020/8/2 16:30,1596360607,1596360586,21
2020/8/2 16:29,1596360547,1596360525,22
2020/8/2 16:28,1596360487,1596360484,3
2020/8/2 16:27,1596360427,1596360426,1
2020/8/2 16:26,1596360367,1596360332,35
2020/8/2 16:25,1596360307,1596360306,1
2020/8/2 16:24,1596360247,1596360199,48
2020/8/2 16:23,1596360187,1596360165,22
2020/8/2 16:22,1596360127,1596360096,31
2020/8/2 16:21,1596360067,1596360005,62
2020/8/2 16:20,1596360007,1596360005,2
2020/8/2 16:19,1596359947,1596359945,2
2020/8/2 16:18,1596359887,1596359863,24
2020/8/2 16:17,1596359827,1596359751,76
2020/8/2 16:16,1596359767,1596359751,16
2020/8/2 16:15,1596359707,1596359701,6
2020/8/2 16:14,1596359647,1596359635,12
2020/8/2 16:13,1596359587,1596359546,41
2020/8/2 16:12,1596359527,1596359526,1
2020/8/2 16:11,1596359467,1596359434,33
2020/8/2 16:10,1596359407,1596359383,24
2020/8/2 16:09,1596359347,1596359341,6
2020/8/2 16:08,1596359287,1596359285,2
2020/8/2 16:07,1596359227,1596359200,27
2020/8/2 16:06,1596359167,1596359129,38
2020/8/2 16:05,1596359107,1596359088,19
2020/8/2 16:04,1596359047,1596358973,74
2020/8/2 16:03,1596358987,1596358973,14
2020/8/2 16:02,1596358928,1596358896,32
2020/8/2 16:01,1596358867,1596358861,6
2020/8/2 16:00,1596358807,1596358753,54
2020/8/2 15:59,1596358747,1596358739,8
2020/8/2 15:58,1596358687,1596358646,41
2020/8/2 15:57,1596358627,1596358596,31
2020/8/2 15:56,1596358567,1596358521,46
2020/8/2 15:55,1596358507,1596358428,79
2020/8/2 15:54,1596358447,1596358428,19
2020/8/2 15:53,1596358387,1596358316,71
2020/8/2 15:52,1596358327,1596358316,11
2020/8/2 15:51,1596358267,1596358245,22
2020/8/2 15:50,1596358207,1596358194,13
2020/8/2 15:49,1596358147,1596358117,30
2020/8/2 15:48,1596358087,1596358063,24
2020/8/2 15:47,1596358027,1596358012,15
2020/8/2 15:46,1596357967,1596357962,5
2020/8/2 15:45,1596357907,1596357890,17
2020/8/2 15:44,1596357847,1596357799,48
2020/8/2 15:43,1596357787,1596357749,38
2020/8/2 15:42,1596357727,1596357726,1
2020/8/2 15:41,1596357667,1596357529,138
2020/8/2 15:40,1596357607,1596357529,78
2020/8/2 15:39,1596357547,1596357529,18
2020/8/2 15:38,1596357487,1596357485,2
2020/8/2 15:37,1596357427,1596357422,5
2020/8/2 15:36,1596357367,1596357365,2
2020/8/2 15:35,1596357307,1596357273,34
2020/8/2 15:34,1596357247,1596357221,26
2020/8/2 15:33,1596357187,1596357176,11
2020/8/2 15:32,1596357127,1596357069,58
2020/8/2 15:31,1596357067,1596357019,48
2020/8/2 15:30,1596357007,1596356956,51
2020/8/2 15:29,1596356947,1596356943,4
2020/8/2 15:28,1596356887,1596356886,1
2020/8/2 15:27,1596356827,1596356775,52
2020/8/2 15:26,1596356767,1596356744,23
2020/8/2 15:25,1596356707,1596356663,44
2020/8/2 15:24,1596356647,1596356545,102
2020/8/2 15:23,1596356587,1596356545,42
2020/8/2 15:22,1596356527,1596356523,4
2020/8/2 15:21,1596356467,1596356461,6
2020/8/2 15:20,1596356407,1596356339,68
2020/8/2 15:19,1596356347,1596356339,8
2020/8/2 15:18,1596356287,1596356115,172
2020/8/2 15:17,1596356227,1596356115,112
2020/8/2 15:16,1596356167,1596356115,52
2020/8/2 15:15,1596356107,1596355994,113
2020/8/2 15:14,1596356047,1596355994,53
2020/8/2 15:13,1596355987,1596355933,54
2020/8/2 15:12,1596355927,1596355780,147
2020/8/2 15:11,1596355867,1596355780,87
2020/8/2 15:10,1596355807,1596355780,27
2020/8/2 15:09,1596355747,1596355624,123
2020/8/2 15:08,1596355687,1596355624,63
2020/8/2 15:07,1596355627,1596355624,3
2020/8/2 15:06,1596355567,1596355566,1
2020/8/2 15:05,1596355507,1596355385,122
2020/8/2 15:04,1596355447,1596355385,62
2020/8/2 15:03,1596355387,1596355385,2
2020/8/2 15:02,1596355327,1596355304,23
2020/8/2 15:01,1596355267,1596355251,16
2020/8/2 15:00,1596355207,1596355081,126
2020/8/2 14:59,1596355147,1596355081,66
2020/8/2 14:58,1596355087,1596355081,6
2020/8/2 14:57,1596355027,1596355019,8
2020/8/2 14:56,1596354967,1596354938,29
2020/8/2 14:55,1596354907,1596354888,19
2020/8/2 14:54,1596354847,1596354756,91
2020/8/2 14:53,1596354787,1596354756,31
2020/8/2 14:52,1596354727,1596354714,13
2020/8/2 14:51,1596354667,1596354644,23
2020/8/2 14:50,1596354607,1596354604,3
2020/8/2 14:49,1596354547,1596354547,0
2020/8/2 14:48,1596354487,1596354487,0
2020/8/2 14:47,1596354427,1596354404,23
2020/8/2 14:46,1596354367,1596354362,5
2020/8/2 14:45,1596354307,1596354271,36
2020/8/2 14:44,1596354247,1596354198,49
2020/8/2 14:43,1596354187,1596354096,91
2020/8/2 14:42,1596354127,1596354096,31
2020/8/2 14:41,1596354067,1596354065,2
2020/8/2 14:40,1596354007,1596353994,13
2020/8/2 14:39,1596353947,1596353934,13
2020/8/2 14:38,1596353887,1596353852,35
2020/8/2 14:37,1596353827,1596353816,11
2020/8/2 14:36,1596353767,1596353723,44
2020/8/2 14:35,1596353707,1596353700,7
2020/8/2 14:34,1596353647,1596353634,13
2020/8/2 14:33,1596353587,1596353539,48
2020/8/2 14:32,1596353527,1596353525,2
2020/8/2 14:31,1596353467,1596353464,3
2020/8/2 14:30,1596353407,1596353396,11
2020/8/2 14:29,1596353347,1596353284,63
2020/8/2 14:28,1596353287,1596353284,3
2020/8/2 14:27,1596353227,1596353162,65
2020/8/2 14:26,1596353167,1596353162,5
2020/8/2 14:25,1596353107,1596353107,0
2020/8/2 14:24,1596353047,1596353041,6
2020/8/2 14:23,1596352987,1596352977,10
2020/8/2 14:22,1596352927,1596352919,8
2020/8/2 14:21,1596352867,1596352868,-1
2020/8/2 14:20,1596352807,1596352736,71
2020/8/2 14:19,1596352747,1596352736,11
2020/8/2 14:18,1596352687,1596352686,1
2020/8/2 14:17,1596352627,1596352625,2
2020/8/2 14:16,1596352567,1596352565,2
2020/8/2 14:15,1596352507,1596352463,44
2020/8/2 14:14,1596352447,1596352382,65
2020/8/2 14:13,1596352387,1596352382,5
2020/8/2 14:12,1596352327,1596352320,7
2020/8/2 14:11,1596352267,1596352259,8
2020/8/2 14:10,1596352207,1596352198,9
2020/8/2 14:09,1596352147,1596352140,7
2020/8/2 14:08,1596352087,1596352076,11
2020/8/2 14:07,1596352027,1596352005,22
2020/8/2 14:06,1596351967,1596351944,23
2020/8/2 14:05,1596351907,1596351863,44
2020/8/2 14:04,1596351847,1596351842,5
2020/8/2 14:03,1596351787,1596351782,5
2020/8/2 14:02,1596351727,1596351710,17
2020/8/2 14:01,1596351667,1596351663,4
2020/8/2 14:00,1596351607,1596351602,5
2020/8/2 13:59,1596351547,1596351528,19
2020/8/2 13:58,1596351487,1596351487,0
2020/8/2 13:57,1596351427,1596351386,41
2020/8/2 13:56,1596351367,1596351305,62
2020/8/2 13:55,1596351307,1596351305,2
2020/8/2 13:54,1596351247,1596351244,3
2020/8/2 13:53,1596351187,1596351183,4
2020/8/2 13:52,1596351127,1596351041,86
2020/8/2 13:51,1596351067,1596351041,26
2020/8/2 13:50,1596351007,1596350910,97
2020/8/2 13:49,1596350947,1596350910,37
2020/8/2 13:48,1596350887,1596350848,39
2020/8/2 13:47,1596350827,1596350798,29
2020/8/2 13:46,1596350767,1596350758,9
2020/8/2 13:45,1596350707,1596350707,0
2020/8/2 13:44,1596350647,1596350619,28
2020/8/2 13:43,1596350587,1596350585,2
2020/8/2 13:42,1596350527,1596350494,33
2020/8/2 13:41,1596350467,1596350453,14
2020/8/2 13:40,1596350407,1596350382,25
2020/8/2 13:39,1596350347,1596350322,25
2020/8/2 13:38,1596350287,1596350277,10
2020/8/2 13:37,1596350227,1596350169,58
2020/8/2 13:36,1596350167,1596350108,59
2020/8/2 13:35,1596350107,1596350067,40
2020/8/2 13:34,1596350047,1596350017,30
2020/8/2 13:33,1596349987,1596349936,51
2020/8/2 13:32,1596349927,1596349834,93
2020/8/2 13:31,1596349867,1596349834,33
2020/8/2 13:30,1596349808,1596349733,75
2020/8/2 13:29,1596349747,1596349733,14
2020/8/2 13:28,1596349687,1596349672,15
2020/8/2 13:27,1596349627,1596349601,26
2020/8/2 13:26,1596349567,1596349530,37
2020/8/2 13:25,1596349507,1596349459,48
2020/8/2 13:24,1596349447,1596349439,8
2020/8/2 13:23,1596349387,1596349276,111
2020/8/2 13:22,1596349327,1596349276,51
2020/8/2 13:21,1596349267,1596349135,132
2020/8/2 13:20,1596349207,1596349135,72
2020/8/2 13:19,1596349147,1596349135,12
2020/8/2 13:18,1596349087,1596348982,105
2020/8/2 13:17,1596349027,1596348982,45
2020/8/2 13:16,1596348967,1596348871,96
2020/8/2 13:15,1596348907,1596348871,36
2020/8/2 13:14,1596348847,1596348847,0
2020/8/2 13:13,1596348787,1596348786,1
2020/8/2 13:12,1596348728,1596348688,40
2020/8/2 13:11,1596348667,1596348607,60
2020/8/2 13:10,1596348607,1596348607,0
2020/8/2 13:09,1596348547,1596348516,31
2020/8/2 13:08,1596348487,1596348374,113
2020/8/2 13:07,1596348427,1596348374,53
2020/8/2 13:06,1596348367,1596348328,39
2020/8/2 13:05,1596348307,1596348306,1
2020/8/2 13:04,1596348247,1596348201,46
2020/8/2 13:03,1596348187,1596348049,138
2020/8/2 13:02,1596348127,1596348049,78
2020/8/2 13:01,1596348067,1596348049,18
2020/8/2 13:00,1596348007,1596348004,3
2020/8/2 12:59,1596347947,1596347937,10
2020/8/2 12:58,1596347887,1596347859,28
2020/8/2 12:57,1596347827,1596347785,42
2020/8/2 12:56,1596347767,1596347754,13
2020/8/2 12:55,1596347707,1596347675,32
2020/8/2 12:54,1596347647,1596347648,-1
2020/8/2 12:53,1596347587,1596347574,13
2020/8/2 12:52,1596347527,1596347490,37
2020/8/2 12:51,1596347467,1596347453,14
2020/8/2 12:50,1596347407,1596347399,8
2020/8/2 12:49,1596347347,1596347341,6
2020/8/2 12:48,1596347287,1596347278,9
2020/8/2 12:47,1596347227,1596347195,32
2020/8/2 12:46,1596347167,1596347156,11
2020/8/2 12:45,1596347107,1596347054,53
2020/8/2 12:44,1596347047,1596346992,55
2020/8/2 12:43,1596346987,1596346932,55
2020/8/2 12:42,1596346927,1596346891,36
2020/8/2 12:41,1596346867,1596346860,7
2020/8/2 12:40,1596346807,1596346790,17
2020/8/2 12:39,1596346747,1596346719,28
2020/8/2 12:38,1596346687,1596346687,0
2020/8/2 12:37,1596346627,1596346618,9
2020/8/2 12:36,1596346567,1596346566,1
2020/8/2 12:35,1596346507,1596346499,8
2020/8/2 12:34,1596346447,1596346443,4
2020/8/2 12:33,1596346387,1596346292,95
2020/8/2 12:32,1596346327,1596346292,35
2020/8/2 12:31,1596346267,1596346241,26
2020/8/2 12:30,1596346207,1596346187,20
2020/8/2 12:29,1596346147,1596346148,-1
2020/8/2 12:28,1596346087,1596346079,8
2020/8/2 12:27,1596346027,1596346028,-1
2020/8/2 12:26,1596345967,1596345967,0
2020/8/2 12:25,1596345907,1596345804,103
2020/8/2 12:24,1596345847,1596345804,43
2020/8/2 12:23,1596345787,1596345743,44
2020/8/2 12:22,1596345727,1596345673,54
2020/8/2 12:21,1596345667,1596345570,97
2020/8/2 12:20,1596345607,1596345570,37
2020/8/2 12:19,1596345547,1596345532,15
2020/8/2 12:18,1596345487,1596345416,71
2020/8/2 12:17,1596345427,1596345416,11
2020/8/2 12:16,1596345367,1596345347,20
2020/8/2 12:15,1596345307,1596345307,0
2020/8/2 12:14,1596345247,1596345205,42
2020/8/2 12:13,1596345187,1596345171,16
2020/8/2 12:12,1596345127,1596345073,54
2020/8/2 12:11,1596345067,1596345052,15
2020/8/2 12:10,1596345007,1596345000,7
2020/8/2 12:09,1596344947,1596344941,6
2020/8/2 12:08,1596344887,1596344882,5
2020/8/2 12:07,1596344827,1596344809,18
2020/8/2 12:06,1596344767,1596344747,20
2020/8/2 12:05,1596344707,1596344707,0
2020/8/2 12:04,1596344647,1596344646,1
2020/8/2 12:03,1596344587,1596344554,33
2020/8/2 12:02,1596344527,1596344497,30
2020/8/2 12:01,1596344467,1596344391,76
2020/8/2 12:00,1596344407,1596344391,16
2020/8/2 11:59,1596344347,1596344260,87
2020/8/2 11:58,1596344287,1596344260,27
2020/8/2 11:57,1596344227,1596344178,49
2020/8/2 11:56,1596344167,1596344127,40
2020/8/2 11:55,1596344107,1596344061,46
2020/8/2 11:54,1596344047,1596344016,31
2020/8/2 11:53,1596343987,1596343985,2
2020/8/2 11:52,1596343927,1596343914,13
2020/8/2 11:51,1596343867,1596343843,24
2020/8/2 11:50,1596343807,1596343751,56
2020/8/2 11:49,1596343747,1596343721,26
2020/8/2 11:48,1596343687,1596343670,17
2020/8/2 11:47,1596343627,1596343559,68
2020/8/2 11:46,1596343567,1596343559,8
2020/8/2 11:45,1596343507,1596343411,96
2020/8/2 11:44,1596343447,1596343411,36
2020/8/2 11:43,1596343387,1596343345,42
2020/8/2 11:42,1596343327,1596343274,53
2020/8/2 11:41,1596343267,1596343215,52
2020/8/2 11:40,1596343207,1596343152,55
2020/8/2 11:39,1596343147,1596342999,148
2020/8/2 11:38,1596343087,1596342999,88
2020/8/2 11:37,1596343027,1596342999,28
2020/8/2 11:36,1596342967,1596342942,25
2020/8/2 11:35,1596342907,1596342871,36
2020/8/2 11:34,1596342847,1596342836,11
2020/8/2 11:33,1596342787,1596342786,1
2020/8/2 11:32,1596342727,1596342697,30
2020/8/2 11:31,1596342667,1596342623,44
2020/8/2 11:30,1596342607,1596342592,15
2020/8/2 11:29,1596342547,1596342541,6
2020/8/2 11:28,1596342487,1596342487,0
2020/8/2 11:27,1596342427,1596342420,7
2020/8/2 11:26,1596342367,1596342359,8
2020/8/2 11:25,1596342307,1596342287,20
2020/8/2 11:24,1596342247,1596342237,10
2020/8/2 11:23,1596342187,1596342145,42
2020/8/2 11:22,1596342127,1596342115,12
2020/8/2 11:21,1596342067,1596342054,13
2020/8/2 11:20,1596342007,1596341963,44
2020/8/2 11:19,1596341947,1596341933,14
2020/8/2 11:18,1596341887,1596341879,8
2020/8/2 11:17,1596341827,1596341821,6
2020/8/2 11:16,1596341767,1596341767,0
2020/8/2 11:15,1596341707,1596341658,49
2020/8/2 11:14,1596341647,1596341603,44
2020/8/2 11:13,1596341587,1596341516,71
2020/8/2 11:12,1596341527,1596341516,11
2020/8/2 11:11,1596341467,1596341313,154
2020/8/2 11:10,1596341407,1596341313,94
2020/8/2 11:09,1596341347,1596341313,34
2020/8/2 11:08,1596341287,1596341222,65
2020/8/2 11:07,1596341227,1596341222,5
2020/8/2 11:06,1596341167,1596341148,19
2020/8/2 11:05,1596341107,1596341106,1
2020/8/2 11:04,1596341047,1596340988,59
2020/8/2 11:03,1596340987,1596340907,80
2020/8/2 11:02,1596340927,1596340907,20
2020/8/2 11:01,1596340867,1596340819,48
2020/8/2 11:00,1596340807,1596340748,59
2020/8/2 10:59,1596340747,1596340747,0
2020/8/2 10:58,1596340687,1596340643,44
2020/8/2 10:57,1596340627,1596340592,35
2020/8/2 10:56,1596340567,1596340561,6
2020/8/2 10:55,1596340507,1596340502,5
2020/8/2 10:54,1596340447,1596340447,0
2020/8/2 10:53,1596340387,1596340379,8
2020/8/2 10:52,1596340327,1596340321,6
2020/8/2 10:51,1596340267,1596340264,3
2020/8/2 10:50,1596340207,1596340191,16
2020/8/2 10:49,1596340147,1596340115,32
2020/8/2 10:48,1596340087,1596340026,61
2020/8/2 10:47,1596340027,1596340026,1
2020/8/2 10:46,1596339967,1596339946,21
2020/8/2 10:45,1596339907,1596339861,46
2020/8/2 10:44,1596339847,1596339840,7
2020/8/2 10:43,1596339787,1596339780,7
2020/8/2 10:42,1596339727,1596339688,39
2020/8/2 10:41,1596339667,1596339624,43
2020/8/2 10:40,1596339607,1596339576,31
2020/8/2 10:39,1596339547,1596339526,21
2020/8/2 10:38,1596339487,1596339480,7
2020/8/2 10:37,1596339427,1596339420,7
2020/8/2 10:36,1596339367,1596339363,4
2020/8/2 10:35,1596339307,1596339267,40
2020/8/2 10:34,1596339247,1596339242,5
2020/8/2 10:33,1596339187,1596339130,57
2020/8/2 10:32,1596339127,1596339119,8
2020/8/2 10:31,1596339067,1596339055,12
2020/8/2 10:30,1596339007,1596339002,5
2020/8/2 10:29,1596338947,1596338927,20
2020/8/2 10:28,1596338887,1596338873,14
2020/8/2 10:27,1596338827,1596338804,23
2020/8/2 10:26,1596338767,1596338744,23
2020/8/2 10:25,1596338707,1596338693,14
2020/8/2 10:24,1596338647,1596338612,35
2020/8/2 10:23,1596338587,1596338572,15
2020/8/2 10:22,1596338527,1596338521,6
2020/8/2 10:21,1596338467,1596338404,63
2020/8/2 10:20,1596338407,1596338404,3
2020/8/2 10:19,1596338347,1596338320,27
2020/8/2 10:18,1596338287,1596338277,10
2020/8/2 10:17,1596338227,1596338218,9
2020/8/2 10:16,1596338167,1596338166,1
2020/8/2 10:15,1596338107,1596338105,2
2020/8/2 10:14,1596338047,1596338043,4
2020/8/2 10:13,1596337987,1596337891,96
2020/8/2 10:12,1596337927,1596337891,36
2020/8/2 10:11,1596337867,1596337771,96
2020/8/2 10:10,1596337807,1596337771,36
2020/8/2 10:09,1596337747,1596337682,65
2020/8/2 10:08,1596337687,1596337682,5
2020/8/2 10:07,1596337627,1596337621,6
2020/8/2 10:06,1596337567,1596337485,82
2020/8/2 10:05,1596337507,1596337485,22
2020/8/2 10:04,1596337447,1596337333,114
2020/8/2 10:03,1596337387,1596337333,54
2020/8/2 10:02,1596337327,1596337251,76
2020/8/2 10:01,1596337267,1596337251,16
2020/8/2 10:00,1596337207,1596337190,17
2020/8/2 09:59,1596337147,1596337146,1
2020/8/2 09:58,1596337087,1596337081,6
2020/8/2 09:57,1596337027,1596337008,19
2020/8/2 09:56,1596336967,1596336925,42
2020/8/2 09:55,1596336907,1596336844,63
2020/8/2 09:54,1596336847,1596336844,3
2020/8/2 09:53,1596336787,1596336773,14
2020/8/2 09:52,1596336727,1596336661,66
2020/8/2 09:51,1596336667,1596336661,6
2020/8/2 09:50,1596336607,1596336566,41
2020/8/2 09:49,1596336547,1596336468,79
2020/8/2 09:48,1596336487,1596336468,19
2020/8/2 09:47,1596336427,1596336346,81
2020/8/2 09:46,1596336367,1596336346,21
2020/8/2 09:45,1596336307,1596336303,4
2020/8/2 09:44,1596336247,1596336242,5
2020/8/2 09:43,1596336187,1596336171,16
2020/8/2 09:42,1596336127,1596336113,14
2020/8/2 09:41,1596336067,1596336002,65
2020/8/2 09:40,1596336007,1596336002,5
2020/8/2 09:39,1596335947,1596335946,1
2020/8/2 09:38,1596335887,1596335849,38
2020/8/2 09:37,1596335827,1596335686,141
2020/8/2 09:36,1596335767,1596335686,81
2020/8/2 09:35,1596335707,1596335686,21
2020/8/2 09:34,1596335647,1596335554,93
2020/8/2 09:33,1596335587,1596335554,33
2020/8/2 09:32,1596335527,1596335486,41
2020/8/2 09:31,1596335468,1596335458,10
2020/8/2 09:30,1596335407,1596335371,36
2020/8/2 09:29,1596335347,1596335320,27
2020/8/2 09:28,1596335287,1596335239,48
2020/8/2 09:27,1596335227,1596335149,78
2020/8/2 09:26,1596335167,1596335149,18
2020/8/2 09:25,1596335107,1596335057,50
2020/8/2 09:24,1596335047,1596335010,37
2020/8/2 09:23,1596334987,1596334986,1
2020/8/2 09:22,1596334927,1596334894,33
2020/8/2 09:21,1596334867,1596334824,43
2020/8/2 09:20,1596334807,1596334783,24
2020/8/2 09:19,1596334747,1596334723,24
2020/8/2 09:18,1596334687,1596334651,36
2020/8/2 09:17,1596334627,1596334617,10
2020/8/2 09:16,1596334567,1596334529,38
2020/8/2 09:15,1596334507,1596334488,19
2020/8/2 09:14,1596334447,1596334447,0
2020/8/2 09:13,1596334387,1596334372,15
2020/8/2 09:12,1596334327,1596334314,13
2020/8/2 09:11,1596334267,1596334263,4
2020/8/2 09:10,1596334207,1596334201,6
2020/8/2 09:09,1596334147,1596334139,8
2020/8/2 09:08,1596334087,1596334066,21
2020/8/2 09:07,1596334027,1596333985,42
2020/8/2 09:06,1596333967,1596333958,9
2020/8/2 09:05,1596333907,1596333901,6
2020/8/2 09:04,1596333847,1596333833,14
2020/8/2 09:03,1596333787,1596333781,6
2020/8/2 09:02,1596333727,1596333708,19
2020/8/2 09:01,1596333667,1596333651,16
2020/8/2 09:00,1596333607,1596333597,10
2020/8/2 08:59,1596333547,1596333515,32
2020/8/2 08:58,1596333487,1596333480,7
2020/8/2 08:57,1596333427,1596333413,14
2020/8/2 08:56,1596333367,1596333339,28
2020/8/2 08:55,1596333307,1596333270,37
2020/8/2 08:54,1596333247,1596333242,5
2020/8/2 08:53,1596333187,1596333184,3
2020/8/2 08:52,1596333127,1596333059,68
2020/8/2 08:51,1596333067,1596333059,8
2020/8/2 08:50,1596333007,1596332977,30
2020/8/2 08:49,1596332947,1596332936,11
2020/8/2 08:48,1596332887,1596332855,32
2020/8/2 08:47,1596332827,1596332774,53
2020/8/2 08:46,1596332767,1596332753,14
2020/8/2 08:45,1596332707,1596332693,14
2020/8/2 08:44,1596332647,1596332633,14
2020/8/2 08:43,1596332587,1596332547,40
2020/8/2 08:42,1596332527,1596332527,0
2020/8/2 08:41,1596332467,1596332460,7
2020/8/2 08:40,1596332407,1596332400,7
2020/8/2 08:39,1596332347,1596332338,9
2020/8/2 08:38,1596332287,1596332237,50
2020/8/2 08:37,1596332227,1596332217,10
2020/8/2 08:36,1596332167,1596332165,2
2020/8/2 08:35,1596332108,1596332105,3
2020/8/2 08:34,1596332047,1596331973,74
2020/8/2 08:33,1596331987,1596331973,14
2020/8/2 08:32,1596331927,1596331911,16
2020/8/2 08:31,1596331867,1596331860,7
2020/8/2 08:30,1596331807,1596331800,7
2020/8/2 08:29,1596331747,1596331698,49
2020/8/2 08:28,1596331687,1596331677,10
2020/8/2 08:27,1596331627,1596331617,10
2020/8/2 08:26,1596331567,1596331519,48
2020/8/2 08:25,1596331507,1596331505,2
2020/8/2 08:24,1596331447,1596331434,13
2020/8/2 08:23,1596331387,1596331385,2
2020/8/2 08:22,1596331327,1596331241,86
2020/8/2 08:21,1596331267,1596331241,26
2020/8/2 08:20,1596331207,1596331195,12
2020/8/2 08:19,1596331147,1596331121,26
2020/8/2 08:18,1596331087,1596331014,73
2020/8/2 08:17,1596331027,1596331014,13
2020/8/2 08:16,1596330967,1596330952,15
2020/8/2 08:15,1596330907,1596330860,47
2020/8/2 08:14,1596330847,1596330822,25
2020/8/2 08:13,1596330787,1596330764,23
2020/8/2 08:12,1596330727,1596330698,29
2020/8/2 08:11,1596330667,1596330648,19
2020/8/2 08:10,1596330607,1596330586,21
2020/8/2 08:09,1596330547,1596330546,1
2020/8/2 08:08,1596330487,1596330486,1
2020/8/2 08:07,1596330427,1596330403,24
2020/8/2 08:06,1596330367,1596330352,15
2020/8/2 08:05,1596330307,1596330257,50
2020/8/2 08:04,1596330247,1596330240,7
2020/8/2 08:03,1596330187,1596330146,41
2020/8/2 08:02,1596330127,1596330107,20
2020/8/2 08:01,1596330067,1596330046,21
2020/8/2 08:00,1596330007,1596329949,58
2020/8/2 07:59,1596329947,1596329925,22
2020/8/2 07:58,1596329887,1596329884,3
2020/8/2 07:57,1596329827,1596329798,29
2020/8/2 07:56,1596329767,1596329755,12
2020/8/2 07:55,1596329707,1596329700,7
2020/8/2 07:54,1596329647,1596329630,17
2020/8/2 07:53,1596329587,1596329587,0
2020/8/2 07:52,1596329527,1596329527,0
2020/8/2 07:51,1596329467,1596329406,61
2020/8/2 07:50,1596329407,1596329406,1
2020/8/2 07:49,1596329347,1596329284,63
2020/8/2 07:48,1596329287,1596329284,3
2020/8/2 07:47,1596329227,1596329204,23
2020/8/2 07:46,1596329167,1596329122,45
2020/8/2 07:45,1596329107,1596329036,71
2020/8/2 07:44,1596329047,1596329036,11
2020/8/2 07:43,1596328987,1596328957,30
2020/8/2 07:42,1596328927,1596328920,7
2020/8/2 07:41,1596328867,1596328848,19
2020/8/2 07:40,1596328807,1596328777,30
2020/8/2 07:39,1596328747,1596328746,1
2020/8/2 07:38,1596328687,1596328675,12
2020/8/2 07:37,1596328627,1596328624,3
2020/8/2 07:36,1596328567,1596328554,13
2020/8/2 07:35,1596328507,1596328472,35
2020/8/2 07:34,1596328447,1596328385,62
2020/8/2 07:33,1596328387,1596328385,2
2020/8/2 07:32,1596328327,1596328280,47
2020/8/2 07:31,1596328267,1596328239,28
2020/8/2 07:30,1596328207,1596328117,90
2020/8/2 07:29,1596328147,1596328117,30
2020/8/2 07:28,1596328087,1596327965,122
2020/8/2 07:27,1596328027,1596327965,62
2020/8/2 07:26,1596327967,1596327965,2
2020/8/2 07:25,1596327907,1596327905,2
2020/8/2 07:24,1596327847,1596327803,44
2020/8/2 07:23,1596327787,1596327732,55
2020/8/2 07:22,1596327727,1596327727,0
2020/8/2 07:21,1596327667,1596327661,6
2020/8/2 07:20,1596327607,1596327605,2
2020/8/2 07:19,1596327547,1596327529,18
2020/8/2 07:18,1596327487,1596327473,14
2020/8/2 07:17,1596327427,1596327407,20
2020/8/2 07:16,1596327367,1596327244,123
2020/8/2 07:15,1596327307,1596327244,63
2020/8/2 07:14,1596327247,1596327244,3
2020/8/2 07:13,1596327187,1596327160,27
2020/8/2 07:12,1596327127,1596326920,207
2020/8/2 07:11,1596327067,1596326920,147
2020/8/2 07:10,1596327007,1596326920,87
2020/8/2 07:09,1596326947,1596326920,27
2020/8/2 07:08,1596326887,1596326300,587
2020/8/2 07:07,1596326827,1596326300,527
2020/8/2 07:06,1596326767,1596326300,467
2020/8/2 07:05,1596326707,1596326300,407
2020/8/2 07:04,1596326647,1596326300,347
2020/8/2 07:03,1596326587,1596326300,287
2020/8/2 07:02,1596326527,1596326300,227
2020/8/2 07:01,1596326467,1596326300,167
2020/8/2 07:00,1596326407,1596326300,107
2020/8/2 06:59,1596326347,1596326300,47
2020/8/2 06:58,1596326287,1596325997,290
2020/8/2 06:57,1596326227,1596325997,230
2020/8/2 06:56,1596326167,1596325997,170
2020/8/2 06:55,1596326107,1596325997,110
2020/8/2 06:54,1596326047,1596325997,50
2020/8/2 06:53,1596325987,1596325703,284
2020/8/2 06:52,1596325927,1596325703,224
2020/8/2 06:51,1596325867,1596325703,164
2020/8/2 06:50,1596325807,1596325703,104
2020/8/2 06:49,1596325747,1596325703,44
2020/8/2 06:48,1596325687,1596325676,11
2020/8/2 06:47,1596325627,1596325511,116
2020/8/2 06:46,1596325567,1596325511,56
2020/8/2 06:45,1596325507,1596325439,68
2020/8/2 06:44,1596325447,1596325439,8
2020/8/2 06:43,1596325387,1596325317,70
2020/8/2 06:42,1596325327,1596325317,10
2020/8/2 06:41,1596325267,1596325165,102
2020/8/2 06:40,1596325207,1596325165,42
2020/8/2 06:39,1596325147,1596324973,174
2020/8/2 06:38,1596325087,1596324973,114
2020/8/2 06:37,1596325027,1596324973,54
2020/8/2 06:36,1596324967,1596324881,86
2020/8/2 06:35,1596324907,1596324881,26
2020/8/2 06:34,1596324847,1596324804,43
2020/8/2 06:33,1596324787,1596324787,0
2020/8/2 06:32,1596324727,1596324702,25
2020/8/2 06:31,1596324667,1596324586,81
2020/8/2 06:30,1596324607,1596324586,21
2020/8/2 06:29,1596324547,1596324546,1
2020/8/2 06:28,1596324487,1596324454,33
2020/8/2 06:27,1596324427,1596324302,125
2020/8/2 06:26,1596324367,1596324302,65
2020/8/2 06:25,1596324307,1596324302,5
2020/8/2 06:24,1596324247,1596324190,57
2020/8/2 06:23,1596324187,1596324160,27
2020/8/2 06:22,1596324127,1596324119,8
2020/8/2 06:21,1596324067,1596324017,50
2020/8/2 06:20,1596324007,1596324007,0
2020/8/2 06:19,1596323947,1596323879,68
2020/8/2 06:18,1596323887,1596323879,8
2020/8/2 06:17,1596323827,1596323820,7
2020/8/2 06:16,1596323767,1596323754,13
2020/8/2 06:15,1596323707,1596323694,13
2020/8/2 06:14,1596323647,1596323642,5
2020/8/2 06:13,1596323587,1596323581,6
2020/8/2 06:12,1596323527,1596323524,3
2020/8/2 06:11,1596323467,1596323431,36
2020/8/2 06:10,1596323407,1596323388,19
2020/8/2 06:09,1596323347,1596323337,10
2020/8/2 06:08,1596323287,1596323284,3
2020/8/2 06:07,1596323227,1596323174,53
2020/8/2 06:06,1596323167,1596323143,24
2020/8/2 06:05,1596323107,1596323031,76
2020/8/2 06:04,1596323047,1596323031,16
2020/8/2 06:03,1596322987,1596322961,26
2020/8/2 06:02,1596322927,1596322921,6
2020/8/2 06:01,1596322867,1596322850,17
2020/8/2 06:00,1596322807,1596322804,3
2020/8/2 05:59,1596322747,1596322728,19
2020/8/2 05:58,1596322687,1596322667,20
2020/8/2 05:57,1596322627,1596322626,1
2020/8/2 05:56,1596322567,1596322567,0
2020/8/2 05:55,1596322507,1596322484,23
2020/8/2 05:54,1596322447,1596322440,7
2020/8/2 05:53,1596322387,1596322385,2
2020/8/2 05:52,1596322327,1596322312,15
2020/8/2 05:51,1596322267,1596322251,16
2020/8/2 05:50,1596322207,1596322197,10
2020/8/2 05:49,1596322147,1596322128,19
2020/8/2 05:48,1596322087,1596322082,5
2020/8/2 05:47,1596322027,1596322020,7
2020/8/2 05:46,1596321967,1596321926,41
2020/8/2 05:45,1596321907,1596321865,42
2020/8/2 05:44,1596321847,1596321774,73
2020/8/2 05:43,1596321787,1596321774,13
2020/8/2 05:42,1596321727,1596321725,2
2020/8/2 05:41,1596321667,1596321632,35
2020/8/2 05:40,1596321607,1596321573,34
2020/8/2 05:39,1596321547,1596321547,0
2020/8/2 05:38,1596321487,1596321480,7
2020/8/2 05:37,1596321427,1596321426,1
2020/8/2 05:36,1596321367,1596321367,0
2020/8/2 05:35,1596321307,1596321307,0
2020/8/2 05:34,1596321247,1596321237,10
2020/8/2 05:33,1596321187,1596321114,73
2020/8/2 05:32,1596321127,1596321114,13
2020/8/2 05:31,1596321067,1596321067,0
2020/8/2 05:30,1596321007,1596321003,4
2020/8/2 05:29,1596320947,1596320901,46
2020/8/2 05:28,1596320887,1596320881,6
2020/8/2 05:27,1596320827,1596320826,1
2020/8/2 05:26,1596320767,1596320767,0
2020/8/2 05:25,1596320707,1596320697,10
2020/8/2 05:24,1596320647,1596320618,29
2020/8/2 05:23,1596320587,1596320536,51
2020/8/2 05:22,1596320527,1596320499,28
2020/8/2 05:21,1596320467,1596320455,12
2020/8/2 05:20,1596320407,1596320404,3
2020/8/2 05:19,1596320347,1596320262,85
2020/8/2 05:18,1596320287,1596320262,25
2020/8/2 05:17,1596320227,1596320181,46
2020/8/2 05:16,1596320167,1596320120,47
2020/8/2 05:15,1596320107,1596320072,35
2020/8/2 05:14,1596320047,1596320039,8
2020/8/2 05:13,1596319987,1596319958,29
2020/8/2 05:12,1596319927,1596319907,20
2020/8/2 05:11,1596319867,1596319795,72
2020/8/2 05:10,1596319808,1596319795,13
2020/8/2 05:09,1596319747,1596319696,51
2020/8/2 05:08,1596319687,1596319684,3
2020/8/2 05:07,1596319627,1596319593,34
2020/8/2 05:06,1596319567,1596319556,11
2020/8/2 05:05,1596319507,1596319481,26
2020/8/2 05:04,1596319447,1596319434,13
2020/8/2 05:03,1596319387,1596319354,33
2020/8/2 05:02,1596319327,1596319321,6
2020/8/2 05:01,1596319267,1596319197,70
2020/8/2 05:00,1596319207,1596319197,10
2020/8/2 04:59,1596319147,1596319136,11
2020/8/2 04:58,1596319087,1596319014,73
2020/8/2 04:57,1596319027,1596319014,13
2020/8/2 04:56,1596318967,1596318912,55
2020/8/2 04:55,1596318907,1596318898,9
2020/8/2 04:54,1596318847,1596318810,37
2020/8/2 04:53,1596318787,1596318689,98
2020/8/2 04:52,1596318727,1596318689,38
2020/8/2 04:51,1596318667,1596318638,29
2020/8/2 04:50,1596318607,1596318607,0
2020/8/2 04:49,1596318547,1596318535,12
2020/8/2 04:48,1596318487,1596318455,32
2020/8/2 04:47,1596318427,1596318394,33
2020/8/2 04:46,1596318367,1596318334,33
2020/8/2 04:45,1596318307,1596318304,3
2020/8/2 04:44,1596318247,1596318202,45
2020/8/2 04:43,1596318187,1596318170,17
2020/8/2 04:42,1596318127,1596318069,58
2020/8/2 04:41,1596318067,1596318064,3
2020/8/2 04:40,1596318007,1596317967,40
2020/8/2 04:39,1596317947,1596317945,2
2020/8/2 04:38,1596317887,1596317878,9
2020/8/2 04:37,1596317827,1596317824,3
2020/8/2 04:36,1596317767,1596317733,34
2020/8/2 04:35,1596317707,1596317641,66
2020/8/2 04:34,1596317647,1596317641,6
2020/8/2 04:33,1596317587,1596317539,48
2020/8/2 04:32,1596317527,1596317498,29
2020/8/2 04:31,1596317467,1596317467,0
2020/8/2 04:30,1596317407,1596317401,6
2020/8/2 04:29,1596317347,1596317326,21
2020/8/2 04:28,1596317287,1596317234,53
2020/8/2 04:27,1596317227,1596317173,54
2020/8/2 04:26,1596317167,1596317122,45
2020/8/2 04:25,1596317107,1596317102,5
2020/8/2 04:24,1596317047,1596316959,88
2020/8/2 04:23,1596316987,1596316959,28
2020/8/2 04:22,1596316927,1596316913,14
2020/8/2 04:21,1596316867,1596316838,29
2020/8/2 04:20,1596316807,1596316791,16
2020/8/2 04:19,1596316747,1596316747,0
2020/8/2 04:18,1596316687,1596316675,12
2020/8/2 04:17,1596316627,1596316624,3
2020/8/2 04:16,1596316567,1596316441,126
2020/8/2 04:15,1596316507,1596316441,66
2020/8/2 04:14,1596316447,1596316441,6
2020/8/2 04:13,1596316387,1596316380,7
2020/8/2 04:12,1596316327,1596316320,7
2020/8/2 04:11,1596316267,1596316259,8
2020/8/2 04:10,1596316207,1596316147,60
2020/8/2 04:09,1596316147,1596316147,0
2020/8/2 04:08,1596316087,1596316087,0
2020/8/2 04:07,1596316027,1596316024,3
2020/8/2 04:06,1596315967,1596315964,3
2020/8/2 04:05,1596315907,1596315882,25
2020/8/2 04:04,1596315847,1596315750,97
2020/8/2 04:03,1596315787,1596315750,37
2020/8/2 04:02,1596315727,1596315703,24
2020/8/2 04:01,1596315667,1596315597,70
2020/8/2 04:00,1596315607,1596315597,10
2020/8/2 03:59,1596315548,1596315536,12
2020/8/2 03:58,1596315487,1596315475,12
2020/8/2 03:57,1596315427,1596315414,13
2020/8/2 03:56,1596315367,1596315345,22
2020/8/2 03:55,1596315307,1596315302,5
2020/8/2 03:54,1596315247,1596315210,37
2020/8/2 03:53,1596315187,1596315182,5
2020/8/2 03:52,1596315127,1596315084,43
2020/8/2 03:51,1596315067,1596315016,51
2020/8/2 03:50,1596315007,1596315006,1
2020/8/2 03:49,1596314947,1596314945,2
2020/8/2 03:48,1596314887,1596314863,24
2020/8/2 03:47,1596314827,1596314822,5
2020/8/2 03:46,1596314767,1596314766,1
2020/8/2 03:45,1596314707,1596314701,6
2020/8/2 03:44,1596314647,1596314630,17
2020/8/2 03:43,1596314587,1596314576,11
2020/8/2 03:42,1596314527,1596314524,3
2020/8/2 03:41,1596314467,1596314457,10
2020/8/2 03:40,1596314407,1596314407,0
2020/8/2 03:39,1596314347,1596314284,63
2020/8/2 03:38,1596314287,1596314284,3
2020/8/2 03:37,1596314227,1596314213,14
2020/8/2 03:36,1596314167,1596314141,26
2020/8/2 03:35,1596314107,1596314060,47
2020/8/2 03:34,1596314047,1596314029,18
2020/8/2 03:33,1596313987,1596313959,28
2020/8/2 03:32,1596313927,1596313902,25
2020/8/2 03:31,1596313867,1596313867,0
2020/8/2 03:30,1596313807,1596313785,22
2020/8/2 03:29,1596313747,1596313724,23
2020/8/2 03:28,1596313687,1596313685,2
2020/8/2 03:27,1596313627,1596313602,25
2020/8/2 03:26,1596313567,1596313555,12
2020/8/2 03:25,1596313507,1596313490,17
2020/8/2 03:24,1596313447,1596313347,100
2020/8/2 03:23,1596313387,1596313347,40
2020/8/2 03:22,1596313327,1596313286,41
2020/8/2 03:21,1596313267,1596313204,63
2020/8/2 03:20,1596313207,1596313204,3
2020/8/2 03:19,1596313147,1596313123,24
2020/8/2 03:18,1596313087,1596313073,14
2020/8/2 03:17,1596313027,1596312961,66
2020/8/2 03:16,1596312967,1596312961,6
2020/8/2 03:15,1596312907,1596312878,29
2020/8/2 03:14,1596312847,1596312827,20
2020/8/2 03:13,1596312787,1596312755,32
2020/8/2 03:12,1596312727,1596312725,2
2020/8/2 03:11,1596312667,1596312614,53
2020/8/2 03:10,1596312607,1596312555,52
2020/8/2 03:09,1596312547,1596312546,1
2020/8/2 03:08,1596312487,1596312483,4
2020/8/2 03:07,1596312427,1596312407,20
2020/8/2 03:06,1596312367,1596312362,5
2020/8/2 03:05,1596312307,1596312248,59
2020/8/2 03:04,1596312247,1596312197,50
2020/8/2 03:03,1596312187,1596312166,21
2020/8/2 03:02,1596312127,1596312105,22
2020/8/2 03:01,1596312067,1596312055,12
2020/8/2 03:00,1596312007,1596311963,44
2020/8/2 02:59,1596311947,1596311922,25
2020/8/2 02:58,1596311887,1596311841,46
2020/8/2 02:57,1596311827,1596311821,6
2020/8/2 02:56,1596311767,1596311739,28
2020/8/2 02:55,1596311707,1596311669,38
2020/8/2 02:54,1596311647,1596311646,1
2020/8/2 02:53,1596311587,1596311576,11
2020/8/2 02:52,1596311527,1596311484,43
2020/8/2 02:51,1596311467,1596311467,0
2020/8/2 02:50,1596311407,1596311357,50
2020/8/2 02:49,1596311347,1596311322,25
2020/8/2 02:48,1596311287,1596311285,2
2020/8/2 02:47,1596311227,1596311179,48
2020/8/2 02:46,1596311167,1596311139,28
2020/8/2 02:45,1596311108,1596311088,20
2020/8/2 02:44,1596311047,1596310990,57
2020/8/2 02:43,1596310987,1596310955,32
2020/8/2 02:42,1596310927,1596310925,2
2020/8/2 02:41,1596310867,1596310833,34
2020/8/2 02:40,1596310807,1596310793,14
2020/8/2 02:39,1596310747,1596310746,1
2020/8/2 02:38,1596310687,1596310650,37
2020/8/2 02:37,1596310627,1596310518,109
2020/8/2 02:36,1596310567,1596310518,49
2020/8/2 02:35,1596310507,1596310447,60
2020/8/2 02:34,1596310447,1596310325,122
2020/8/2 02:33,1596310387,1596310325,62
2020/8/2 02:32,1596310327,1596310325,2
2020/8/2 02:31,1596310267,1596310260,7
2020/8/2 02:30,1596310207,1596310152,55
2020/8/2 02:29,1596310147,1596310122,25
2020/8/2 02:28,1596310087,1596310071,16
2020/8/2 02:27,1596310027,1596310018,9
2020/8/2 02:26,1596309967,1596309939,28
2020/8/2 02:25,1596309907,1596309898,9
2020/8/2 02:24,1596309847,1596309797,50
2020/8/2 02:23,1596309787,1596309746,41
2020/8/2 02:22,1596309727,1596309726,1
2020/8/2 02:21,1596309667,1596309667,0
2020/8/2 02:20,1596309607,1596309593,14
2020/8/2 02:19,1596309547,1596309542,5
2020/8/2 02:18,1596309487,1596309472,15
2020/8/2 02:17,1596309427,1596309414,13
2020/8/2 02:16,1596309367,1596309328,39
2020/8/2 02:15,1596309310,1596309308,2
2020/8/2 02:14,1596309247,1596309227,20
2020/8/2 02:13,1596309187,1596309095,92
2020/8/2 02:12,1596309127,1596309095,32
2020/8/2 02:11,1596309067,1596309055,12
2020/8/2 02:10,1596309007,1596309000,7
2020/8/2 02:09,1596308947,1596308943,4
2020/8/2 02:08,1596308887,1596308835,52
2020/8/2 02:07,1596308827,1596308812,15
2020/8/2 02:06,1596308767,1596308759,8
2020/8/2 02:05,1596308707,1596308700,7
2020/8/2 02:04,1596308647,1596308648,-1
2020/8/2 02:03,1596308587,1596308577,10
2020/8/2 02:02,1596308527,1596308526,1
2020/8/2 02:01,1596308467,1596308455,12
2020/8/2 02:00,1596308407,1596308401,6
2020/8/2 01:59,1596308347,1596308341,6
2020/8/2 01:58,1596308287,1596308274,13
2020/8/2 01:57,1596308227,1596308221,6
2020/8/2 01:56,1596308167,1596308140,27
2020/8/2 01:55,1596308107,1596308089,18
2020/8/2 01:54,1596308047,1596307896,151
2020/8/2 01:53,1596307987,1596307896,91
2020/8/2 01:52,1596307927,1596307896,31
2020/8/2 01:51,1596307867,1596307793,74
2020/8/2 01:50,1596307807,1596307793,14
2020/8/2 01:49,1596307747,1596307722,25
2020/8/2 01:48,1596307687,1596307661,26
2020/8/2 01:47,1596307627,1596307600,27
2020/8/2 01:46,1596307567,1596307535,32
2020/8/2 01:45,1596307507,1596307507,0
2020/8/2 01:44,1596307447,1596307423,24
2020/8/2 01:43,1596307387,1596307265,122
2020/8/2 01:42,1596307327,1596307265,62
2020/8/2 01:41,1596307267,1596307265,2
2020/8/2 01:40,1596307207,1596307050,157
2020/8/2 01:39,1596307147,1596307050,97
2020/8/2 01:38,1596307087,1596307050,37
2020/8/2 01:37,1596307027,1596307020,7
2020/8/2 01:36,1596306967,1596306913,54
2020/8/2 01:35,1596306907,1596306879,28
2020/8/2 01:34,1596306847,1596306816,31
2020/8/2 01:33,1596306787,1596306782,5
2020/8/2 01:32,1596306727,1596306694,33
2020/8/2 01:31,1596306667,1596306613,54
2020/8/2 01:30,1596306607,1596306551,56
2020/8/2 01:29,1596306547,1596306548,-1
2020/8/2 01:28,1596306487,1596306430,57
2020/8/2 01:27,1596306427,1596306287,140
2020/8/2 01:26,1596306367,1596306287,80
2020/8/2 01:25,1596306307,1596306287,20
2020/8/2 01:24,1596306247,1596306234,13
2020/8/2 01:23,1596306187,1596306166,21
2020/8/2 01:22,1596306127,1596306064,63
2020/8/2 01:21,1596306067,1596306064,3
2020/8/2 01:20,1596306007,1596306008,-1
2020/8/2 01:19,1596305947,1596305881,66
2020/8/2 01:18,1596305887,1596305881,6
2020/8/2 01:17,1596305827,1596305819,8
2020/8/2 01:16,1596305767,1596305720,47
2020/8/2 01:15,1596305707,1596305677,30
2020/8/2 01:14,1596305647,1596305637,10
2020/8/2 01:13,1596305587,1596305485,102
2020/8/2 01:12,1596305527,1596305485,42
2020/8/2 01:11,1596305467,1596305468,-1
2020/8/2 01:10,1596305407,1596305403,4
2020/8/2 01:09,1596305347,1596305312,35
2020/8/2 01:08,1596305287,1596305260,27
2020/8/2 01:07,1596305227,1596305168,59
2020/8/2 01:06,1596305167,1596305168,-1
2020/8/2 01:05,1596305107,1596305105,2
2020/8/2 01:04,1596305047,1596305046,1
2020/8/2 01:03,1596304987,1596304965,22
2020/8/2 01:02,1596304927,1596304823,104
2020/8/2 01:01,1596304867,1596304823,44
2020/8/2 01:00,1596304807,1596304786,21
2020/8/2 00:59,1596304747,1596304731,16
2020/8/2 00:58,1596304687,1596304650,37
2020/8/2 00:57,1596304627,1596304568,59
2020/8/2 00:56,1596304567,1596304568,-1
2020/8/2 00:55,1596304507,1596304507,0
2020/8/2 00:54,1596304447,1596304396,51
2020/8/2 00:53,1596304387,1596304358,29
2020/8/2 00:52,1596304327,1596304304,23
2020/8/2 00:51,1596304267,1596304233,34
2020/8/2 00:50,1596304207,1596304182,25
2020/8/2 00:49,1596304147,1596304090,57
2020/8/2 00:48,1596304087,1596304060,27
2020/8/2 00:47,1596304027,1596304028,-1
2020/8/2 00:46,1596303967,1596303877,90
2020/8/2 00:45,1596303907,1596303877,30
2020/8/2 00:44,1596303847,1596303726,121
2020/8/2 00:43,1596303787,1596303726,61
2020/8/2 00:42,1596303727,1596303726,1
2020/8/2 00:41,1596303667,1596303668,-1
2020/8/2 00:40,1596303607,1596303602,5
2020/8/2 00:39,1596303547,1596303531,16
2020/8/2 00:38,1596303487,1596303480,7
2020/8/2 00:37,1596303427,1596303348,79
2020/8/2 00:36,1596303367,1596303348,19
2020/8/2 00:35,1596303307,1596303307,0
2020/8/2 00:34,1596303247,1596303196,51
2020/8/2 00:33,1596303187,1596303145,42
2020/8/2 00:32,1596303127,1596303074,53
2020/8/2 00:31,1596303067,1596303053,14
2020/8/2 00:30,1596303007,1596302962,45
2020/8/2 00:29,1596302947,1596302931,16
2020/8/2 00:28,1596302887,1596302872,15
2020/8/2 00:27,1596302827,1596302798,29
2020/8/2 00:26,1596302767,1596302748,19
2020/8/2 00:25,1596302707,1596302639,68
2020/8/2 00:24,1596302647,1596302639,8
2020/8/2 00:23,1596302587,1596302546,41
2020/8/2 00:22,1596302527,1596302505,22
2020/8/2 00:21,1596302467,1596302454,13
2020/8/2 00:20,1596302407,1596302395,12
2020/8/2 00:19,1596302347,1596302251,96
2020/8/2 00:18,1596302287,1596302251,36
2020/8/2 00:17,1596302227,1596302228,-1
2020/8/2 00:16,1596302167,1596302150,17
2020/8/2 00:15,1596302107,1596302077,30
2020/8/2 00:14,1596302047,1596302006,41
2020/8/2 00:13,1596301987,1596301925,62
2020/8/2 00:12,1596301927,1596301925,2
2020/8/2 00:11,1596301867,1596301833,34
2020/8/2 00:10,1596301807,1596301792,15
2020/8/2 00:09,1596301747,1596301701,46
2020/8/2 00:08,1596301687,1596301603,84
2020/8/2 00:07,1596301627,1596301603,24
2020/8/2 00:06,1596301567,1596301517,50
2020/8/2 00:05,1596301507,1596301457,50
2020/8/2 00:04,1596301447,1596301434,13
2020/8/2 00:03,1596301387,1596301375,12
2020/8/2 00:02,1596301327,1596301314,13
2020/8/2 00:01,1596301267,1596301230,37
2020/8/2 00:00,1596301207,1596301207,0
2020/8/1 23:59,1596301147,1596301108,39
2020/8/1 23:58,1596301087,1596301071,16
2020/8/1 23:57,1596301027,1596300977,50
2020/8/1 23:56,1596300968,1596300963,5
2020/8/1 23:55,1596300907,1596300837,70
2020/8/1 23:54,1596300847,1596300837,10
2020/8/1 23:53,1596300787,1596300785,2
2020/8/1 23:52,1596300727,1596300725,2
2020/8/1 23:51,1596300667,1596300665,2
2020/8/1 23:50,1596300607,1596300573,34
2020/8/1 23:49,1596300547,1596300492,55
2020/8/1 23:48,1596300487,1596300487,0
2020/8/1 23:47,1596300427,1596300400,27
2020/8/1 23:46,1596300367,1596300359,8
2020/8/1 23:45,1596300307,1596300305,2
2020/8/1 23:44,1596300247,1596300235,12
2020/8/1 23:43,1596300187,1596300175,12
2020/8/1 23:42,1596300127,1596300117,10
2020/8/1 23:41,1596300067,1596300048,19
2020/8/1 23:40,1596300007,1596300005,2
2020/8/1 23:39,1596299947,1596299872,75
2020/8/1 23:38,1596299887,1596299872,15
2020/8/1 23:37,1596299827,1596299750,77
2020/8/1 23:36,1596299767,1596299750,17
2020/8/1 23:35,1596299707,1596299658,49
2020/8/1 23:34,1596299647,1596299620,27
2020/8/1 23:33,1596299587,1596299577,10
2020/8/1 23:32,1596299527,1596299526,1
2020/8/1 23:31,1596299467,1596299465,2
2020/8/1 23:30,1596299407,1596299398,9
2020/8/1 23:29,1596299347,1596299273,74
2020/8/1 23:28,1596299287,1596299273,14
2020/8/1 23:27,1596299227,1596299222,5
2020/8/1 23:26,1596299167,1596299130,37
2020/8/1 23:25,1596299107,1596299050,57
2020/8/1 23:24,1596299047,1596298978,69
2020/8/1 23:23,1596298987,1596298978,9
2020/8/1 23:22,1596298927,1596298887,40
2020/8/1 23:21,1596298867,1596298867,0
2020/8/1 23:20,1596298807,1596298800,7
2020/8/1 23:19,1596298747,1596298745,2
2020/8/1 23:18,1596298687,1596298688,-1
2020/8/1 23:17,1596298627,1596298602,25
2020/8/1 23:16,1596298567,1596298562,5
2020/8/1 23:15,1596298507,1596298439,68
2020/8/1 23:14,1596298447,1596298439,8
2020/8/1 23:13,1596298387,1596298388,-1
2020/8/1 23:12,1596298327,1596298266,61
2020/8/1 23:11,1596298267,1596298266,1
2020/8/1 23:10,1596298207,1596298144,63
2020/8/1 23:09,1596298147,1596298144,3
2020/8/1 23:08,1596298087,1596298022,65
2020/8/1 23:07,1596298027,1596298022,5
2020/8/1 23:06,1596297967,1596297930,37
2020/8/1 23:05,1596297907,1596297902,5
2020/8/1 23:04,1596297847,1596297808,39
2020/8/1 23:03,1596297787,1596297768,19
2020/8/1 23:02,1596297727,1596297728,-1
2020/8/1 23:01,1596297667,1596297665,2
2020/8/1 23:00,1596297607,1596297574,33
2020/8/1 22:59,1596297547,1596297543,4
2020/8/1 22:58,1596297487,1596297463,24
2020/8/1 22:57,1596297427,1596297368,59
2020/8/1 22:56,1596297367,1596297368,-1
2020/8/1 22:55,1596297308,1596297305,3
2020/8/1 22:54,1596297247,1596297248,-1
2020/8/1 22:53,1596297187,1596297108,79
2020/8/1 22:52,1596297127,1596297108,19
2020/8/1 22:51,1596297067,1596296976,91
2020/8/1 22:50,1596297007,1596296976,31
2020/8/1 22:49,1596296947,1596296864,83
2020/8/1 22:48,1596296887,1596296864,23
2020/8/1 22:47,1596296827,1596296822,5
2020/8/1 22:46,1596296767,1596296732,35
2020/8/1 22:45,1596296707,1596296686,21
2020/8/1 22:44,1596296647,1596296640,7
2020/8/1 22:43,1596296587,1596296562,25
2020/8/1 22:42,1596296527,1596296467,60
2020/8/1 22:41,1596296467,1596296467,0
2020/8/1 22:40,1596296407,1596296368,39
2020/8/1 22:39,1596296347,1596296283,64
2020/8/1 22:38,1596296287,1596296283,4
2020/8/1 22:37,1596296227,1596296223,4
2020/8/1 22:36,1596296167,1596296121,46
2020/8/1 22:35,1596296107,1596296101,6
2020/8/1 22:34,1596296047,1596296020,27
2020/8/1 22:33,1596295987,1596295908,79
2020/8/1 22:32,1596295927,1596295908,19
2020/8/1 22:31,1596295867,1596295715,152
2020/8/1 22:30,1596295807,1596295715,92
2020/8/1 22:29,1596295747,1596295715,32
2020/8/1 22:28,1596295687,1596295604,83
2020/8/1 22:27,1596295627,1596295604,23
2020/8/1 22:26,1596295567,1596295553,14
2020/8/1 22:25,1596295507,1596295492,15
2020/8/1 22:24,1596295447,1596295370,77
2020/8/1 22:23,1596295387,1596295370,17
2020/8/1 22:22,1596295327,1596295288,39
2020/8/1 22:21,1596295267,1596295248,19
2020/8/1 22:20,1596295207,1596295181,26
2020/8/1 22:19,1596295147,1596295116,31
2020/8/1 22:18,1596295087,1596295035,52
2020/8/1 22:17,1596295027,1596294984,43
2020/8/1 22:16,1596294967,1596294822,145
2020/8/1 22:15,1596294907,1596294822,85
2020/8/1 22:14,1596294847,1596294822,25
2020/8/1 22:13,1596294787,1596294710,77
2020/8/1 22:12,1596294727,1596294710,17
2020/8/1 22:11,1596294667,1596294629,38
2020/8/1 22:10,1596294607,1596294568,39
2020/8/1 22:09,1596294547,1596294416,131
2020/8/1 22:08,1596294487,1596294416,71
2020/8/1 22:07,1596294427,1596294416,11
2020/8/1 22:06,1596294367,1596294294,73
2020/8/1 22:05,1596294307,1596294294,13
2020/8/1 22:04,1596294247,1596294222,25
2020/8/1 22:03,1596294187,1596294055,132
2020/8/1 22:02,1596294127,1596294055,72
2020/8/1 22:01,1596294067,1596294055,12
2020/8/1 22:00,1596294007,1596294008,-1
2020/8/1 21:59,1596293947,1596293947,0
2020/8/1 21:58,1596293887,1596293836,51
2020/8/1 21:57,1596293827,1596293826,1
2020/8/1 21:56,1596293767,1596293768,-1
2020/8/1 21:55,1596293707,1596293632,75
2020/8/1 21:54,1596293647,1596293632,15
2020/8/1 21:53,1596293587,1596293569,18
2020/8/1 21:52,1596293527,1596293522,5
2020/8/1 21:51,1596293467,1596293418,49
2020/8/1 21:50,1596293407,1596293337,70
2020/8/1 21:49,1596293347,1596293337,10
2020/8/1 21:48,1596293287,1596293215,72
2020/8/1 21:47,1596293227,1596293215,12
2020/8/1 21:46,1596293167,1596293165,2
2020/8/1 21:45,1596293107,1596293076,31
2020/8/1 21:44,1596293047,1596293043,4
2020/8/1 21:43,1596292987,1596292969,18
2020/8/1 21:42,1596292927,1596292920,7
2020/8/1 21:41,1596292867,1596292849,18
2020/8/1 21:40,1596292807,1596292752,55
2020/8/1 21:39,1596292747,1596292743,4
2020/8/1 21:38,1596292687,1596292649,38
2020/8/1 21:37,1596292627,1596292621,6
2020/8/1 21:36,1596292567,1596292565,2
2020/8/1 21:35,1596292507,1596292503,4
2020/8/1 21:34,1596292447,1596292435,12
2020/8/1 21:33,1596292387,1596292382,5
2020/8/1 21:32,1596292327,1596292320,7
2020/8/1 21:31,1596292267,1596292260,7
2020/8/1 21:30,1596292207,1596292138,69
2020/8/1 21:29,1596292147,1596292138,9
2020/8/1 21:28,1596292087,1596292082,5
2020/8/1 21:27,1596292027,1596292028,-1
2020/8/1 21:26,1596291967,1596291945,22
2020/8/1 21:25,1596291907,1596291844,63
2020/8/1 21:24,1596291847,1596291844,3
2020/8/1 21:23,1596291787,1596291742,45
2020/8/1 21:22,1596291728,1596291725,3
2020/8/1 21:21,1596291667,1596291659,8
2020/8/1 21:20,1596291607,1596291579,28
2020/8/1 21:19,1596291547,1596291528,19
2020/8/1 21:18,1596291487,1596291447,40
2020/8/1 21:17,1596291427,1596291376,51
2020/8/1 21:16,1596291367,1596291347,20
2020/8/1 21:15,1596291307,1596291280,27
2020/8/1 21:14,1596291247,1596291203,44
2020/8/1 21:13,1596291187,1596291172,15
2020/8/1 21:12,1596291127,1596291111,16
2020/8/1 21:11,1596291067,1596291019,48
2020/8/1 21:10,1596291007,1596290958,49
2020/8/1 21:09,1596290947,1596290918,29
2020/8/1 21:08,1596290887,1596290887,0
2020/8/1 21:07,1596290827,1596290828,-1
2020/8/1 21:06,1596290767,1596290694,73
2020/8/1 21:05,1596290707,1596290694,13
2020/8/1 21:04,1596290647,1596290603,44
2020/8/1 21:03,1596290587,1596290548,39
2020/8/1 21:02,1596290527,1596290527,0
2020/8/1 21:01,1596290467,1596290457,10
2020/8/1 21:00,1596290407,1596290400,7
2020/8/1 20:59,1596290347,1596290317,30
2020/8/1 20:58,1596290287,1596290236,51
2020/8/1 20:57,1596290227,1596290226,1
2020/8/1 20:56,1596290167,1596290145,22
2020/8/1 20:55,1596290107,1596290095,12
2020/8/1 20:54,1596290047,1596290034,13
2020/8/1 20:53,1596289987,1596289972,15
2020/8/1 20:52,1596289928,1596289901,27
2020/8/1 20:51,1596289867,1596289797,70
2020/8/1 20:50,1596289807,1596289797,10
2020/8/1 20:49,1596289747,1596289709,38
2020/8/1 20:48,1596289687,1596289648,39
2020/8/1 20:47,1596289627,1596289607,20
2020/8/1 20:46,1596289567,1596289567,0
2020/8/1 20:45,1596289507,1596289496,11
2020/8/1 20:44,1596289447,1596289446,1
2020/8/1 20:43,1596289387,1596289363,24
2020/8/1 20:42,1596289327,1596289302,25
2020/8/1 20:41,1596289267,1596289261,6
2020/8/1 20:40,1596289207,1596289160,47
2020/8/1 20:39,1596289147,1596289130,17
2020/8/1 20:38,1596289087,1596289078,9
2020/8/1 20:37,1596289027,1596288996,31
2020/8/1 20:36,1596288967,1596288967,0
2020/8/1 20:35,1596288907,1596288844,63
2020/8/1 20:34,1596288847,1596288844,3
2020/8/1 20:33,1596288787,1596288733,54
2020/8/1 20:32,1596288727,1596288703,24
2020/8/1 20:31,1596288667,1596288637,30
2020/8/1 20:30,1596288607,1596288601,6
2020/8/1 20:29,1596288547,1596288500,47
2020/8/1 20:28,1596288487,1596288480,7
2020/8/1 20:27,1596288427,1596288403,24
2020/8/1 20:26,1596288367,1596288367,0
2020/8/1 20:25,1596288307,1596288306,1
2020/8/1 20:24,1596288247,1596288229,18
2020/8/1 20:23,1596288187,1596288181,6
2020/8/1 20:22,1596288127,1596288115,12
2020/8/1 20:21,1596288067,1596288067,0
2020/8/1 20:20,1596288007,1596287971,36
2020/8/1 20:19,1596287947,1596287912,35
2020/8/1 20:18,1596287887,1596287887,0
2020/8/1 20:17,1596287827,1596287827,0
2020/8/1 20:16,1596287767,1596287764,3
2020/8/1 20:15,1596287707,1596287683,24
2020/8/1 20:14,1596287647,1596287606,41
2020/8/1 20:13,1596287587,1596287585,2
2020/8/1 20:12,1596287527,1596287494,33
2020/8/1 20:11,1596287467,1596287428,39
2020/8/1 20:10,1596287407,1596287407,0
2020/8/1 20:09,1596287347,1596287311,36
2020/8/1 20:08,1596287287,1596287286,1
2020/8/1 20:07,1596287227,1596287179,48
2020/8/1 20:06,1596287167,1596287149,18
2020/8/1 20:05,1596287107,1596287108,-1
2020/8/1 20:04,1596287047,1596286995,52
2020/8/1 20:03,1596286987,1596286944,43
2020/8/1 20:02,1596286927,1596286915,12
2020/8/1 20:01,1596286867,1596286867,0
2020/8/1 20:00,1596286807,1596286782,25
2020/8/1 19:59,1596286747,1596286742,5
2020/8/1 19:58,1596286687,1596286688,-1
2020/8/1 19:57,1596286628,1596286599,29
2020/8/1 19:56,1596286567,1596286567,0
2020/8/1 19:55,1596286507,1596286496,11
2020/8/1 19:54,1596286447,1596286413,34
2020/8/1 19:53,1596286387,1596286385,2
2020/8/1 19:52,1596286327,1596286314,13
2020/8/1 19:51,1596286267,1596286263,4
2020/8/1 19:50,1596286207,1596286200,7
2020/8/1 19:49,1596286147,1596286141,6
2020/8/1 19:48,1596286087,1596286081,6
2020/8/1 19:47,1596286027,1596286019,8
2020/8/1 19:46,1596285967,1596285939,28
2020/8/1 19:45,1596285907,1596285897,10
2020/8/1 19:44,1596285847,1596285829,18
2020/8/1 19:43,1596285788,1596285760,28
2020/8/1 19:42,1596285727,1596285713,14
2020/8/1 19:41,1596285667,1596285654,13
2020/8/1 19:40,1596285607,1596285593,14
2020/8/1 19:39,1596285547,1596285547,0
2020/8/1 19:38,1596285487,1596285482,5
2020/8/1 19:37,1596285427,1596285379,48
2020/8/1 19:36,1596285367,1596285366,1
2020/8/1 19:35,1596285307,1596285308,-1
2020/8/1 19:34,1596285247,1596285248,-1
2020/8/1 19:33,1596285187,1596285046,141
2020/8/1 19:32,1596285127,1596285046,81
2020/8/1 19:31,1596285067,1596285046,21
2020/8/1 19:30,1596285007,1596285004,3
2020/8/1 19:29,1596284947,1596284903,44
2020/8/1 19:28,1596284887,1596284883,4
2020/8/1 19:27,1596284827,1596284778,49
2020/8/1 19:26,1596284767,1596284767,0
2020/8/1 19:25,1596284707,1596284625,82
2020/8/1 19:24,1596284647,1596284625,22
2020/8/1 19:23,1596284587,1596284506,81
2020/8/1 19:22,1596284527,1596284506,21
2020/8/1 19:21,1596284467,1596284397,70
2020/8/1 19:20,1596284407,1596284397,10
2020/8/1 19:19,1596284347,1596284321,26
2020/8/1 19:18,1596284288,1596284253,35
2020/8/1 19:17,1596284227,1596284202,25
2020/8/1 19:16,1596284167,1596284121,46
2020/8/1 19:15,1596284107,1596284042,65
2020/8/1 19:14,1596284047,1596284042,5
2020/8/1 19:13,1596283987,1596283867,120
2020/8/1 19:12,1596283927,1596283867,60
2020/8/1 19:11,1596283867,1596283867,0
2020/8/1 19:10,1596283807,1596283690,117
2020/8/1 19:09,1596283747,1596283690,57
2020/8/1 19:08,1596283687,1596283676,11
2020/8/1 19:07,1596283627,1596283204,423
2020/8/1 19:06,1596283567,1596283204,363
2020/8/1 19:05,1596283507,1596283204,303
2020/8/1 19:04,1596283447,1596283204,243
2020/8/1 19:03,1596283387,1596283204,183
2020/8/1 19:02,1596283327,1596283204,123
2020/8/1 19:01,1596283267,1596283204,63
2020/8/1 19:00,1596283207,1596283204,3
2020/8/1 18:59,1596283147,1596282954,193
2020/8/1 18:58,1596283087,1596282954,133
2020/8/1 18:57,1596283027,1596282954,73
2020/8/1 18:56,1596282967,1596282954,13
2020/8/1 18:55,1596282907,1596282823,84
2020/8/1 18:54,1596282847,1596282823,24
2020/8/1 18:53,1596282787,1596282771,16
2020/8/1 18:52,1596282727,1596282724,3
2020/8/1 18:51,1596282667,1596282468,199
2020/8/1 18:50,1596282607,1596282468,139
2020/8/1 18:49,1596282547,1596282468,79
2020/8/1 18:48,1596282487,1596282468,19
2020/8/1 18:47,1596282427,1596282416,11
2020/8/1 18:46,1596282367,1596282278,89
2020/8/1 18:45,1596282307,1596282278,29
2020/8/1 18:44,1596282247,1596282225,22
2020/8/1 18:43,1596282187,1596282142,45
2020/8/1 18:42,1596282127,1596282123,4
2020/8/1 18:41,1596282067,1596282051,16
2020/8/1 18:40,1596282007,1596281959,48
2020/8/1 18:39,1596281947,1596281767,180
2020/8/1 18:38,1596281887,1596281767,120
2020/8/1 18:37,1596281827,1596281767,60
2020/8/1 18:36,1596281767,1596281767,0
2020/8/1 18:35,1596281707,1596281686,21
2020/8/1 18:34,1596281647,1596281644,3
2020/8/1 18:33,1596281587,1596281554,33
2020/8/1 18:32,1596281527,1596281458,69
2020/8/1 18:31,1596281467,1596281458,9
2020/8/1 18:30,1596281407,1596281371,36
2020/8/1 18:29,1596281347,1596281344,3
2020/8/1 18:28,1596281287,1596281219,68
2020/8/1 18:27,1596281227,1596281219,8
2020/8/1 18:26,1596281167,1596281159,8
2020/8/1 18:25,1596281107,1596281093,14
2020/8/1 18:24,1596281047,1596281007,40
2020/8/1 18:23,1596280987,1596280854,133
2020/8/1 18:22,1596280927,1596280854,73
2020/8/1 18:21,1596280867,1596280854,13
2020/8/1 18:20,1596280807,1596280793,14
2020/8/1 18:19,1596280747,1596280742,5
2020/8/1 18:18,1596280687,1596280661,26
2020/8/1 18:17,1596280627,1596280571,56
2020/8/1 18:16,1596280567,1596280562,5
2020/8/1 18:15,1596280507,1596280504,3
2020/8/1 18:14,1596280447,1596280387,60
2020/8/1 18:13,1596280387,1596280387,0
2020/8/1 18:12,1596280327,1596280265,62
2020/8/1 18:11,1596280267,1596280265,2
2020/8/1 18:10,1596280207,1596280155,52
2020/8/1 18:09,1596280147,1596280133,14
2020/8/1 18:08,1596280087,1596280042,45
2020/8/1 18:07,1596280027,1596279951,76
2020/8/1 18:06,1596279967,1596279951,16
2020/8/1 18:05,1596279907,1596279890,17
2020/8/1 18:04,1596279847,1596279839,8
2020/8/1 18:03,1596279787,1596279788,-1
2020/8/1 18:02,1596279727,1596279718,9
2020/8/1 18:01,1596279667,1596279606,61
2020/8/1 18:00,1596279607,1596279606,1
2020/8/1 17:59,1596279547,1596279494,53
2020/8/1 17:58,1596279487,1596279433,54
2020/8/1 17:57,1596279427,1596279427,0
2020/8/1 17:56,1596279367,1596279366,1
2020/8/1 17:55,1596279307,1596279286,21
2020/8/1 17:54,1596279247,1596279244,3
2020/8/1 17:53,1596279187,1596279169,18
2020/8/1 17:52,1596279127,1596279121,6
2020/8/1 17:51,1596279067,1596279062,5
2020/8/1 17:50,1596279007,1596278945,62
2020/8/1 17:49,1596278947,1596278945,2
2020/8/1 17:48,1596278887,1596278882,5
2020/8/1 17:47,1596278827,1596278720,107
2020/8/1 17:46,1596278767,1596278720,47
2020/8/1 17:45,1596278707,1596278701,6
2020/8/1 17:44,1596278647,1596278619,28
2020/8/1 17:43,1596278587,1596278568,19
2020/8/1 17:42,1596278527,1596278524,3
2020/8/1 17:41,1596278467,1596278431,36
2020/8/1 17:40,1596278407,1596278402,5
2020/8/1 17:39,1596278347,1596278331,16
2020/8/1 17:38,1596278287,1596278208,79
2020/8/1 17:37,1596278227,1596278208,19
2020/8/1 17:36,1596278167,1596278054,113
2020/8/1 17:35,1596278107,1596278054,53
2020/8/1 17:34,1596278047,1596278044,3
2020/8/1 17:33,1596277987,1596277973,14
2020/8/1 17:32,1596277927,1596277871,56
2020/8/1 17:31,1596277867,1596277778,89
2020/8/1 17:30,1596277807,1596277778,29
2020/8/1 17:29,1596277747,1596277665,82
2020/8/1 17:28,1596277687,1596277665,22
2020/8/1 17:27,1596277627,1596277604,23
2020/8/1 17:26,1596277567,1596277567,0
2020/8/1 17:25,1596277507,1596277490,17
2020/8/1 17:24,1596277447,1596277432,15
2020/8/1 17:23,1596277387,1596277367,20
2020/8/1 17:22,1596277327,1596277204,123
2020/8/1 17:21,1596277267,1596277204,63
2020/8/1 17:20,1596277207,1596277204,3
2020/8/1 17:19,1596277147,1596277040,107
2020/8/1 17:18,1596277087,1596277040,47
2020/8/1 17:17,1596277027,1596277027,0
2020/8/1 17:16,1596276967,1596276935,32
2020/8/1 17:15,1596276907,1596276902,5
2020/8/1 17:14,1596276847,1596276783,64
2020/8/1 17:13,1596276787,1596276783,4
2020/8/1 17:12,1596276727,1596276669,58
2020/8/1 17:11,1596276667,1596276668,-1
2020/8/1 17:10,1596276607,1596276588,19
2020/8/1 17:09,1596276547,1596276537,10
2020/8/1 17:08,1596276487,1596276476,11
2020/8/1 17:07,1596276427,1596276415,12
2020/8/1 17:06,1596276367,1596276333,34
2020/8/1 17:05,1596276307,1596276272,35
2020/8/1 17:04,1596276247,1596276211,36
2020/8/1 17:03,1596276187,1596276160,27
2020/8/1 17:02,1596276127,1596276126,1
2020/8/1 17:01,1596276067,1596276067,0
2020/8/1 17:00,1596276008,1596275954,54
2020/8/1 16:59,1596275947,1596275946,1
2020/8/1 16:58,1596275887,1596275886,1
2020/8/1 16:57,1596275827,1596275740,87
2020/8/1 16:56,1596275767,1596275740,27
2020/8/1 16:55,1596275708,1596275684,24
2020/8/1 16:54,1596275647,1596275645,2
2020/8/1 16:53,1596275587,1596275573,14
2020/8/1 16:52,1596275527,1596275521,6
2020/8/1 16:51,1596275468,1596275465,3
2020/8/1 16:50,1596275407,1596275393,14
2020/8/1 16:49,1596275347,1596275333,14
2020/8/1 16:48,1596275287,1596275286,1
2020/8/1 16:47,1596275227,1596275194,33
2020/8/1 16:46,1596275167,1596275133,34
2020/8/1 16:45,1596275107,1596275080,27
2020/8/1 16:44,1596275047,1596275011,36
2020/8/1 16:43,1596274987,1596274986,1
2020/8/1 16:42,1596274927,1596274925,2
2020/8/1 16:41,1596274867,1596274846,21
2020/8/1 16:40,1596274807,1596274792,15
2020/8/1 16:39,1596274747,1596274743,4
2020/8/1 16:38,1596274687,1596274620,67
2020/8/1 16:37,1596274627,1596274620,7
2020/8/1 16:36,1596274567,1596274553,14
2020/8/1 16:35,1596274507,1596274494,13
2020/8/1 16:34,1596274447,1596274424,23
2020/8/1 16:33,1596274387,1596274374,13
2020/8/1 16:32,1596274327,1596274302,25
2020/8/1 16:31,1596274267,1596274236,31
2020/8/1 16:30,1596274207,1596274182,25
2020/8/1 16:29,1596274147,1596274141,6
2020/8/1 16:28,1596274087,1596274036,51
2020/8/1 16:27,1596274027,1596274026,1
2020/8/1 16:26,1596273967,1596273932,35
2020/8/1 16:25,1596273907,1596273905,2
2020/8/1 16:24,1596273847,1596273841,6
2020/8/1 16:23,1596273787,1596273788,-1
2020/8/1 16:22,1596273727,1596273716,11
2020/8/1 16:21,1596273667,1596273574,93
2020/8/1 16:20,1596273607,1596273574,33
2020/8/1 16:19,1596273547,1596273533,14
2020/8/1 16:18,1596273487,1596273449,38
2020/8/1 16:17,1596273427,1596273417,10
2020/8/1 16:16,1596273367,1596273366,1
2020/8/1 16:15,1596273307,1596273307,0
2020/8/1 16:14,1596273247,1596273181,66
2020/8/1 16:13,1596273187,1596273181,6
2020/8/1 16:12,1596273127,1596273057,70
2020/8/1 16:11,1596273067,1596273057,10
2020/8/1 16:10,1596273007,1596273007,0
2020/8/1 16:09,1596272947,1596272942,5
2020/8/1 16:08,1596272887,1596272886,1
2020/8/1 16:07,1596272827,1596272782,45
2020/8/1 16:06,1596272767,1596272742,25
2020/8/1 16:05,1596272707,1596272639,68
2020/8/1 16:04,1596272647,1596272639,8
2020/8/1 16:03,1596272587,1596272536,51
2020/8/1 16:02,1596272527,1596272496,31
2020/8/1 16:01,1596272467,1596272364,103
2020/8/1 16:00,1596272407,1596272364,43
2020/8/1 15:59,1596272347,1596272324,23
2020/8/1 15:58,1596272287,1596272252,35
2020/8/1 15:57,1596272227,1596272211,16
2020/8/1 15:56,1596272167,1596272150,17
2020/8/1 15:55,1596272107,1596272100,7
2020/8/1 15:54,1596272047,1596272018,29
2020/8/1 15:53,1596271987,1596271967,20
2020/8/1 15:52,1596271927,1596271899,28
2020/8/1 15:51,1596271867,1596271845,22
2020/8/1 15:50,1596271807,1596271805,2
2020/8/1 15:49,1596271748,1596271744,4
2020/8/1 15:48,1596271687,1596271653,34
2020/8/1 15:47,1596271627,1596271591,36
2020/8/1 15:46,1596271567,1596271419,148
2020/8/1 15:45,1596271507,1596271419,88
2020/8/1 15:44,1596271447,1596271419,28
2020/8/1 15:43,1596271387,1596271364,23
2020/8/1 15:42,1596271327,1596271318,9
2020/8/1 15:41,1596271267,1596271247,20
2020/8/1 15:40,1596271207,1596271162,45
2020/8/1 15:39,1596271147,1596271127,20
2020/8/1 15:38,1596271087,1596271044,43
2020/8/1 15:37,1596271027,1596271003,24
2020/8/1 15:36,1596270967,1596270951,16
2020/8/1 15:35,1596270907,1596270902,5
2020/8/1 15:34,1596270847,1596270770,77
2020/8/1 15:33,1596270787,1596270770,17
2020/8/1 15:32,1596270727,1596270710,17
2020/8/1 15:31,1596270667,1596270668,-1
2020/8/1 15:30,1596270607,1596270587,20
2020/8/1 15:29,1596270547,1596270526,21
2020/8/1 15:28,1596270487,1596270486,1
2020/8/1 15:27,1596270427,1596270404,23
2020/8/1 15:26,1596270367,1596270341,26
2020/8/1 15:25,1596270307,1596270242,65
2020/8/1 15:24,1596270247,1596270242,5
2020/8/1 15:23,1596270187,1596270168,19
2020/8/1 15:22,1596270127,1596270110,17
2020/8/1 15:21,1596270067,1596270060,7
2020/8/1 15:20,1596270007,1596269958,49
2020/8/1 15:19,1596269947,1596269878,69
2020/8/1 15:18,1596269887,1596269878,9
2020/8/1 15:17,1596269827,1596269796,31
2020/8/1 15:16,1596269767,1596269685,82
2020/8/1 15:15,1596269707,1596269685,22
2020/8/1 15:14,1596269647,1596269630,17
2020/8/1 15:13,1596269587,1596269552,35
2020/8/1 15:12,1596269527,1596269471,56
2020/8/1 15:11,1596269467,1596269437,30
2020/8/1 15:10,1596269407,1596269400,7
2020/8/1 15:09,1596269347,1596269343,4
2020/8/1 15:08,1596269287,1596269248,39
2020/8/1 15:07,1596269227,1596269214,13
2020/8/1 15:06,1596269167,1596269167,0
2020/8/1 15:05,1596269107,1596269103,4
2020/8/1 15:04,1596269047,1596269024,23
2020/8/1 15:03,1596268987,1596268920,67
2020/8/1 15:02,1596268927,1596268920,7
2020/8/1 15:01,1596268867,1596268854,13
2020/8/1 15:00,1596268807,1596268771,36
2020/8/1 14:59,1596268747,1596268728,19
2020/8/1 14:58,1596268687,1596268619,68
2020/8/1 14:57,1596268627,1596268619,8
2020/8/1 14:56,1596268567,1596268517,50
2020/8/1 14:55,1596268507,1596268507,0
2020/8/1 14:54,1596268447,1596268436,11
2020/8/1 14:53,1596268387,1596268385,2
2020/8/1 14:52,1596268327,1596268263,64
2020/8/1 14:51,1596268267,1596268263,4
2020/8/1 14:50,1596268207,1596268179,28
2020/8/1 14:49,1596268147,1596268101,46
2020/8/1 14:48,1596268087,1596268060,27
2020/8/1 14:47,1596268027,1596268020,7
2020/8/1 14:46,1596267967,1596267949,18
2020/8/1 14:45,1596267907,1596267904,3
2020/8/1 14:44,1596267847,1596267806,41
2020/8/1 14:43,1596267787,1596267776,11
2020/8/1 14:42,1596267727,1596267685,42
2020/8/1 14:41,1596267667,1596267553,114
2020/8/1 14:40,1596267607,1596267553,54
2020/8/1 14:39,1596267547,1596267451,96
2020/8/1 14:38,1596267487,1596267451,36
2020/8/1 14:37,1596267427,1596267421,6
2020/8/1 14:36,1596267367,1596267340,27
2020/8/1 14:35,1596267307,1596267307,0
2020/8/1 14:34,1596267247,1596267227,20
2020/8/1 14:33,1596267187,1596267167,20
2020/8/1 14:32,1596267127,1596267098,29
2020/8/1 14:31,1596267067,1596267007,60
2020/8/1 14:30,1596267007,1596267007,0
2020/8/1 14:29,1596266947,1596266934,13
2020/8/1 14:28,1596266887,1596266873,14
2020/8/1 14:27,1596266827,1596266824,3
2020/8/1 14:26,1596266767,1596266747,20
2020/8/1 14:25,1596266707,1596266656,51
2020/8/1 14:24,1596266647,1596266639,8
2020/8/1 14:23,1596266587,1596266548,39
2020/8/1 14:22,1596266527,1596266497,30
2020/8/1 14:21,1596266467,1596266446,21
2020/8/1 14:20,1596266408,1596266368,40
2020/8/1 14:19,1596266347,1596266335,12
2020/8/1 14:18,1596266288,1596266259,29
2020/8/1 14:17,1596266227,1596266223,4
2020/8/1 14:16,1596266167,1596266132,35
2020/8/1 14:15,1596266107,1596266084,23
2020/8/1 14:14,1596266047,1596266000,47
2020/8/1 14:13,1596265987,1596265908,79
2020/8/1 14:12,1596265927,1596265908,19
2020/8/1 14:11,1596265867,1596265807,60
2020/8/1 14:10,1596265807,1596265695,112
2020/8/1 14:09,1596265747,1596265695,52
2020/8/1 14:08,1596265687,1596265523,164
2020/8/1 14:07,1596265627,1596265523,104
2020/8/1 14:06,1596265567,1596265523,44
2020/8/1 14:05,1596265507,1596265469,38
2020/8/1 14:04,1596265447,1596265393,54
2020/8/1 14:03,1596265387,1596265380,7
2020/8/1 14:02,1596265327,1596265314,13
2020/8/1 14:01,1596265267,1596265258,9
2020/8/1 14:00,1596265207,1596265137,70
2020/8/1 13:59,1596265147,1596265137,10
2020/8/1 13:58,1596265087,1596265076,11
2020/8/1 13:57,1596265027,1596265002,25
2020/8/1 13:56,1596264967,1596264965,2
2020/8/1 13:55,1596264907,1596264877,30
2020/8/1 13:54,1596264847,1596264830,17
2020/8/1 13:53,1596264787,1596264670,117
2020/8/1 13:52,1596264727,1596264670,57
2020/8/1 13:51,1596264667,1596264665,2
2020/8/1 13:50,1596264607,1596264569,38
2020/8/1 13:49,1596264547,1596264516,31
2020/8/1 13:48,1596264487,1596264458,29
2020/8/1 13:47,1596264427,1596264397,30
2020/8/1 13:46,1596264367,1596264295,72
2020/8/1 13:45,1596264307,1596264295,12
2020/8/1 13:44,1596264247,1596264224,23
2020/8/1 13:43,1596264187,1596264170,17
2020/8/1 13:42,1596264127,1596264087,40
2020/8/1 13:41,1596264067,1596264067,0
2020/8/1 13:40,1596264007,1596263991,16
2020/8/1 13:39,1596263947,1596263888,59
2020/8/1 13:38,1596263887,1596263853,34
2020/8/1 13:37,1596263827,1596263817,10
2020/8/1 13:36,1596263767,1596263721,46
2020/8/1 13:35,1596263707,1596263648,59
2020/8/1 13:34,1596263647,1596263647,0
2020/8/1 13:33,1596263587,1596263584,3
2020/8/1 13:32,1596263527,1596263527,0
2020/8/1 13:31,1596263467,1596263452,15
2020/8/1 13:30,1596263407,1596263341,66
2020/8/1 13:29,1596263347,1596263341,6
2020/8/1 13:28,1596263287,1596263260,27
2020/8/1 13:27,1596263227,1596263200,27
2020/8/1 13:26,1596263167,1596263137,30
2020/8/1 13:25,1596263107,1596263056,51
2020/8/1 13:24,1596263047,1596262964,83
2020/8/1 13:23,1596262987,1596262964,23
2020/8/1 13:22,1596262927,1596262883,44
2020/8/1 13:21,1596262867,1596262814,53
2020/8/1 13:20,1596262807,1596262801,6
2020/8/1 13:19,1596262747,1596262680,67
2020/8/1 13:18,1596262687,1596262680,7
2020/8/1 13:17,1596262627,1596262614,13
2020/8/1 13:16,1596262567,1596262548,19
2020/8/1 13:15,1596262507,1596262467,40
2020/8/1 13:14,1596262447,1596262365,82
2020/8/1 13:13,1596262387,1596262365,22
2020/8/1 13:12,1596262327,1596262263,64
2020/8/1 13:11,1596262267,1596262263,4
2020/8/1 13:10,1596262207,1596262202,5
2020/8/1 13:09,1596262147,1596262125,22
2020/8/1 13:08,1596262087,1596262030,57
2020/8/1 13:07,1596262027,1596261992,35
2020/8/1 13:06,1596261967,1596261878,89
2020/8/1 13:05,1596261907,1596261878,29
2020/8/1 13:04,1596261847,1596261836,11
2020/8/1 13:03,1596261787,1596261773,14
2020/8/1 13:02,1596261727,1596261684,43
2020/8/1 13:01,1596261667,1596261634,33
2020/8/1 13:00,1596261607,1596261606,1
2020/8/1 12:59,1596261547,1596261531,16
2020/8/1 12:58,1596261487,1596261443,44
2020/8/1 12:57,1596261427,1596261426,1
2020/8/1 12:56,1596261367,1596261359,8
2020/8/1 12:55,1596261307,1596261295,12
2020/8/1 12:54,1596261247,1596261210,37
2020/8/1 12:53,1596261187,1596261085,102
2020/8/1 12:52,1596261127,1596261085,42
2020/8/1 12:51,1596261067,1596261014,53
2020/8/1 12:50,1596261007,1596260970,37
2020/8/1 12:49,1596260947,1596260923,24
2020/8/1 12:48,1596260887,1596260881,6
2020/8/1 12:47,1596260827,1596260820,7
2020/8/1 12:46,1596260767,1596260756,11
2020/8/1 12:45,1596260707,1596260658,49
2020/8/1 12:44,1596260647,1596260645,2
2020/8/1 12:43,1596260587,1596260577,10
2020/8/1 12:42,1596260527,1596260506,21
2020/8/1 12:41,1596260467,1596260393,74
2020/8/1 12:40,1596260407,1596260393,14
2020/8/1 12:39,1596260347,1596260335,12
2020/8/1 12:38,1596260287,1596260201,86
2020/8/1 12:37,1596260227,1596260201,26
2020/8/1 12:36,1596260167,1596260079,88
2020/8/1 12:35,1596260107,1596260079,28
2020/8/1 12:34,1596260047,1596260028,19
2020/8/1 12:33,1596259987,1596259948,39
2020/8/1 12:32,1596259927,1596259907,20
2020/8/1 12:31,1596259867,1596259834,33
2020/8/1 12:30,1596259807,1596259754,53
2020/8/1 12:29,1596259747,1596259673,74
2020/8/1 12:28,1596259687,1596259673,14
2020/8/1 12:27,1596259627,1596259552,75
2020/8/1 12:26,1596259567,1596259552,15
2020/8/1 12:25,1596259507,1596259493,14
2020/8/1 12:24,1596259447,1596259389,58
2020/8/1 12:23,1596259387,1596259379,8
2020/8/1 12:22,1596259327,1596259308,19
2020/8/1 12:21,1596259267,1596259229,38
2020/8/1 12:20,1596259207,1596259207,0
2020/8/1 12:19,1596259147,1596259075,72
2020/8/1 12:18,1596259087,1596259075,12
2020/8/1 12:17,1596259027,1596259003,24
2020/8/1 12:16,1596258967,1596258962,5
2020/8/1 12:15,1596258907,1596258892,15
2020/8/1 12:14,1596258847,1596258830,17
2020/8/1 12:13,1596258787,1596258762,25
2020/8/1 12:12,1596258727,1596258726,1
2020/8/1 12:11,1596258667,1596258607,60
2020/8/1 12:10,1596258607,1596258607,0
2020/8/1 12:09,1596258547,1596258475,72
2020/8/1 12:08,1596258487,1596258475,12
2020/8/1 12:07,1596258427,1596258401,26
2020/8/1 12:06,1596258367,1596258330,37
2020/8/1 12:05,1596258307,1596258292,15
2020/8/1 12:04,1596258247,1596258232,15
2020/8/1 12:03,1596258187,1596258185,2
2020/8/1 12:02,1596258127,1596258126,1
2020/8/1 12:01,1596258067,1596257998,69
2020/8/1 12:00,1596258007,1596257998,9
2020/8/1 11:59,1596257947,1596257896,51
2020/8/1 11:58,1596257887,1596257866,21
2020/8/1 11:57,1596257827,1596257815,12
2020/8/1 11:56,1596257767,1596257750,17
2020/8/1 11:55,1596257707,1596257683,24
2020/8/1 11:54,1596257647,1596257625,22
2020/8/1 11:53,1596257587,1596257561,26
2020/8/1 11:52,1596257527,1596257429,98
2020/8/1 11:51,1596257467,1596257429,38
2020/8/1 11:50,1596257407,1596257394,13
2020/8/1 11:49,1596257347,1596257338,9
2020/8/1 11:48,1596257287,1596257185,102
2020/8/1 11:47,1596257227,1596257185,42
2020/8/1 11:46,1596257167,1596257148,19
2020/8/1 11:45,1596257107,1596257104,3
2020/8/1 11:44,1596257047,1596257015,32
2020/8/1 11:43,1596256987,1596256982,5
2020/8/1 11:42,1596256927,1596256921,6
2020/8/1 11:41,1596256867,1596256860,7
2020/8/1 11:40,1596256807,1596256805,2
2020/8/1 11:39,1596256747,1596256708,39
2020/8/1 11:38,1596256687,1596256655,32
2020/8/1 11:37,1596256627,1596256608,19
2020/8/1 11:36,1596256567,1596256494,73
2020/8/1 11:35,1596256507,1596256494,13
2020/8/1 11:34,1596256447,1596256437,10
2020/8/1 11:33,1596256387,1596256301,86
2020/8/1 11:32,1596256327,1596256301,26
2020/8/1 11:31,1596256267,1596256189,78
2020/8/1 11:30,1596256207,1596256189,18
2020/8/1 11:29,1596256147,1596256078,69
2020/8/1 11:28,1596256087,1596256078,9
2020/8/1 11:27,1596256027,1596255997,30
2020/8/1 11:26,1596255967,1596255905,62
2020/8/1 11:25,1596255907,1596255905,2
2020/8/1 11:24,1596255847,1596255804,43
2020/8/1 11:23,1596255787,1596255733,54
2020/8/1 11:22,1596255727,1596255670,57
2020/8/1 11:21,1596255667,1596255657,10
2020/8/1 11:20,1596255607,1596255600,7
2020/8/1 11:19,1596255547,1596255489,58
2020/8/1 11:18,1596255487,1596255458,29
2020/8/1 11:17,1596255427,1596255386,41
2020/8/1 11:16,1596255367,1596255336,31
2020/8/1 11:15,1596255307,1596255296,11
2020/8/1 11:14,1596255247,1596255214,33
2020/8/1 11:13,1596255187,1596255180,7
2020/8/1 11:12,1596255127,1596255110,17
2020/8/1 11:11,1596255067,1596255041,26
2020/8/1 11:10,1596255007,1596254991,16
2020/8/1 11:09,1596254947,1596254920,27
2020/8/1 11:08,1596254887,1596254868,19
2020/8/1 11:07,1596254827,1596254797,30
2020/8/1 11:06,1596254767,1596254747,20
2020/8/1 11:05,1596254707,1596254655,52
2020/8/1 11:04,1596254647,1596254473,174
2020/8/1 11:03,1596254587,1596254473,114
2020/8/1 11:02,1596254527,1596254473,54
2020/8/1 11:01,1596254467,1596254370,97
2020/8/1 11:00,1596254407,1596254370,37
2020/8/1 10:59,1596254347,1596254259,88
2020/8/1 10:58,1596254287,1596254259,28
2020/8/1 10:57,1596254227,1596254208,19
2020/8/1 10:56,1596254167,1596254117,50
2020/8/1 10:55,1596254107,1596254096,11
2020/8/1 10:54,1596254047,1596253995,52
2020/8/1 10:53,1596253987,1596253943,44
2020/8/1 10:52,1596253927,1596253913,14
2020/8/1 10:51,1596253867,1596253854,13
2020/8/1 10:50,1596253807,1596253689,118
2020/8/1 10:49,1596253747,1596253689,58
2020/8/1 10:48,1596253687,1596253629,58
2020/8/1 10:47,1596253627,1596253563,64
2020/8/1 10:46,1596253567,1596253563,4
2020/8/1 10:45,1596253507,1596253467,40
2020/8/1 10:44,1596253447,1596253438,9
2020/8/1 10:43,1596253387,1596253334,53
2020/8/1 10:42,1596253327,1596253296,31
2020/8/1 10:41,1596253267,1596253252,15
2020/8/1 10:40,1596253207,1596253193,14
2020/8/1 10:39,1596253147,1596253145,2
2020/8/1 10:38,1596253087,1596253080,7
2020/8/1 10:37,1596253027,1596253005,22
2020/8/1 10:36,1596252967,1596252948,19
2020/8/1 10:35,1596252907,1596252867,40
2020/8/1 10:34,1596252847,1596252816,31
2020/8/1 10:33,1596252787,1596252643,144
2020/8/1 10:32,1596252727,1596252643,84
2020/8/1 10:31,1596252667,1596252643,24
2020/8/1 10:30,1596252607,1596252606,1
2020/8/1 10:29,1596252547,1596252537,10
2020/8/1 10:28,1596252487,1596252480,7
2020/8/1 10:27,1596252427,1596252348,79
2020/8/1 10:26,1596252367,1596252348,19
2020/8/1 10:25,1596252307,1596252297,10
2020/8/1 10:24,1596252247,1596252247,0
2020/8/1 10:23,1596252187,1596252167,20
2020/8/1 10:22,1596252127,1596252104,23
2020/8/1 10:21,1596252067,1596252043,24
2020/8/1 10:20,1596252007,1596251962,45
2020/8/1 10:19,1596251947,1596251944,3
2020/8/1 10:18,1596251887,1596251877,10
2020/8/1 10:17,1596251827,1596251799,28
2020/8/1 10:16,1596251767,1596251729,38
2020/8/1 10:15,1596251707,1596251694,13
2020/8/1 10:14,1596251647,1596251606,41
2020/8/1 10:13,1596251587,1596251561,26
2020/8/1 10:12,1596251527,1596251373,154
2020/8/1 10:11,1596251467,1596251373,94
2020/8/1 10:10,1596251407,1596251373,34
2020/8/1 10:09,1596251347,1596251330,17
2020/8/1 10:08,1596251287,1596251281,6
2020/8/1 10:07,1596251227,1596251224,3
2020/8/1 10:06,1596251167,1596251154,13
2020/8/1 10:05,1596251107,1596250965,142
2020/8/1 10:04,1596251047,1596250965,82
2020/8/1 10:03,1596250987,1596250965,22
2020/8/1 10:02,1596250927,1596250874,53
2020/8/1 10:01,1596250867,1596250846,21
2020/8/1 10:00,1596250807,1596250806,1
2020/8/1 09:59,1596250747,1596250680,67
2020/8/1 09:58,1596250687,1596250680,7
2020/8/1 09:57,1596250627,1596250554,73
2020/8/1 09:56,1596250567,1596250554,13
2020/8/1 09:55,1596250507,1596250499,8
2020/8/1 09:54,1596250447,1596250406,41
2020/8/1 09:53,1596250387,1596250380,7
2020/8/1 09:52,1596250327,1596250325,2
2020/8/1 09:51,1596250267,1596250254,13
2020/8/1 09:50,1596250207,1596250192,15
2020/8/1 09:49,1596250147,1596250115,32
2020/8/1 09:48,1596250087,1596250053,34
2020/8/1 09:47,1596250027,1596249979,48
2020/8/1 09:46,1596249967,1596249957,10
2020/8/1 09:45,1596249907,1596249887,20
2020/8/1 09:44,1596249847,1596249827,20
2020/8/1 09:43,1596249787,1596249776,11
2020/8/1 09:42,1596249727,1596249703,24
2020/8/1 09:41,1596249667,1596249653,14
2020/8/1 09:40,1596249607,1596249597,10
2020/8/1 09:39,1596249547,1596249528,19
2020/8/1 09:38,1596249487,1596249481,6
2020/8/1 09:37,1596249427,1596249400,27
2020/8/1 09:36,1596249367,1596249339,28
2020/8/1 09:35,1596249307,1596249268,39
2020/8/1 09:34,1596249247,1596249207,40
2020/8/1 09:33,1596249187,1596249130,57
2020/8/1 09:32,1596249128,1596249125,3
2020/8/1 09:31,1596249067,1596249054,13
2020/8/1 09:30,1596249007,1596248974,33
2020/8/1 09:29,1596248947,1596248938,9
2020/8/1 09:28,1596248887,1596248887,0
2020/8/1 09:27,1596248827,1596248827,0
2020/8/1 09:26,1596248767,1596248742,25
2020/8/1 09:25,1596248707,1596248628,79
2020/8/1 09:24,1596248647,1596248628,19
2020/8/1 09:23,1596248587,1596248575,12
2020/8/1 09:22,1596248527,1596248507,20
2020/8/1 09:21,1596248467,1596248459,8
2020/8/1 09:20,1596248407,1596248346,61
2020/8/1 09:19,1596248347,1596248346,1
2020/8/1 09:18,1596248288,1596248286,2
2020/8/1 09:17,1596248227,1596248211,16
2020/8/1 09:16,1596248167,1596248166,1
2020/8/1 09:15,1596248107,1596248104,3
2020/8/1 09:14,1596248047,1596248045,2
2020/8/1 09:13,1596247987,1596247986,1
2020/8/1 09:12,1596247927,1596247917,10
2020/8/1 09:11,1596247867,1596247865,2
2020/8/1 09:10,1596247807,1596247797,10
2020/8/1 09:09,1596247747,1596247746,1
2020/8/1 09:08,1596247687,1596247687,0
2020/8/1 09:07,1596247627,1596247619,8
2020/8/1 09:06,1596247567,1596247558,9
2020/8/1 09:05,1596247507,1596247455,52
2020/8/1 09:04,1596247447,1596247394,53
2020/8/1 09:03,1596247387,1596247385,2
2020/8/1 09:02,1596247327,1596247312,15
2020/8/1 09:01,1596247267,1596247261,6
2020/8/1 09:00,1596247207,1596247154,53
2020/8/1 08:59,1596247147,1596247078,69
2020/8/1 08:58,1596247087,1596247078,9
2020/8/1 08:57,1596247027,1596247006,21
2020/8/1 08:56,1596246967,1596246956,11
2020/8/1 08:55,1596246907,1596246905,2
2020/8/1 08:54,1596246847,1596246833,14
2020/8/1 08:53,1596246787,1596246773,14
2020/8/1 08:52,1596246727,1596246708,19
2020/8/1 08:51,1596246667,1596246640,27
2020/8/1 08:50,1596246607,1596246581,26
2020/8/1 08:49,1596246547,1596246499,48
2020/8/1 08:48,1596246487,1596246481,6
2020/8/1 08:47,1596246427,1596246427,0
2020/8/1 08:46,1596246367,1596246357,10
2020/8/1 08:45,1596246307,1596246297,10
2020/8/1 08:44,1596246247,1596246232,15
2020/8/1 08:43,1596246187,1596246173,14
2020/8/1 08:42,1596246127,1596246092,35
2020/8/1 08:41,1596246067,1596246040,27
2020/8/1 08:40,1596246007,1596245909,98
2020/8/1 08:39,1596245947,1596245909,38
2020/8/1 08:38,1596245887,1596245778,109
2020/8/1 08:37,1596245827,1596245778,49
2020/8/1 08:36,1596245767,1596245758,9
2020/8/1 08:35,1596245707,1596245695,12
2020/8/1 08:34,1596245647,1596245641,6
2020/8/1 08:33,1596245587,1596245577,10
2020/8/1 08:32,1596245527,1596245488,39
2020/8/1 08:31,1596245467,1596245461,6
2020/8/1 08:30,1596245407,1596245346,61
2020/8/1 08:29,1596245347,1596245346,1
2020/8/1 08:28,1596245287,1596245285,2
2020/8/1 08:27,1596245227,1596245187,40
2020/8/1 08:26,1596245167,1596245146,21
2020/8/1 08:25,1596245107,1596245044,63
2020/8/1 08:24,1596245047,1596245044,3
2020/8/1 08:23,1596244987,1596244973,14
2020/8/1 08:22,1596244927,1596244890,37
2020/8/1 08:21,1596244867,1596244850,17
2020/8/1 08:20,1596244807,1596244788,19
2020/8/1 08:19,1596244747,1596244707,40
2020/8/1 08:18,1596244687,1596244676,11
2020/8/1 08:17,1596244627,1596244555,72
2020/8/1 08:16,1596244567,1596244555,12
2020/8/1 08:15,1596244507,1596244503,4
2020/8/1 08:14,1596244447,1596244411,36
2020/8/1 08:13,1596244387,1596244363,24
2020/8/1 08:12,1596244327,1596244310,17
2020/8/1 08:11,1596244267,1596244262,5
2020/8/1 08:10,1596244207,1596244207,0
2020/8/1 08:09,1596244147,1596244108,39
2020/8/1 08:08,1596244087,1596244076,11
2020/8/1 08:07,1596244027,1596244026,1
2020/8/1 08:06,1596243967,1596243944,23
2020/8/1 08:05,1596243907,1596243872,35
2020/8/1 08:04,1596243847,1596243812,35
2020/8/1 08:03,1596243787,1596243781,6
2020/8/1 08:02,1596243727,1596243678,49
2020/8/1 08:01,1596243667,1596243660,7
2020/8/1 08:00,1596243607,1596243556,51
2020/8/1 07:59,1596243547,1596243453,94
2020/8/1 07:58,1596243487,1596243453,34
2020/8/1 07:57,1596243427,1596243374,53
2020/8/1 07:56,1596243367,1596243358,9
2020/8/1 07:55,1596243307,1596243292,15
2020/8/1 07:54,1596243247,1596243247,0
2020/8/1 07:53,1596243187,1596243170,17
2020/8/1 07:52,1596243127,1596243098,29
2020/8/1 07:51,1596243067,1596243038,29
2020/8/1 07:50,1596243007,1596242977,30
2020/8/1 07:49,1596242947,1596242886,61
2020/8/1 07:48,1596242887,1596242886,1
2020/8/1 07:47,1596242827,1596242809,18
2020/8/1 07:46,1596242767,1596242764,3
2020/8/1 07:45,1596242707,1596242703,4
2020/8/1 07:44,1596242647,1596242642,5
2020/8/1 07:43,1596242587,1596242545,42
2020/8/1 07:42,1596242527,1596242510,17
2020/8/1 07:41,1596242467,1596242460,7
2020/8/1 07:40,1596242407,1596242358,49
2020/8/1 07:39,1596242347,1596242328,19
2020/8/1 07:38,1596242287,1596242257,30
2020/8/1 07:37,1596242227,1596242195,32
2020/8/1 07:36,1596242167,1596242167,0
2020/8/1 07:35,1596242107,1596242094,13
2020/8/1 07:34,1596242047,1596242013,34
2020/8/1 07:33,1596241987,1596241975,12
2020/8/1 07:32,1596241927,1596241901,26
2020/8/1 07:31,1596241867,1596241860,7
2020/8/1 07:30,1596241807,1596241708,99
2020/8/1 07:29,1596241747,1596241708,39
2020/8/1 07:28,1596241687,1596241627,60
2020/8/1 07:27,1596241627,1596241627,0
2020/8/1 07:26,1596241567,1596241536,31
2020/8/1 07:25,1596241507,1596241444,63
2020/8/1 07:24,1596241447,1596241444,3
2020/8/1 07:23,1596241387,1596241356,31
2020/8/1 07:22,1596241327,1596241327,0
2020/8/1 07:21,1596241267,1596241231,36
2020/8/1 07:20,1596241207,1596241149,58
2020/8/1 07:19,1596241147,1596241121,26
2020/8/1 07:18,1596241087,1596240966,121
2020/8/1 07:17,1596241027,1596240966,61
2020/8/1 07:16,1596240967,1596240966,1
2020/8/1 07:15,1596240907,1596240672,235
2020/8/1 07:14,1596240847,1596240672,175
2020/8/1 07:13,1596240787,1596240672,115
2020/8/1 07:12,1596240727,1596240672,55
2020/8/1 07:11,1596240667,1596239733,934
2020/8/1 07:10,1596240607,1596239733,874
2020/8/1 07:09,1596240547,1596239733,814
2020/8/1 07:08,1596240487,1596239733,754
2020/8/1 07:07,1596240427,1596239733,694
2020/8/1 07:06,1596240367,1596239733,634
2020/8/1 07:05,1596240307,1596239733,574
2020/8/1 07:04,1596240247,1596239733,514
2020/8/1 07:03,1596240187,1596239733,454
2020/8/1 07:02,1596240127,1596239733,394
2020/8/1 07:01,1596240067,1596239733,334
2020/8/1 07:00,1596240007,1596239733,274
2020/8/1 06:59,1596239947,1596239733,214
2020/8/1 06:58,1596239887,1596239733,154
2020/8/1 06:57,1596239827,1596239733,94
2020/8/1 06:56,1596239767,1596239733,34
2020/8/1 06:55,1596239707,1596239702,5
2020/8/1 06:54,1596239647,1596239636,11
2020/8/1 06:53,1596239587,1596239581,6
2020/8/1 06:52,1596239527,1596239505,22
2020/8/1 06:51,1596239467,1596239261,206
2020/8/1 06:50,1596239407,1596239261,146
2020/8/1 06:49,1596239347,1596239261,86
2020/8/1 06:48,1596239287,1596239261,26
2020/8/1 06:47,1596239227,1596239214,13
2020/8/1 06:46,1596239167,1596239163,4
2020/8/1 06:45,1596239107,1596239106,1
2020/8/1 06:44,1596239047,1596239041,6
2020/8/1 06:43,1596238987,1596238956,31
2020/8/1 06:42,1596238927,1596238906,21
2020/8/1 06:41,1596238867,1596238854,13
2020/8/1 06:40,1596238807,1596238691,116
2020/8/1 06:39,1596238747,1596238691,56
2020/8/1 06:38,1596238687,1596238684,3
2020/8/1 06:37,1596238627,1596238621,6
2020/8/1 06:36,1596238567,1596238458,109
2020/8/1 06:35,1596238507,1596238458,49
2020/8/1 06:34,1596238447,1596238398,49
2020/8/1 06:33,1596238387,1596238306,81
2020/8/1 06:32,1596238327,1596238306,21
2020/8/1 06:31,1596238267,1596238267,0
2020/8/1 06:30,1596238207,1596238204,3
2020/8/1 06:29,1596238147,1596238134,13
2020/8/1 06:28,1596238087,1596238062,25
2020/8/1 06:27,1596238027,1596238015,12
2020/8/1 06:26,1596237967,1596237940,27
2020/8/1 06:25,1596237907,1596237880,27
2020/8/1 06:24,1596237847,1596237803,44
2020/8/1 06:23,1596237787,1596237758,29
2020/8/1 06:22,1596237727,1596237718,9
2020/8/1 06:21,1596237667,1596237636,31
2020/8/1 06:20,1596237607,1596237554,53
2020/8/1 06:19,1596237547,1596237524,23
2020/8/1 06:18,1596237487,1596237486,1
2020/8/1 06:17,1596237427,1596237392,35
2020/8/1 06:16,1596237367,1596237340,27
2020/8/1 06:15,1596237307,1596237306,1
2020/8/1 06:14,1596237247,1596237242,5
2020/8/1 06:13,1596237187,1596237181,6
2020/8/1 06:12,1596237127,1596237103,24
2020/8/1 06:11,1596237067,1596237038,29
2020/8/1 06:10,1596237007,1596237007,0
2020/8/1 06:09,1596236947,1596236898,49
2020/8/1 06:08,1596236887,1596236879,8
2020/8/1 06:07,1596236827,1596236823,4
2020/8/1 06:06,1596236767,1596236740,27
2020/8/1 06:05,1596236707,1596236702,5
2020/8/1 06:04,1596236647,1596236641,6
2020/8/1 06:03,1596236587,1596236580,7
2020/8/1 06:02,1596236527,1596236494,33
2020/8/1 06:01,1596236467,1596236466,1
2020/8/1 06:00,1596236407,1596236403,4
2020/8/1 05:59,1596236347,1596236346,1
2020/8/1 05:58,1596236287,1596236260,27
2020/8/1 05:57,1596236227,1596236221,6
2020/8/1 05:56,1596236167,1596236163,4
2020/8/1 05:55,1596236107,1596236080,27
2020/8/1 05:54,1596236047,1596235939,108
2020/8/1 05:53,1596235987,1596235939,48
2020/8/1 05:52,1596235927,1596235899,28
2020/8/1 05:51,1596235867,1596235865,2
2020/8/1 05:50,1596235807,1596235776,31
2020/8/1 05:49,1596235747,1596235716,31
2020/8/1 05:48,1596235687,1596235654,33
2020/8/1 05:47,1596235627,1596235583,44
2020/8/1 05:46,1596235567,1596235553,14
2020/8/1 05:45,1596235507,1596235481,26
2020/8/1 05:44,1596235447,1596235439,8
2020/8/1 05:43,1596235387,1596235376,11
2020/8/1 05:42,1596235327,1596235319,8
2020/8/1 05:41,1596235267,1596235258,9
2020/8/1 05:40,1596235207,1596235147,60
2020/8/1 05:39,1596235148,1596235147,1
2020/8/1 05:38,1596235087,1596235056,31
2020/8/1 05:37,1596235027,1596234994,33
2020/8/1 05:36,1596234967,1596234923,44
2020/8/1 05:35,1596234907,1596234831,76
2020/8/1 05:34,1596234847,1596234831,16
2020/8/1 05:33,1596234787,1596234781,6
2020/8/1 05:32,1596234727,1596234638,89
2020/8/1 05:31,1596234667,1596234638,29
2020/8/1 05:30,1596234607,1596234588,19
2020/8/1 05:29,1596234547,1596234496,51
2020/8/1 05:28,1596234487,1596234456,31
2020/8/1 05:27,1596234427,1596234425,2
2020/8/1 05:26,1596234367,1596234253,114
2020/8/1 05:25,1596234307,1596234253,54
2020/8/1 05:24,1596234247,1596234170,77
2020/8/1 05:23,1596234187,1596234170,17
2020/8/1 05:22,1596234127,1596234088,39
2020/8/1 05:21,1596234067,1596234035,32
2020/8/1 05:20,1596234007,1596234006,1
2020/8/1 05:19,1596233947,1596233936,11
2020/8/1 05:18,1596233887,1596233865,22
2020/8/1 05:17,1596233827,1596233824,3
2020/8/1 05:16,1596233767,1596233733,34
2020/8/1 05:15,1596233707,1596233702,5
2020/8/1 05:14,1596233647,1596233624,23
2020/8/1 05:13,1596233587,1596233580,7
2020/8/1 05:12,1596233527,1596233515,12
2020/8/1 05:11,1596233467,1596233366,101
2020/8/1 05:10,1596233407,1596233366,41
2020/8/1 05:09,1596233347,1596233285,62
2020/8/1 05:08,1596233287,1596233285,2
2020/8/1 05:07,1596233227,1596233215,12
2020/8/1 05:06,1596233167,1596233112,55
2020/8/1 05:05,1596233107,1596233031,76
2020/8/1 05:04,1596233047,1596233031,16
2020/8/1 05:03,1596232987,1596232965,22
2020/8/1 05:02,1596232927,1596232909,18
2020/8/1 05:01,1596232867,1596232848,19
2020/8/1 05:00,1596232807,1596232776,31
2020/8/1 04:59,1596232747,1596232725,22
2020/8/1 04:58,1596232687,1596232655,32
2020/8/1 04:57,1596232628,1596232614,14
2020/8/1 04:56,1596232567,1596232519,48
2020/8/1 04:55,1596232507,1596232502,5
2020/8/1 04:54,1596232447,1596232419,28
2020/8/1 04:53,1596232387,1596232373,14
2020/8/1 04:52,1596232327,1596232319,8
2020/8/1 04:51,1596232267,1596232262,5
2020/8/1 04:50,1596232207,1596232167,40
2020/8/1 04:49,1596232147,1596232147,0
2020/8/1 04:48,1596232087,1596232085,2
2020/8/1 04:47,1596232027,1596232024,3
2020/8/1 04:46,1596231967,1596231923,44
2020/8/1 04:45,1596231907,1596231875,32
2020/8/1 04:44,1596231847,1596231821,26
2020/8/1 04:43,1596231787,1596231689,98
2020/8/1 04:42,1596231727,1596231689,38
2020/8/1 04:41,1596231667,1596231547,120
2020/8/1 04:40,1596231607,1596231547,60
2020/8/1 04:39,1596231547,1596231547,0
2020/8/1 04:38,1596231487,1596231472,15
2020/8/1 04:37,1596231427,1596231363,64
2020/8/1 04:36,1596231367,1596231363,4
2020/8/1 04:35,1596231307,1596231282,25
2020/8/1 04:34,1596231247,1596231211,36
2020/8/1 04:33,1596231187,1596231170,17
2020/8/1 04:32,1596231127,1596231098,29
2020/8/1 04:31,1596231067,1596231046,21
2020/8/1 04:30,1596231007,1596230978,29
2020/8/1 04:29,1596230947,1596230936,11
2020/8/1 04:28,1596230888,1596230875,13
2020/8/1 04:27,1596230827,1596230824,3
2020/8/1 04:26,1596230767,1596230763,4
2020/8/1 04:25,1596230707,1596230669,38
2020/8/1 04:24,1596230647,1596230569,78
2020/8/1 04:23,1596230587,1596230569,18
2020/8/1 04:22,1596230527,1596230524,3
2020/8/1 04:21,1596230467,1596230406,61
2020/8/1 04:20,1596230407,1596230406,1
2020/8/1 04:19,1596230347,1596230312,35
2020/8/1 04:18,1596230287,1596230232,55
2020/8/1 04:17,1596230227,1596230172,55
2020/8/1 04:16,1596230167,1596230055,112
2020/8/1 04:15,1596230107,1596230055,52
2020/8/1 04:14,1596230047,1596230046,1
2020/8/1 04:13,1596229987,1596229986,1
2020/8/1 04:12,1596229927,1596229907,20
2020/8/1 04:11,1596229867,1596229734,133
2020/8/1 04:10,1596229807,1596229734,73
2020/8/1 04:09,1596229747,1596229734,13
2020/8/1 04:08,1596229687,1596229612,75
2020/8/1 04:07,1596229627,1596229612,15
2020/8/1 04:06,1596229567,1596229555,12
2020/8/1 04:05,1596229507,1596229496,11
2020/8/1 04:04,1596229447,1596229428,19
2020/8/1 04:03,1596229387,1596229356,31
2020/8/1 04:02,1596229327,1596229254,73
2020/8/1 04:01,1596229267,1596229254,13
2020/8/1 04:00,1596229207,1596229183,24
2020/8/1 03:59,1596229147,1596229142,5
2020/8/1 03:58,1596229087,1596229050,37
2020/8/1 03:57,1596229027,1596228999,28
2020/8/1 03:56,1596228967,1596228902,65
2020/8/1 03:55,1596228907,1596228902,5
2020/8/1 03:54,1596228847,1596228847,0
2020/8/1 03:53,1596228787,1596228705,82
2020/8/1 03:52,1596228727,1596228705,22
2020/8/1 03:51,1596228667,1596228613,54
2020/8/1 03:50,1596228607,1596228491,116
2020/8/1 03:49,1596228547,1596228491,56
2020/8/1 03:48,1596228487,1596228460,27
2020/8/1 03:47,1596228427,1596228409,18
2020/8/1 03:46,1596228367,1596228348,19
2020/8/1 03:45,1596228307,1596228238,69
2020/8/1 03:44,1596228247,1596228238,9
2020/8/1 03:43,1596228187,1596228134,53
2020/8/1 03:42,1596228127,1596228127,0
2020/8/1 03:41,1596228067,1596228022,45
2020/8/1 03:40,1596228007,1596227961,46
2020/8/1 03:39,1596227947,1596227914,33
2020/8/1 03:38,1596227887,1596227877,10
2020/8/1 03:37,1596227827,1596227759,68
2020/8/1 03:36,1596227767,1596227759,8
2020/8/1 03:35,1596227707,1596227666,41
2020/8/1 03:34,1596227647,1596227585,62
2020/8/1 03:33,1596227587,1596227585,2
2020/8/1 03:32,1596227527,1596227517,10
2020/8/1 03:31,1596227467,1596227351,116
2020/8/1 03:30,1596227407,1596227351,56
2020/8/1 03:29,1596227347,1596227229,118
2020/8/1 03:28,1596227287,1596227229,58
2020/8/1 03:27,1596227227,1596227218,9
2020/8/1 03:26,1596227167,1596227158,9
2020/8/1 03:25,1596227107,1596227025,82
2020/8/1 03:24,1596227047,1596227025,22
2020/8/1 03:23,1596226987,1596226954,33
2020/8/1 03:22,1596226927,1596226842,85
2020/8/1 03:21,1596226867,1596226842,25
2020/8/1 03:20,1596226807,1596226719,88
2020/8/1 03:19,1596226747,1596226719,28
2020/8/1 03:18,1596226687,1596226679,8
2020/8/1 03:17,1596226627,1596226566,61
2020/8/1 03:16,1596226567,1596226566,1
2020/8/1 03:15,1596226507,1596226454,53
2020/8/1 03:14,1596226447,1596226403,44
2020/8/1 03:13,1596226387,1596226363,24
2020/8/1 03:12,1596226327,1596226322,5
2020/8/1 03:11,1596226267,1596226251,16
2020/8/1 03:10,1596226207,1596226170,37
2020/8/1 03:09,1596226147,1596226032,115
2020/8/1 03:08,1596226087,1596226032,55
2020/8/1 03:07,1596226027,1596225997,30
2020/8/1 03:06,1596225967,1596225955,12
2020/8/1 03:05,1596225907,1596225905,2
2020/8/1 03:04,1596225847,1596225793,54
2020/8/1 03:03,1596225787,1596225691,96
2020/8/1 03:02,1596225727,1596225691,36
2020/8/1 03:01,1596225667,1596225599,68
2020/8/1 03:00,1596225607,1596225599,8
2020/8/1 02:59,1596225547,1596225538,9
2020/8/1 02:58,1596225487,1596225477,10
2020/8/1 02:57,1596225427,1596225365,62
2020/8/1 02:56,1596225367,1596225365,2
2020/8/1 02:55,1596225307,1596225250,57
2020/8/1 02:54,1596225247,1596225247,0
2020/8/1 02:53,1596225187,1596225152,35
2020/8/1 02:52,1596225127,1596225122,5
2020/8/1 02:51,1596225067,1596225068,-1
2020/8/1 02:50,1596225007,1596225006,1
2020/8/1 02:49,1596224947,1596224928,19
2020/8/1 02:48,1596224887,1596224887,0
2020/8/1 02:47,1596224827,1596224827,0
2020/8/1 02:46,1596224767,1596224765,2
2020/8/1 02:45,1596224707,1596224671,36
2020/8/1 02:44,1596224647,1596224610,37
2020/8/1 02:43,1596224587,1596224569,18
2020/8/1 02:42,1596224527,1596224456,71
2020/8/1 02:41,1596224467,1596224456,11
2020/8/1 02:40,1596224407,1596224381,26
2020/8/1 02:39,1596224347,1596224325,22
2020/8/1 02:38,1596224287,1596224273,14
2020/8/1 02:37,1596224227,1596224213,14
2020/8/1 02:36,1596224167,1596224151,16
2020/8/1 02:35,1596224107,1596224070,37
2020/8/1 02:34,1596224047,1596224034,13
2020/8/1 02:33,1596223987,1596223907,80
2020/8/1 02:32,1596223927,1596223907,20
2020/8/1 02:31,1596223867,1596223850,17
2020/8/1 02:30,1596223807,1596223795,12
2020/8/1 02:29,1596223747,1596223731,16
2020/8/1 02:28,1596223687,1596223683,4
2020/8/1 02:27,1596223627,1596223610,17
2020/8/1 02:26,1596223567,1596223551,16
2020/8/1 02:25,1596223507,1596223491,16
2020/8/1 02:24,1596223447,1596223438,9
2020/8/1 02:23,1596223387,1596223386,1
2020/8/1 02:22,1596223327,1596223327,0
2020/8/1 02:21,1596223267,1596223184,83
2020/8/1 02:20,1596223207,1596223184,23
2020/8/1 02:19,1596223147,1596223113,34
2020/8/1 02:18,1596223087,1596223063,24
2020/8/1 02:17,1596223027,1596222983,44
2020/8/1 02:16,1596222967,1596222890,77
2020/8/1 02:15,1596222907,1596222890,17
2020/8/1 02:14,1596222847,1596222821,26
2020/8/1 02:13,1596222787,1596222777,10
2020/8/1 02:12,1596222727,1596222717,10
2020/8/1 02:11,1596222667,1596222594,73
2020/8/1 02:10,1596222607,1596222594,13
2020/8/1 02:09,1596222547,1596222503,44
2020/8/1 02:08,1596222487,1596222473,14
2020/8/1 02:07,1596222427,1596222422,5
2020/8/1 02:06,1596222367,1596222340,27
2020/8/1 02:05,1596222307,1596222279,28
2020/8/1 02:04,1596222247,1596222208,39
2020/8/1 02:03,1596222187,1596222168,19
2020/8/1 02:02,1596222127,1596222047,80
2020/8/1 02:01,1596222067,1596222047,20
2020/8/1 02:00,1596222007,1596221944,63
2020/8/1 01:59,1596221947,1596221944,3
2020/8/1 01:58,1596221887,1596221873,14
2020/8/1 01:57,1596221827,1596221822,5
2020/8/1 01:56,1596221767,1596221748,19
2020/8/1 01:55,1596221707,1596221649,58
2020/8/1 01:54,1596221648,1596221588,60
2020/8/1 01:53,1596221587,1596221540,47
2020/8/1 01:52,1596221527,1596221497,30
2020/8/1 01:51,1596221467,1596221425,42
2020/8/1 01:50,1596221407,1596221333,74
2020/8/1 01:49,1596221347,1596221333,14
2020/8/1 01:48,1596221287,1596221287,0
2020/8/1 01:47,1596221227,1596221221,6
2020/8/1 01:46,1596221167,1596221167,0
2020/8/1 01:45,1596221107,1596221069,38
2020/8/1 01:44,1596221047,1596220977,70
2020/8/1 01:43,1596220987,1596220977,10
2020/8/1 01:42,1596220927,1596220906,21
2020/8/1 01:41,1596220867,1596220828,39
2020/8/1 01:40,1596220807,1596220793,14
2020/8/1 01:39,1596220747,1596220702,45
2020/8/1 01:38,1596220687,1596220631,56
2020/8/1 01:37,1596220627,1596220600,27
2020/8/1 01:36,1596220567,1596220552,15
2020/8/1 01:35,1596220507,1596220447,60
2020/8/1 01:34,1596220447,1596220447,0
2020/8/1 01:33,1596220388,1596220384,4
2020/8/1 01:32,1596220327,1596220305,22
2020/8/1 01:31,1596220267,1596220193,74
2020/8/1 01:30,1596220207,1596220193,14
2020/8/1 01:29,1596220147,1596220130,17
2020/8/1 01:28,1596220087,1596220051,36
2020/8/1 01:27,1596220027,1596220010,17
2020/8/1 01:26,1596219967,1596219938,29
2020/8/1 01:25,1596219907,1596219857,50
2020/8/1 01:24,1596219847,1596219806,41
2020/8/1 01:23,1596219787,1596219774,13
2020/8/1 01:22,1596219727,1596219634,93
2020/8/1 01:21,1596219667,1596219634,33
2020/8/1 01:20,1596219607,1596219545,62
2020/8/1 01:19,1596219547,1596219545,2
2020/8/1 01:18,1596219487,1596219420,67
2020/8/1 01:17,1596219427,1596219420,7
2020/8/1 01:16,1596219367,1596219349,18
2020/8/1 01:15,1596219307,1596219277,30
2020/8/1 01:14,1596219247,1596219227,20
2020/8/1 01:13,1596219187,1596219183,4
2020/8/1 01:12,1596219127,1596219095,32
2020/8/1 01:11,1596219067,1596219044,23
2020/8/1 01:10,1596219007,1596219003,4
2020/8/1 01:09,1596218947,1596218911,36
2020/8/1 01:08,1596218887,1596218881,6
2020/8/1 01:07,1596218827,1596218759,68
2020/8/1 01:06,1596218767,1596218759,8
2020/8/1 01:05,1596218707,1596218587,120
2020/8/1 01:04,1596218647,1596218587,60
2020/8/1 01:03,1596218587,1596218587,0
2020/8/1 01:02,1596218527,1596218526,1
2020/8/1 01:01,1596218467,1596218405,62
2020/8/1 01:00,1596218407,1596218405,2
2020/8/1 00:59,1596218347,1596218331,16
2020/8/1 00:58,1596218287,1596218240,47
2020/8/1 00:57,1596218227,1596218209,18
2020/8/1 00:56,1596218167,1596218107,60
2020/8/1 00:55,1596218108,1596218107,1
2020/8/1 00:54,1596218047,1596217944,103
2020/8/1 00:53,1596217987,1596217944,43
2020/8/1 00:52,1596217927,1596217914,13
2020/8/1 00:51,1596217867,1596217807,60
2020/8/1 00:50,1596217807,1596217807,0
2020/8/1 00:49,1596217747,1596217731,16
2020/8/1 00:48,1596217687,1596217660,27
2020/8/1 00:47,1596217627,1596217591,36
2020/8/1 00:46,1596217567,1596217548,19
2020/8/1 00:45,1596217507,1596217467,40
2020/8/1 00:44,1596217447,1596217365,82
2020/8/1 00:43,1596217387,1596217365,22
2020/8/1 00:42,1596217327,1596217314,13
2020/8/1 00:41,1596217267,1596217257,10
2020/8/1 00:40,1596217207,1596217202,5
2020/8/1 00:39,1596217147,1596217142,5
2020/8/1 00:38,1596217087,1596217071,16
2020/8/1 00:37,1596217027,1596217019,8
2020/8/1 00:36,1596216967,1596216887,80
2020/8/1 00:35,1596216907,1596216887,20
2020/8/1 00:34,1596216847,1596216846,1
2020/8/1 00:33,1596216787,1596216765,22
2020/8/1 00:32,1596216727,1596216724,3
2020/8/1 00:31,1596216667,1596216643,24
2020/8/1 00:30,1596216607,1596216602,5
2020/8/1 00:29,1596216547,1596216531,16
2020/8/1 00:28,1596216487,1596216368,119
2020/8/1 00:27,1596216427,1596216368,59
2020/8/1 00:26,1596216367,1596216360,7
2020/8/1 00:25,1596216307,1596216307,0
2020/8/1 00:24,1596216247,1596216246,1
2020/8/1 00:23,1596216187,1596216176,11
2020/8/1 00:22,1596216127,1596216114,13
2020/8/1 00:21,1596216067,1596215950,117
2020/8/1 00:20,1596216007,1596215950,57
2020/8/1 00:19,1596215947,1596215894,53
2020/8/1 00:18,1596215887,1596215838,49
2020/8/1 00:17,1596215827,1596215825,2
2020/8/1 00:16,1596215767,1596215754,13
2020/8/1 00:15,1596215707,1596215625,82
2020/8/1 00:14,1596215647,1596215625,22
2020/8/1 00:13,1596215587,1596215517,70
2020/8/1 00:12,1596215527,1596215517,10
2020/8/1 00:11,1596215467,1596215394,73
2020/8/1 00:10,1596215407,1596215394,13
2020/8/1 00:09,1596215347,1596215330,17
2020/8/1 00:08,1596215287,1596215177,110
2020/8/1 00:07,1596215227,1596215177,50
2020/8/1 00:06,1596215167,1596215044,123
2020/8/1 00:05,1596215107,1596215044,63
2020/8/1 00:04,1596215048,1596215044,4
2020/8/1 00:03,1596214987,1596214984,3
2020/8/1 00:02,1596214927,1596214869,58
2020/8/1 00:01,1596214867,1596214862,5
2020/8/1 00:00,1596214807,1596214791,16
