Time,Start,End,Value
2020-08-30 23:59:07 , 1598806747, 1598806742,5
2020-08-30 23:58:07 , 1598806687, 1598806688,-1
2020-08-30 23:57:07 , 1598806627, 1598806599,28
2020-08-30 23:56:07 , 1598806567, 1598806538,29
2020-08-30 23:55:07 , 1598806507, 1598806474,33
2020-08-30 23:54:07 , 1598806447, 1598806402,45
2020-08-30 23:53:07 , 1598806387, 1598806301,86
2020-08-30 23:52:07 , 1598806327, 1598806301,26
2020-08-30 23:51:07 , 1598806267, 1598806188,79
2020-08-30 23:50:07 , 1598806207, 1598806188,19
2020-08-30 23:49:07 , 1598806147, 1598806147,0
2020-08-30 23:48:07 , 1598806087, 1598806055,32
2020-08-30 23:47:07 , 1598806027, 1598805969,58
2020-08-30 23:46:07 , 1598805967, 1598805968,-1
2020-08-30 23:45:07 , 1598805907, 1598805906,1
2020-08-30 23:44:07 , 1598805847, 1598805845,2
2020-08-30 23:43:07 , 1598805787, 1598805781,6
2020-08-30 23:42:07 , 1598805727, 1598805719,8
2020-08-30 23:41:07 , 1598805667, 1598805667,0
2020-08-30 23:40:07 , 1598805607, 1598805588,19
2020-08-30 23:39:07 , 1598805547, 1598805531,16
2020-08-30 23:38:07 , 1598805487, 1598805466,21
2020-08-30 23:37:07 , 1598805427, 1598805425,2
2020-08-30 23:36:07 , 1598805367, 1598805368,-1
2020-08-30 23:35:07 , 1598805307, 1598805297,10
2020-08-30 23:34:07 , 1598805247, 1598805211,36
2020-08-30 23:33:07 , 1598805187, 1598805168,19
2020-08-30 23:32:07 , 1598805127, 1598805108,19
2020-08-30 23:31:07 , 1598805067, 1598805023,44
2020-08-30 23:30:07 , 1598805007, 1598804982,25
2020-08-30 23:29:07 , 1598804947, 1598804890,57
2020-08-30 23:28:07 , 1598804887, 1598804855,32
2020-08-30 23:27:07 , 1598804827, 1598804828,-1
2020-08-30 23:26:07 , 1598804767, 1598804726,41
2020-08-30 23:25:07 , 1598804707, 1598804675,32
2020-08-30 23:24:07 , 1598804647, 1598804624,23
2020-08-30 23:23:07 , 1598804587, 1598804581,6
2020-08-30 23:22:07 , 1598804527, 1598804471,56
2020-08-30 23:21:07 , 1598804467, 1598804429,38
2020-08-30 23:20:07 , 1598804407, 1598804306,101
2020-08-30 23:19:07 , 1598804347, 1598804306,41
2020-08-30 23:18:07 , 1598804287, 1598804222,65
2020-08-30 23:17:07 , 1598804227, 1598804222,5
2020-08-30 23:16:07 , 1598804167, 1598804148,19
2020-08-30 23:15:07 , 1598804107, 1598804065,42
2020-08-30 23:14:07 , 1598804047, 1598804000,47
2020-08-30 23:13:07 , 1598803987, 1598803947,40
2020-08-30 23:12:07 , 1598803927, 1598803914,13
2020-08-30 23:11:07 , 1598803867, 1598803837,30
2020-08-30 23:10:07 , 1598803807, 1598803803,4
2020-08-30 23:09:07 , 1598803747, 1598803725,22
2020-08-30 23:08:07 , 1598803687, 1598803679,8
2020-08-30 23:07:07 , 1598803627, 1598803627,0
2020-08-30 23:06:07 , 1598803567, 1598803563,4
2020-08-30 23:05:07 , 1598803507, 1598803413,94
2020-08-30 23:04:07 , 1598803447, 1598803413,34
2020-08-30 23:03:07 , 1598803387, 1598803381,6
2020-08-30 23:02:07 , 1598803327, 1598803264,63
2020-08-30 23:01:07 , 1598803267, 1598803264,3
2020-08-30 23:00:07 , 1598803207, 1598803192,15
2020-08-30 22:59:07 , 1598803147, 1598803133,14
2020-08-30 22:58:07 , 1598803087, 1598803055,32
2020-08-30 22:57:07 , 1598803027, 1598802993,34
2020-08-30 22:56:07 , 1598802967, 1598802957,10
2020-08-30 22:55:07 , 1598802907, 1598802844,63
2020-08-30 22:54:07 , 1598802847, 1598802844,3
2020-08-30 22:53:07 , 1598802787, 1598802778,9
2020-08-30 22:52:07 , 1598802727, 1598802641,86
2020-08-30 22:51:07 , 1598802667, 1598802641,26
2020-08-30 22:50:07 , 1598802607, 1598802528,79
2020-08-30 22:49:07 , 1598802547, 1598802528,19
2020-08-30 22:48:07 , 1598802487, 1598802445,42
2020-08-30 22:47:07 , 1598802427, 1598802383,44
2020-08-30 22:46:07 , 1598802367, 1598802340,27
2020-08-30 22:45:07 , 1598802307, 1598802238,69
2020-08-30 22:44:07 , 1598802247, 1598802238,9
2020-08-30 22:43:07 , 1598802187, 1598802166,21
2020-08-30 22:42:07 , 1598802127, 1598802129,-2
2020-08-30 22:41:07 , 1598802067, 1598802065,2
2020-08-30 22:40:07 , 1598802007, 1598802001,6
2020-08-30 22:39:07 , 1598801947, 1598801947,0
2020-08-30 22:38:07 , 1598801887, 1598801863,24
2020-08-30 22:37:07 , 1598801827, 1598801786,41
2020-08-30 22:36:07 , 1598801767, 1598801763,4
2020-08-30 22:35:07 , 1598801707, 1598801637,70
2020-08-30 22:34:07 , 1598801647, 1598801637,10
2020-08-30 22:33:07 , 1598801587, 1598801586,1
2020-08-30 22:32:07 , 1598801527, 1598801504,23
2020-08-30 22:31:07 , 1598801467, 1598801441,26
2020-08-30 22:30:07 , 1598801407, 1598801403,4
2020-08-30 22:29:07 , 1598801347, 1598801290,57
2020-08-30 22:28:07 , 1598801287, 1598801269,18
2020-08-30 22:27:07 , 1598801227, 1598801178,49
2020-08-30 22:26:07 , 1598801167, 1598801167,0
2020-08-30 22:25:07 , 1598801107, 1598801035,72
2020-08-30 22:24:07 , 1598801047, 1598801035,12
2020-08-30 22:23:07 , 1598800987, 1598800964,23
2020-08-30 22:22:07 , 1598800927, 1598800892,35
2020-08-30 22:21:07 , 1598800867, 1598800813,54
2020-08-30 22:20:07 , 1598800807, 1598800782,25
2020-08-30 22:19:07 , 1598800747, 1598800678,69
2020-08-30 22:18:07 , 1598800687, 1598800678,9
2020-08-30 22:17:07 , 1598800627, 1598800607,20
2020-08-30 22:16:07 , 1598800567, 1598800515,52
2020-08-30 22:15:07 , 1598800507, 1598800498,9
2020-08-30 22:14:07 , 1598800447, 1598800433,14
2020-08-30 22:13:07 , 1598800387, 1598800386,1
2020-08-30 22:12:07 , 1598800327, 1598800249,78
2020-08-30 22:11:07 , 1598800267, 1598800249,18
2020-08-30 22:10:07 , 1598800207, 1598799996,211
2020-08-30 22:09:07 , 1598800147, 1598799996,151
2020-08-30 22:08:07 , 1598800087, 1598799996,91
2020-08-30 22:07:07 , 1598800027, 1598799996,31
2020-08-30 22:06:07 , 1598799967, 1598799893,74
2020-08-30 22:05:07 , 1598799907, 1598799893,14
2020-08-30 22:04:07 , 1598799847, 1598799821,26
2020-08-30 22:03:07 , 1598799787, 1598799718,69
2020-08-30 22:02:07 , 1598799727, 1598799718,9
2020-08-30 22:01:07 , 1598799667, 1598799655,12
2020-08-30 22:00:07 , 1598799607, 1598799575,32
2020-08-30 21:59:07 , 1598799547, 1598799538,9
2020-08-30 21:58:07 , 1598799487, 1598799487,0
2020-08-30 21:57:07 , 1598799427, 1598799339,88
2020-08-30 21:56:07 , 1598799367, 1598799339,28
2020-08-30 21:55:07 , 1598799307, 1598799298,9
2020-08-30 21:54:07 , 1598799247, 1598799247,0
2020-08-30 21:53:07 , 1598799187, 1598799186,1
2020-08-30 21:52:07 , 1598799127, 1598799112,15
2020-08-30 21:51:07 , 1598799067, 1598799044,23
2020-08-30 21:50:07 , 1598799007, 1598798900,107
2020-08-30 21:49:07 , 1598798947, 1598798900,47
2020-08-30 21:48:07 , 1598798887, 1598798797,90
2020-08-30 21:47:07 , 1598798827, 1598798797,30
2020-08-30 21:46:07 , 1598798767, 1598798708,59
2020-08-30 21:45:07 , 1598798707, 1598798708,-1
2020-08-30 21:44:07 , 1598798647, 1598798644,3
2020-08-30 21:43:07 , 1598798587, 1598798571,16
2020-08-30 21:42:07 , 1598798527, 1598798511,16
2020-08-30 21:41:07 , 1598798467, 1598798429,38
2020-08-30 21:40:07 , 1598798407, 1598798387,20
2020-08-30 21:39:07 , 1598798347, 1598798285,62
2020-08-30 21:38:07 , 1598798287, 1598798285,2
2020-08-30 21:37:07 , 1598798227, 1598798214,13
2020-08-30 21:36:07 , 1598798167, 1598798122,45
2020-08-30 21:35:07 , 1598798107, 1598798101,6
2020-08-30 21:34:07 , 1598798047, 1598798046,1
2020-08-30 21:33:07 , 1598797987, 1598797948,39
2020-08-30 21:32:07 , 1598797927, 1598797929,-2
2020-08-30 21:31:07 , 1598797867, 1598797856,11
2020-08-30 21:30:07 , 1598797807, 1598797764,43
2020-08-30 21:29:07 , 1598797747, 1598797716,31
2020-08-30 21:28:07 , 1598797687, 1598797682,5
2020-08-30 21:27:07 , 1598797627, 1598797601,26
2020-08-30 21:26:07 , 1598797567, 1598797563,4
2020-08-30 21:25:07 , 1598797507, 1598797509,-2
2020-08-30 21:24:07 , 1598797447, 1598797427,20
2020-08-30 21:23:07 , 1598797387, 1598797324,63
2020-08-30 21:22:07 , 1598797327, 1598797324,3
2020-08-30 21:21:07 , 1598797267, 1598797222,45
2020-08-30 21:20:07 , 1598797207, 1598797202,5
2020-08-30 21:19:07 , 1598797147, 1598797146,1
2020-08-30 21:18:07 , 1598797087, 1598797072,15
2020-08-30 21:17:07 , 1598797027, 1598797028,-1
2020-08-30 21:16:07 , 1598796967, 1598796911,56
2020-08-30 21:15:07 , 1598796907, 1598796906,1
2020-08-30 21:14:07 , 1598796847, 1598796838,9
2020-08-30 21:13:07 , 1598796787, 1598796785,2
2020-08-30 21:12:08 , 1598796728, 1598796703,25
2020-08-30 21:11:07 , 1598796667, 1598796662,5
2020-08-30 21:10:07 , 1598796607, 1598796581,26
2020-08-30 21:09:07 , 1598796547, 1598796530,17
2020-08-30 21:08:07 , 1598796487, 1598796479,8
2020-08-30 21:07:07 , 1598796427, 1598796428,-1
2020-08-30 21:06:07 , 1598796367, 1598796345,22
2020-08-30 21:05:07 , 1598796307, 1598796302,5
2020-08-30 21:04:07 , 1598796247, 1598796199,48
2020-08-30 21:03:07 , 1598796187, 1598796187,0
2020-08-30 21:02:07 , 1598796127, 1598796084,43
2020-08-30 21:01:07 , 1598796067, 1598796058,9
2020-08-30 21:00:07 , 1598796007, 1598795968,39
2020-08-30 20:59:07 , 1598795947, 1598795916,31
2020-08-30 20:58:07 , 1598795887, 1598795876,11
2020-08-30 20:57:07 , 1598795827, 1598795825,2
2020-08-30 20:56:07 , 1598795767, 1598795722,45
2020-08-30 20:55:07 , 1598795707, 1598795691,16
2020-08-30 20:54:07 , 1598795647, 1598795640,7
2020-08-30 20:53:07 , 1598795587, 1598795553,34
2020-08-30 20:52:07 , 1598795527, 1598795488,39
2020-08-30 20:51:07 , 1598795467, 1598795457,10
2020-08-30 20:50:07 , 1598795407, 1598795404,3
2020-08-30 20:49:07 , 1598795347, 1598795347,0
2020-08-30 20:48:07 , 1598795287, 1598795286,1
2020-08-30 20:47:07 , 1598795227, 1598795171,56
2020-08-30 20:46:07 , 1598795167, 1598795151,16
2020-08-30 20:45:07 , 1598795107, 1598795100,7
2020-08-30 20:44:07 , 1598795047, 1598795009,38
2020-08-30 20:43:07 , 1598794987, 1598794938,49
2020-08-30 20:42:07 , 1598794927, 1598794928,-1
2020-08-30 20:41:07 , 1598794867, 1598794807,60
2020-08-30 20:40:07 , 1598794807, 1598794807,0
2020-08-30 20:39:07 , 1598794747, 1598794731,16
2020-08-30 20:38:07 , 1598794687, 1598794680,7
2020-08-30 20:37:07 , 1598794627, 1598794626,1
2020-08-30 20:36:07 , 1598794567, 1598794563,4
2020-08-30 20:35:07 , 1598794507, 1598794507,0
2020-08-30 20:34:07 , 1598794447, 1598794440,7
2020-08-30 20:33:07 , 1598794387, 1598794384,3
2020-08-30 20:32:07 , 1598794327, 1598794306,21
2020-08-30 20:31:07 , 1598794267, 1598794189,78
2020-08-30 20:30:07 , 1598794207, 1598794189,18
2020-08-30 20:29:07 , 1598794147, 1598794148,-1
2020-08-30 20:28:07 , 1598794087, 1598794053,34
2020-08-30 20:27:07 , 1598794027, 1598794002,25
2020-08-30 20:26:07 , 1598793967, 1598793944,23
2020-08-30 20:25:07 , 1598793907, 1598793903,4
2020-08-30 20:24:07 , 1598793847, 1598793837,10
2020-08-30 20:23:07 , 1598793787, 1598793781,6
2020-08-30 20:22:07 , 1598793727, 1598793720,7
2020-08-30 20:21:07 , 1598793667, 1598793644,23
2020-08-30 20:20:07 , 1598793607, 1598793605,2
2020-08-30 20:19:07 , 1598793547, 1598793493,54
2020-08-30 20:18:07 , 1598793487, 1598793472,15
2020-08-30 20:17:07 , 1598793427, 1598793420,7
2020-08-30 20:16:07 , 1598793367, 1598793350,17
2020-08-30 20:15:07 , 1598793307, 1598793277,30
2020-08-30 20:14:07 , 1598793247, 1598793217,30
2020-08-30 20:13:07 , 1598793187, 1598793186,1
2020-08-30 20:12:07 , 1598793127, 1598793107,20
2020-08-30 20:11:07 , 1598793067, 1598793063,4
2020-08-30 20:10:07 , 1598793007, 1598793003,4
2020-08-30 20:09:07 , 1598792947, 1598792911,36
2020-08-30 20:08:07 , 1598792887, 1598792767,120
2020-08-30 20:07:07 , 1598792827, 1598792767,60
2020-08-30 20:06:07 , 1598792767, 1598792767,0
2020-08-30 20:05:07 , 1598792707, 1598792686,21
2020-08-30 20:04:07 , 1598792647, 1598792598,49
2020-08-30 20:03:07 , 1598792587, 1598792572,15
2020-08-30 20:02:07 , 1598792527, 1598792502,25
2020-08-30 20:01:07 , 1598792467, 1598792462,5
2020-08-30 20:00:07 , 1598792407, 1598792398,9
2020-08-30 19:59:07 , 1598792347, 1598792339,8
2020-08-30 19:58:07 , 1598792287, 1598792255,32
2020-08-30 19:57:07 , 1598792227, 1598792177,50
2020-08-30 19:56:07 , 1598792167, 1598792109,58
2020-08-30 19:55:07 , 1598792107, 1598792108,-1
2020-08-30 19:54:07 , 1598792047, 1598792025,22
2020-08-30 19:53:07 , 1598791987, 1598791953,34
2020-08-30 19:52:07 , 1598791927, 1598791902,25
2020-08-30 19:51:07 , 1598791867, 1598791864,3
2020-08-30 19:50:07 , 1598791807, 1598791781,26
2020-08-30 19:49:07 , 1598791747, 1598791744,3
2020-08-30 19:48:08 , 1598791688, 1598791586,102
2020-08-30 19:47:07 , 1598791627, 1598791586,41
2020-08-30 19:46:07 , 1598791567, 1598791475,92
2020-08-30 19:45:07 , 1598791507, 1598791475,32
2020-08-30 19:44:07 , 1598791447, 1598791433,14
2020-08-30 19:43:07 , 1598791387, 1598791373,14
2020-08-30 19:42:07 , 1598791327, 1598791260,67
2020-08-30 19:41:07 , 1598791267, 1598791260,7
2020-08-30 19:40:07 , 1598791207, 1598791208,-1
2020-08-30 19:39:07 , 1598791147, 1598791127,20
2020-08-30 19:38:07 , 1598791087, 1598791077,10
2020-08-30 19:37:07 , 1598791027, 1598791016,11
2020-08-30 19:36:07 , 1598790967, 1598790965,2
2020-08-30 19:35:07 , 1598790907, 1598790904,3
2020-08-30 19:34:07 , 1598790847, 1598790812,35
2020-08-30 19:33:07 , 1598790787, 1598790762,25
2020-08-30 19:32:07 , 1598790727, 1598790721,6
2020-08-30 19:31:07 , 1598790667, 1598790640,27
2020-08-30 19:30:07 , 1598790607, 1598790589,18
2020-08-30 19:29:07 , 1598790547, 1598790527,20
2020-08-30 19:28:07 , 1598790487, 1598790486,1
2020-08-30 19:27:07 , 1598790427, 1598790425,2
2020-08-30 19:26:07 , 1598790367, 1598790365,2
2020-08-30 19:25:07 , 1598790307, 1598790282,25
2020-08-30 19:24:07 , 1598790247, 1598790191,56
2020-08-30 19:23:07 , 1598790187, 1598790178,9
2020-08-30 19:22:07 , 1598790127, 1598790074,53
2020-08-30 19:21:07 , 1598790067, 1598790068,-1
2020-08-30 19:20:07 , 1598790007, 1598789973,34
2020-08-30 19:19:07 , 1598789947, 1598789917,30
2020-08-30 19:18:07 , 1598789887, 1598789855,32
2020-08-30 19:17:07 , 1598789827, 1598789818,9
2020-08-30 19:16:07 , 1598789767, 1598789692,75
2020-08-30 19:15:07 , 1598789707, 1598789692,15
2020-08-30 19:14:07 , 1598789647, 1598789641,6
2020-08-30 19:13:07 , 1598789587, 1598789551,36
2020-08-30 19:12:07 , 1598789527, 1598789406,121
2020-08-30 19:11:07 , 1598789467, 1598789406,61
2020-08-30 19:10:07 , 1598789407, 1598789406,1
2020-08-30 19:09:07 , 1598789347, 1598789336,11
2020-08-30 19:08:07 , 1598789287, 1598788412,875
2020-08-30 19:07:07 , 1598789227, 1598788412,815
2020-08-30 19:06:07 , 1598789167, 1598788412,755
2020-08-30 19:05:07 , 1598789107, 1598788412,695
2020-08-30 19:04:07 , 1598789047, 1598788412,635
2020-08-30 19:03:07 , 1598788987, 1598788412,575
2020-08-30 19:02:07 , 1598788927, 1598788412,515
2020-08-30 19:01:07 , 1598788867, 1598788412,455
2020-08-30 19:00:07 , 1598788807, 1598788412,395
2020-08-30 18:59:07 , 1598788747, 1598788412,335
2020-08-30 18:58:07 , 1598788687, 1598788412,275
2020-08-30 18:57:07 , 1598788627, 1598788412,215
2020-08-30 18:56:07 , 1598788567, 1598788412,155
2020-08-30 18:55:07 , 1598788507, 1598788412,95
2020-08-30 18:54:07 , 1598788447, 1598788412,35
2020-08-30 18:53:07 , 1598788387, 1598788340,47
2020-08-30 18:52:07 , 1598788327, 1598788115,212
2020-08-30 18:51:07 , 1598788267, 1598788115,152
2020-08-30 18:50:07 , 1598788207, 1598788115,92
2020-08-30 18:49:07 , 1598788147, 1598788115,32
2020-08-30 18:48:07 , 1598788087, 1598788033,54
2020-08-30 18:47:07 , 1598788027, 1598787991,36
2020-08-30 18:46:07 , 1598787967, 1598787957,10
2020-08-30 18:45:07 , 1598787907, 1598787849,58
2020-08-30 18:44:07 , 1598787847, 1598787802,45
2020-08-30 18:43:07 , 1598787787, 1598787776,11
2020-08-30 18:42:07 , 1598787727, 1598787727,0
2020-08-30 18:41:07 , 1598787667, 1598787634,33
2020-08-30 18:40:07 , 1598787607, 1598787563,44
2020-08-30 18:39:07 , 1598787547, 1598787546,1
2020-08-30 18:38:07 , 1598787487, 1598787481,6
2020-08-30 18:37:07 , 1598787427, 1598787426,1
2020-08-30 18:36:07 , 1598787367, 1598787338,29
2020-08-30 18:35:07 , 1598787307, 1598787297,10
2020-08-30 18:34:07 , 1598787247, 1598787243,4
2020-08-30 18:33:08 , 1598787188, 1598787031,157
2020-08-30 18:32:07 , 1598787127, 1598787031,96
2020-08-30 18:31:07 , 1598787067, 1598787031,36
2020-08-30 18:30:07 , 1598787007, 1598786960,47
2020-08-30 18:29:07 , 1598786947, 1598786945,2
2020-08-30 18:28:07 , 1598786887, 1598786879,8
2020-08-30 18:27:07 , 1598786827, 1598786822,5
2020-08-30 18:26:07 , 1598786767, 1598786746,21
2020-08-30 18:25:07 , 1598786707, 1598786684,23
2020-08-30 18:24:07 , 1598786647, 1598786633,14
2020-08-30 18:23:07 , 1598786587, 1598786520,67
2020-08-30 18:22:07 , 1598786527, 1598786520,7
2020-08-30 18:21:07 , 1598786467, 1598786410,57
2020-08-30 18:20:07 , 1598786407, 1598786407,0
2020-08-30 18:19:07 , 1598786347, 1598786348,-1
2020-08-30 18:18:07 , 1598786287, 1598786284,3
2020-08-30 18:17:07 , 1598786227, 1598786223,4
2020-08-30 18:16:07 , 1598786167, 1598786119,48
2020-08-30 18:15:07 , 1598786107, 1598786088,19
2020-08-30 18:14:07 , 1598786047, 1598786049,-2
2020-08-30 18:13:07 , 1598785987, 1598785943,44
2020-08-30 18:12:07 , 1598785927, 1598785924,3
2020-08-30 18:11:07 , 1598785867, 1598785839,28
2020-08-30 18:10:07 , 1598785807, 1598785768,39
2020-08-30 18:09:07 , 1598785747, 1598785729,18
2020-08-30 18:08:07 , 1598785687, 1598785624,63
2020-08-30 18:07:07 , 1598785627, 1598785624,3
2020-08-30 18:06:07 , 1598785567, 1598785553,14
2020-08-30 18:05:07 , 1598785507, 1598785424,83
2020-08-30 18:04:07 , 1598785447, 1598785424,23
2020-08-30 18:03:07 , 1598785387, 1598785379,8
2020-08-30 18:02:07 , 1598785327, 1598785288,39
2020-08-30 18:01:07 , 1598785267, 1598785267,0
2020-08-30 18:00:07 , 1598785207, 1598785196,11
2020-08-30 17:59:07 , 1598785147, 1598785148,-1
2020-08-30 17:58:07 , 1598785087, 1598785075,12
2020-08-30 17:57:07 , 1598785027, 1598785028,-1
2020-08-30 17:56:07 , 1598784967, 1598784941,26
2020-08-30 17:55:07 , 1598784907, 1598784870,37
2020-08-30 17:54:07 , 1598784847, 1598784840,7
2020-08-30 17:53:07 , 1598784787, 1598784769,18
2020-08-30 17:52:07 , 1598784727, 1598784708,19
2020-08-30 17:51:07 , 1598784667, 1598784653,14
2020-08-30 17:50:07 , 1598784607, 1598784595,12
2020-08-30 17:49:07 , 1598784547, 1598784504,43
2020-08-30 17:48:07 , 1598784487, 1598784463,24
2020-08-30 17:47:07 , 1598784427, 1598784412,15
2020-08-30 17:46:07 , 1598784367, 1598784368,-1
2020-08-30 17:45:07 , 1598784307, 1598784304,3
2020-08-30 17:44:07 , 1598784247, 1598784240,7
2020-08-30 17:43:07 , 1598784187, 1598784126,61
2020-08-30 17:42:07 , 1598784127, 1598784126,1
2020-08-30 17:41:07 , 1598784067, 1598784065,2
2020-08-30 17:40:07 , 1598784007, 1598784004,3
2020-08-30 17:39:07 , 1598783947, 1598783948,-1
2020-08-30 17:38:07 , 1598783887, 1598783859,28
2020-08-30 17:37:07 , 1598783827, 1598783797,30
2020-08-30 17:36:07 , 1598783767, 1598783768,-1
2020-08-30 17:35:07 , 1598783707, 1598783705,2
2020-08-30 17:34:07 , 1598783647, 1598783634,13
2020-08-30 17:33:07 , 1598783587, 1598783583,4
2020-08-30 17:32:07 , 1598783527, 1598783490,37
2020-08-30 17:31:07 , 1598783467, 1598783461,6
2020-08-30 17:30:07 , 1598783407, 1598783358,49
2020-08-30 17:29:07 , 1598783347, 1598783328,19
2020-08-30 17:28:07 , 1598783287, 1598783214,73
2020-08-30 17:27:07 , 1598783227, 1598783214,13
2020-08-30 17:26:07 , 1598783167, 1598783152,15
2020-08-30 17:25:07 , 1598783107, 1598783091,16
2020-08-30 17:24:07 , 1598783047, 1598783040,7
2020-08-30 17:23:07 , 1598782987, 1598782982,5
2020-08-30 17:22:07 , 1598782927, 1598782925,2
2020-08-30 17:21:07 , 1598782867, 1598782867,0
2020-08-30 17:20:07 , 1598782807, 1598782773,34
2020-08-30 17:19:07 , 1598782747, 1598782717,30
2020-08-30 17:18:07 , 1598782687, 1598782661,26
2020-08-30 17:17:07 , 1598782627, 1598782600,27
2020-08-30 17:16:07 , 1598782567, 1598782528,39
2020-08-30 17:15:07 , 1598782507, 1598782508,-1
2020-08-30 17:14:07 , 1598782447, 1598782426,21
2020-08-30 17:13:07 , 1598782387, 1598782384,3
2020-08-30 17:12:07 , 1598782327, 1598782322,5
2020-08-30 17:11:07 , 1598782267, 1598782250,17
2020-08-30 17:10:07 , 1598782207, 1598782168,39
2020-08-30 17:09:07 , 1598782147, 1598782084,63
2020-08-30 17:08:07 , 1598782087, 1598782084,3
2020-08-30 17:07:07 , 1598782027, 1598781993,34
2020-08-30 17:06:07 , 1598781967, 1598781939,28
2020-08-30 17:05:07 , 1598781907, 1598781819,88
2020-08-30 17:04:07 , 1598781847, 1598781819,28
2020-08-30 17:03:07 , 1598781787, 1598781772,15
2020-08-30 17:02:07 , 1598781727, 1598781726,1
2020-08-30 17:01:07 , 1598781667, 1598781635,32
2020-08-30 17:00:07 , 1598781607, 1598781584,23
2020-08-30 16:59:07 , 1598781547, 1598781538,9
2020-08-30 16:58:07 , 1598781487, 1598781457,30
2020-08-30 16:57:07 , 1598781427, 1598781426,1
2020-08-30 16:56:07 , 1598781367, 1598781357,10
2020-08-30 16:55:07 , 1598781307, 1598781306,1
2020-08-30 16:54:07 , 1598781247, 1598781221,26
2020-08-30 16:53:07 , 1598781187, 1598781180,7
2020-08-30 16:52:07 , 1598781127, 1598781016,111
2020-08-30 16:51:07 , 1598781067, 1598781016,51
2020-08-30 16:50:07 , 1598781007, 1598780954,53
2020-08-30 16:49:07 , 1598780947, 1598780947,0
2020-08-30 16:48:07 , 1598780887, 1598780861,26
2020-08-30 16:47:07 , 1598780827, 1598780808,19
2020-08-30 16:46:07 , 1598780767, 1598780767,0
2020-08-30 16:45:07 , 1598780707, 1598780696,11
2020-08-30 16:44:07 , 1598780647, 1598780645,2
2020-08-30 16:43:07 , 1598780587, 1598780552,35
2020-08-30 16:42:07 , 1598780527, 1598780489,38
2020-08-30 16:41:07 , 1598780467, 1598780458,9
2020-08-30 16:40:07 , 1598780407, 1598780406,1
2020-08-30 16:39:07 , 1598780347, 1598780302,45
2020-08-30 16:38:07 , 1598780287, 1598780271,16
2020-08-30 16:37:07 , 1598780227, 1598780220,7
2020-08-30 16:36:07 , 1598780167, 1598780165,2
2020-08-30 16:35:07 , 1598780107, 1598780065,42
2020-08-30 16:34:07 , 1598780047, 1598780005,42
2020-08-30 16:33:07 , 1598779987, 1598779985,2
2020-08-30 16:32:07 , 1598779927, 1598779900,27
2020-08-30 16:31:07 , 1598779867, 1598779859,8
2020-08-30 16:30:07 , 1598779807, 1598779807,0
2020-08-30 16:29:07 , 1598779747, 1598779736,11
2020-08-30 16:28:07 , 1598779687, 1598779686,1
2020-08-30 16:27:07 , 1598779627, 1598779628,-1
2020-08-30 16:26:07 , 1598779567, 1598779543,24
2020-08-30 16:25:07 , 1598779507, 1598779492,15
2020-08-30 16:24:07 , 1598779447, 1598779389,58
2020-08-30 16:23:07 , 1598779387, 1598779327,60
2020-08-30 16:22:07 , 1598779327, 1598779327,0
2020-08-30 16:21:07 , 1598779267, 1598779267,0
2020-08-30 16:20:07 , 1598779207, 1598779194,13
2020-08-30 16:19:07 , 1598779147, 1598779121,26
2020-08-30 16:18:07 , 1598779087, 1598779079,8
2020-08-30 16:17:07 , 1598779027, 1598779025,2
2020-08-30 16:16:07 , 1598778967, 1598778936,31
2020-08-30 16:15:07 , 1598778907, 1598778884,23
2020-08-30 16:14:07 , 1598778847, 1598778821,26
2020-08-30 16:13:07 , 1598778787, 1598778782,5
2020-08-30 16:12:07 , 1598778727, 1598778690,37
2020-08-30 16:11:07 , 1598778667, 1598778629,38
2020-08-30 16:10:07 , 1598778607, 1598778608,-1
2020-08-30 16:09:07 , 1598778547, 1598778466,81
2020-08-30 16:08:07 , 1598778487, 1598778466,21
2020-08-30 16:07:07 , 1598778427, 1598778405,22
2020-08-30 16:06:07 , 1598778367, 1598778320,47
2020-08-30 16:05:07 , 1598778307, 1598778291,16
2020-08-30 16:04:07 , 1598778247, 1598778239,8
2020-08-30 16:03:07 , 1598778187, 1598778160,27
2020-08-30 16:02:07 , 1598778127, 1598778120,7
2020-08-30 16:01:07 , 1598778067, 1598778048,19
2020-08-30 16:00:07 , 1598778007, 1598777987,20
2020-08-30 15:59:07 , 1598777947, 1598777927,20
2020-08-30 15:58:07 , 1598777887, 1598777866,21
2020-08-30 15:57:08 , 1598777828, 1598777815,13
2020-08-30 15:56:07 , 1598777767, 1598777717,50
2020-08-30 15:55:07 , 1598777707, 1598777672,35
2020-08-30 15:54:07 , 1598777647, 1598777642,5
2020-08-30 15:53:07 , 1598777587, 1598777570,17
2020-08-30 15:52:07 , 1598777527, 1598777488,39
2020-08-30 15:51:07 , 1598777467, 1598777468,-1
2020-08-30 15:50:07 , 1598777407, 1598777407,0
2020-08-30 15:49:07 , 1598777347, 1598777316,31
2020-08-30 15:48:07 , 1598777287, 1598777238,49
2020-08-30 15:47:07 , 1598777227, 1598777204,23
2020-08-30 15:46:07 , 1598777167, 1598777153,14
2020-08-30 15:45:07 , 1598777107, 1598777041,66
2020-08-30 15:44:07 , 1598777047, 1598777041,6
2020-08-30 15:43:07 , 1598776987, 1598776940,47
2020-08-30 15:42:07 , 1598776927, 1598776919,8
2020-08-30 15:41:07 , 1598776867, 1598776858,9
2020-08-30 15:40:07 , 1598776807, 1598776808,-1
2020-08-30 15:39:07 , 1598776747, 1598776747,0
2020-08-30 15:38:07 , 1598776687, 1598776655,32
2020-08-30 15:37:07 , 1598776627, 1598776563,64
2020-08-30 15:36:07 , 1598776567, 1598776563,4
2020-08-30 15:35:07 , 1598776507, 1598776483,24
2020-08-30 15:34:07 , 1598776447, 1598776400,47
2020-08-30 15:33:07 , 1598776387, 1598776299,88
2020-08-30 15:32:07 , 1598776327, 1598776299,28
2020-08-30 15:31:07 , 1598776267, 1598776248,19
2020-08-30 15:30:07 , 1598776207, 1598776167,40
2020-08-30 15:29:07 , 1598776147, 1598776126,21
2020-08-30 15:28:07 , 1598776087, 1598776082,5
2020-08-30 15:27:07 , 1598776027, 1598776003,24
2020-08-30 15:26:07 , 1598775967, 1598775964,3
2020-08-30 15:25:07 , 1598775907, 1598775905,2
2020-08-30 15:24:07 , 1598775847, 1598775841,6
2020-08-30 15:23:07 , 1598775787, 1598775767,20
2020-08-30 15:22:07 , 1598775727, 1598775711,16
2020-08-30 15:21:07 , 1598775667, 1598775620,47
2020-08-30 15:20:07 , 1598775607, 1598775598,9
2020-08-30 15:19:07 , 1598775547, 1598775476,71
2020-08-30 15:18:07 , 1598775487, 1598775476,11
2020-08-30 15:17:07 , 1598775427, 1598775414,13
2020-08-30 15:16:07 , 1598775367, 1598775314,53
2020-08-30 15:15:07 , 1598775307, 1598775282,25
2020-08-30 15:14:07 , 1598775247, 1598775244,3
2020-08-30 15:13:07 , 1598775187, 1598775188,-1
2020-08-30 15:12:07 , 1598775127, 1598775089,38
2020-08-30 15:11:07 , 1598775067, 1598775059,8
2020-08-30 15:10:07 , 1598775007, 1598774980,27
2020-08-30 15:09:07 , 1598774947, 1598774855,92
2020-08-30 15:08:07 , 1598774887, 1598774855,32
2020-08-30 15:07:07 , 1598774827, 1598774795,32
2020-08-30 15:06:07 , 1598774767, 1598774757,10
2020-08-30 15:05:07 , 1598774707, 1598774643,64
2020-08-30 15:04:07 , 1598774647, 1598774643,4
2020-08-30 15:03:07 , 1598774587, 1598774571,16
2020-08-30 15:02:07 , 1598774527, 1598774469,58
2020-08-30 15:01:07 , 1598774467, 1598774408,59
2020-08-30 15:00:07 , 1598774407, 1598774367,40
2020-08-30 14:59:07 , 1598774347, 1598774296,51
2020-08-30 14:58:07 , 1598774287, 1598774245,42
2020-08-30 14:57:07 , 1598774227, 1598774215,12
2020-08-30 14:56:07 , 1598774167, 1598774164,3
2020-08-30 14:55:07 , 1598774107, 1598774108,-1
2020-08-30 14:54:07 , 1598774047, 1598773991,56
2020-08-30 14:53:07 , 1598773987, 1598773930,57
2020-08-30 14:52:07 , 1598773927, 1598773839,88
2020-08-30 14:51:07 , 1598773867, 1598773839,28
2020-08-30 14:50:07 , 1598773807, 1598773757,50
2020-08-30 14:49:07 , 1598773747, 1598773739,8
2020-08-30 14:48:07 , 1598773687, 1598773645,42
2020-08-30 14:47:07 , 1598773627, 1598773553,74
2020-08-30 14:46:07 , 1598773567, 1598773553,14
2020-08-30 14:45:07 , 1598773507, 1598773508,-1
2020-08-30 14:44:07 , 1598773447, 1598773401,46
2020-08-30 14:43:07 , 1598773387, 1598773381,6
2020-08-30 14:42:07 , 1598773327, 1598773310,17
2020-08-30 14:41:07 , 1598773267, 1598773264,3
2020-08-30 14:40:07 , 1598773207, 1598773187,20
2020-08-30 14:39:07 , 1598773147, 1598773146,1
2020-08-30 14:38:07 , 1598773087, 1598773081,6
2020-08-30 14:37:07 , 1598773027, 1598773000,27
2020-08-30 14:36:07 , 1598772967, 1598772913,54
2020-08-30 14:35:07 , 1598772907, 1598772903,4
2020-08-30 14:34:07 , 1598772847, 1598772791,56
2020-08-30 14:33:07 , 1598772787, 1598772689,98
2020-08-30 14:32:07 , 1598772727, 1598772689,38
2020-08-30 14:31:07 , 1598772667, 1598772655,12
2020-08-30 14:30:07 , 1598772607, 1598772587,20
2020-08-30 14:29:07 , 1598772547, 1598772537,10
2020-08-30 14:28:07 , 1598772487, 1598772465,22
2020-08-30 14:27:07 , 1598772427, 1598772374,53
2020-08-30 14:26:07 , 1598772367, 1598772282,85
2020-08-30 14:25:07 , 1598772307, 1598772282,25
2020-08-30 14:24:07 , 1598772247, 1598772247,0
2020-08-30 14:23:07 , 1598772187, 1598772130,57
2020-08-30 14:22:07 , 1598772127, 1598772079,48
2020-08-30 14:21:07 , 1598772067, 1598772046,21
2020-08-30 14:20:07 , 1598772007, 1598771977,30
2020-08-30 14:19:07 , 1598771947, 1598771916,31
2020-08-30 14:18:07 , 1598771887, 1598771886,1
2020-08-30 14:17:07 , 1598771827, 1598771819,8
2020-08-30 14:16:07 , 1598771767, 1598771733,34
2020-08-30 14:15:07 , 1598771707, 1598771631,76
2020-08-30 14:14:07 , 1598771647, 1598771631,16
2020-08-30 14:13:07 , 1598771587, 1598771581,6
2020-08-30 14:12:07 , 1598771527, 1598771517,10
2020-08-30 14:11:07 , 1598771467, 1598771458,9
2020-08-30 14:10:07 , 1598771407, 1598771367,40
2020-08-30 14:09:07 , 1598771347, 1598771316,31
2020-08-30 14:08:07 , 1598771287, 1598771276,11
2020-08-30 14:07:07 , 1598771227, 1598771224,3
2020-08-30 14:06:07 , 1598771167, 1598771164,3
2020-08-30 14:05:07 , 1598771107, 1598771082,25
2020-08-30 14:04:07 , 1598771047, 1598771041,6
2020-08-30 14:03:07 , 1598770987, 1598770980,7
2020-08-30 14:02:07 , 1598770927, 1598770928,-1
2020-08-30 14:01:07 , 1598770867, 1598770852,15
2020-08-30 14:00:07 , 1598770807, 1598770797,10
2020-08-30 13:59:07 , 1598770747, 1598770705,42
2020-08-30 13:58:07 , 1598770687, 1598770665,22
2020-08-30 13:57:07 , 1598770627, 1598770584,43
2020-08-30 13:56:07 , 1598770567, 1598770543,24
2020-08-30 13:55:07 , 1598770507, 1598770481,26
2020-08-30 13:54:07 , 1598770447, 1598770446,1
2020-08-30 13:53:07 , 1598770387, 1598770339,48
2020-08-30 13:52:07 , 1598770327, 1598770317,10
2020-08-30 13:51:07 , 1598770267, 1598770207,60
2020-08-30 13:50:07 , 1598770207, 1598770207,0
2020-08-30 13:49:07 , 1598770147, 1598770125,22
2020-08-30 13:48:07 , 1598770087, 1598770077,10
2020-08-30 13:47:07 , 1598770027, 1598770008,19
2020-08-30 13:46:07 , 1598769967, 1598769952,15
2020-08-30 13:45:07 , 1598769907, 1598769899,8
2020-08-30 13:44:07 , 1598769847, 1598769838,9
2020-08-30 13:43:07 , 1598769787, 1598769718,69
2020-08-30 13:42:07 , 1598769727, 1598769718,9
2020-08-30 13:41:07 , 1598769667, 1598769626,41
2020-08-30 13:40:07 , 1598769607, 1598769587,20
2020-08-30 13:39:07 , 1598769547, 1598769535,12
2020-08-30 13:38:07 , 1598769487, 1598769473,14
2020-08-30 13:37:07 , 1598769427, 1598769402,25
2020-08-30 13:36:07 , 1598769367, 1598769351,16
2020-08-30 13:35:07 , 1598769307, 1598769300,7
2020-08-30 13:34:07 , 1598769247, 1598769239,8
2020-08-30 13:33:07 , 1598769187, 1598769178,9
2020-08-30 13:32:07 , 1598769127, 1598769108,19
2020-08-30 13:31:07 , 1598769067, 1598769045,22
2020-08-30 13:30:07 , 1598769007, 1598768999,8
2020-08-30 13:29:07 , 1598768947, 1598768945,2
2020-08-30 13:28:07 , 1598768887, 1598768887,0
2020-08-30 13:27:07 , 1598768827, 1598768828,-1
2020-08-30 13:26:07 , 1598768767, 1598768766,1
2020-08-30 13:25:07 , 1598768707, 1598768661,46
2020-08-30 13:24:07 , 1598768647, 1598768647,0
2020-08-30 13:23:07 , 1598768587, 1598768579,8
2020-08-30 13:22:07 , 1598768527, 1598768528,-1
2020-08-30 13:21:07 , 1598768467, 1598768446,21
2020-08-30 13:20:07 , 1598768407, 1598768375,32
2020-08-30 13:19:07 , 1598768347, 1598768263,84
2020-08-30 13:18:07 , 1598768287, 1598768263,24
2020-08-30 13:17:07 , 1598768227, 1598768199,28
2020-08-30 13:16:07 , 1598768167, 1598768141,26
2020-08-30 13:15:07 , 1598768107, 1598768080,27
2020-08-30 13:14:07 , 1598768047, 1598768029,18
2020-08-30 13:13:07 , 1598767987, 1598767948,39
2020-08-30 13:12:07 , 1598767927, 1598767917,10
2020-08-30 13:11:07 , 1598767867, 1598767863,4
2020-08-30 13:10:07 , 1598767807, 1598767712,95
2020-08-30 13:09:07 , 1598767747, 1598767712,35
2020-08-30 13:08:07 , 1598767687, 1598767676,11
2020-08-30 13:07:07 , 1598767627, 1598767603,24
2020-08-30 13:06:07 , 1598767567, 1598767562,5
2020-08-30 13:05:07 , 1598767507, 1598767507,0
2020-08-30 13:04:07 , 1598767447, 1598767424,23
2020-08-30 13:03:07 , 1598767387, 1598767379,8
2020-08-30 13:02:07 , 1598767327, 1598767266,61
2020-08-30 13:01:07 , 1598767267, 1598767266,1
2020-08-30 13:00:07 , 1598767207, 1598767154,53
2020-08-30 12:59:07 , 1598767147, 1598767114,33
2020-08-30 12:58:07 , 1598767087, 1598767053,34
2020-08-30 12:57:07 , 1598767027, 1598766974,53
2020-08-30 12:56:07 , 1598766967, 1598766951,16
2020-08-30 12:55:07 , 1598766907, 1598766890,17
2020-08-30 12:54:07 , 1598766847, 1598766839,8
2020-08-30 12:53:07 , 1598766787, 1598766779,8
2020-08-30 12:52:07 , 1598766727, 1598766707,20
2020-08-30 12:51:07 , 1598766667, 1598766668,-1
2020-08-30 12:50:07 , 1598766607, 1598766605,2
2020-08-30 12:49:07 , 1598766547, 1598766547,0
2020-08-30 12:48:07 , 1598766487, 1598766453,34
2020-08-30 12:47:07 , 1598766427, 1598766422,5
2020-08-30 12:46:07 , 1598766367, 1598766351,16
2020-08-30 12:45:07 , 1598766307, 1598766300,7
2020-08-30 12:44:07 , 1598766247, 1598766246,1
2020-08-30 12:43:07 , 1598766187, 1598766168,19
2020-08-30 12:42:07 , 1598766127, 1598766127,0
2020-08-30 12:41:07 , 1598766067, 1598766066,1
2020-08-30 12:40:07 , 1598766007, 1598765984,23
2020-08-30 12:39:07 , 1598765947, 1598765923,24
2020-08-30 12:38:07 , 1598765887, 1598765842,45
2020-08-30 12:37:07 , 1598765827, 1598765791,36
2020-08-30 12:36:07 , 1598765767, 1598765730,37
2020-08-30 12:35:07 , 1598765707, 1598765689,18
2020-08-30 12:34:07 , 1598765647, 1598765597,50
2020-08-30 12:33:07 , 1598765587, 1598765516,71
2020-08-30 12:32:07 , 1598765527, 1598765516,11
2020-08-30 12:31:07 , 1598765467, 1598765435,32
2020-08-30 12:30:07 , 1598765407, 1598765374,33
2020-08-30 12:29:07 , 1598765347, 1598765322,25
2020-08-30 12:28:07 , 1598765287, 1598765264,23
2020-08-30 12:27:07 , 1598765227, 1598765221,6
2020-08-30 12:26:07 , 1598765167, 1598765150,17
2020-08-30 12:25:07 , 1598765107, 1598765108,-1
2020-08-30 12:24:07 , 1598765047, 1598765028,19
2020-08-30 12:23:07 , 1598764987, 1598764977,10
2020-08-30 12:22:07 , 1598764927, 1598764916,11
2020-08-30 12:21:07 , 1598764867, 1598764855,12
2020-08-30 12:20:07 , 1598764807, 1598764763,44
2020-08-30 12:19:07 , 1598764747, 1598764722,25
2020-08-30 12:18:07 , 1598764687, 1598764646,41
2020-08-30 12:17:07 , 1598764627, 1598764612,15
2020-08-30 12:16:07 , 1598764567, 1598764529,38
2020-08-30 12:15:07 , 1598764507, 1598764447,60
2020-08-30 12:14:07 , 1598764447, 1598764447,0
2020-08-30 12:13:07 , 1598764387, 1598764375,12
2020-08-30 12:12:07 , 1598764327, 1598764285,42
2020-08-30 12:11:07 , 1598764267, 1598764234,33
2020-08-30 12:10:07 , 1598764207, 1598764162,45
2020-08-30 12:09:07 , 1598764147, 1598764130,17
2020-08-30 12:08:07 , 1598764087, 1598764086,1
2020-08-30 12:07:07 , 1598764027, 1598764021,6
2020-08-30 12:06:07 , 1598763967, 1598763938,29
2020-08-30 12:05:07 , 1598763907, 1598763908,-1
2020-08-30 12:04:07 , 1598763847, 1598763839,8
2020-08-30 12:03:07 , 1598763787, 1598763786,1
2020-08-30 12:02:07 , 1598763727, 1598763693,34
2020-08-30 12:01:07 , 1598763667, 1598763623,44
2020-08-30 12:00:07 , 1598763607, 1598763579,28
2020-08-30 11:59:07 , 1598763547, 1598763520,27
2020-08-30 11:58:07 , 1598763487, 1598763439,48
2020-08-30 11:57:07 , 1598763427, 1598763399,28
2020-08-30 11:56:07 , 1598763367, 1598763337,30
2020-08-30 11:55:07 , 1598763307, 1598763287,20
2020-08-30 11:54:07 , 1598763247, 1598763236,11
2020-08-30 11:53:07 , 1598763187, 1598763176,11
2020-08-30 11:52:07 , 1598763127, 1598763124,3
2020-08-30 11:51:07 , 1598763067, 1598763064,3
2020-08-30 11:50:07 , 1598763007, 1598763002,5
2020-08-30 11:49:07 , 1598762947, 1598762920,27
2020-08-30 11:48:07 , 1598762887, 1598762876,11
2020-08-30 11:47:07 , 1598762827, 1598762788,39
2020-08-30 11:46:07 , 1598762767, 1598762758,9
2020-08-30 11:45:07 , 1598762707, 1598762707,0
2020-08-30 11:44:07 , 1598762647, 1598762604,43
2020-08-30 11:43:07 , 1598762587, 1598762564,23
2020-08-30 11:42:07 , 1598762527, 1598762522,5
2020-08-30 11:41:07 , 1598762467, 1598762421,46
2020-08-30 11:40:07 , 1598762407, 1598762360,47
2020-08-30 11:39:07 , 1598762347, 1598762318,29
2020-08-30 11:38:07 , 1598762287, 1598762227,60
2020-08-30 11:37:07 , 1598762227, 1598762227,0
2020-08-30 11:36:07 , 1598762167, 1598762140,27
2020-08-30 11:35:07 , 1598762107, 1598762074,33
2020-08-30 11:34:07 , 1598762047, 1598762023,24
2020-08-30 11:33:07 , 1598761987, 1598761985,2
2020-08-30 11:32:07 , 1598761927, 1598761911,16
2020-08-30 11:31:07 , 1598761867, 1598761865,2
2020-08-30 11:30:07 , 1598761807, 1598761792,15
2020-08-30 11:29:07 , 1598761747, 1598761728,19
2020-08-30 11:28:07 , 1598761687, 1598761667,20
2020-08-30 11:27:07 , 1598761627, 1598761586,41
2020-08-30 11:26:07 , 1598761567, 1598761534,33
2020-08-30 11:25:07 , 1598761507, 1598761500,7
2020-08-30 11:24:07 , 1598761447, 1598761443,4
2020-08-30 11:23:07 , 1598761387, 1598761347,40
2020-08-30 11:22:07 , 1598761327, 1598761326,1
2020-08-30 11:21:07 , 1598761267, 1598761259,8
2020-08-30 11:20:07 , 1598761207, 1598761186,21
2020-08-30 11:19:07 , 1598761147, 1598761140,7
2020-08-30 11:18:07 , 1598761087, 1598761086,1
2020-08-30 11:17:07 , 1598761027, 1598760977,50
2020-08-30 11:16:07 , 1598760967, 1598760966,1
2020-08-30 11:15:07 , 1598760907, 1598760903,4
2020-08-30 11:14:07 , 1598760847, 1598760842,5
2020-08-30 11:13:07 , 1598760787, 1598760760,27
2020-08-30 11:12:07 , 1598760727, 1598760719,8
2020-08-30 11:11:07 , 1598760667, 1598760628,39
2020-08-30 11:10:07 , 1598760607, 1598760607,0
2020-08-30 11:09:07 , 1598760547, 1598760537,10
2020-08-30 11:08:07 , 1598760487, 1598760475,12
2020-08-30 11:07:07 , 1598760427, 1598760428,-1
2020-08-30 11:06:07 , 1598760367, 1598760329,38
2020-08-30 11:05:07 , 1598760307, 1598760304,3
2020-08-30 11:04:07 , 1598760247, 1598760201,46
2020-08-30 11:03:07 , 1598760187, 1598760179,8
2020-08-30 11:02:07 , 1598760127, 1598760128,-1
2020-08-30 11:01:07 , 1598760067, 1598760051,16
2020-08-30 11:00:07 , 1598760007, 1598759977,30
2020-08-30 10:59:07 , 1598759947, 1598759935,12
2020-08-30 10:58:07 , 1598759887, 1598759834,53
2020-08-30 10:57:07 , 1598759827, 1598759779,48
2020-08-30 10:56:07 , 1598759767, 1598759752,15
2020-08-30 10:55:07 , 1598759707, 1598759674,33
2020-08-30 10:54:07 , 1598759647, 1598759614,33
2020-08-30 10:53:07 , 1598759587, 1598759559,28
2020-08-30 10:52:07 , 1598759527, 1598759443,84
2020-08-30 10:51:07 , 1598759467, 1598759443,24
2020-08-30 10:50:07 , 1598759407, 1598759407,0
2020-08-30 10:49:07 , 1598759347, 1598759348,-1
2020-08-30 10:48:07 , 1598759287, 1598759284,3
2020-08-30 10:47:07 , 1598759227, 1598759179,48
2020-08-30 10:46:08 , 1598759168, 1598759163,5
2020-08-30 10:45:07 , 1598759107, 1598759090,17
2020-08-30 10:44:07 , 1598759047, 1598759048,-1
2020-08-30 10:43:07 , 1598758987, 1598758906,81
2020-08-30 10:42:07 , 1598758927, 1598758906,21
2020-08-30 10:41:07 , 1598758867, 1598758854,13
2020-08-30 10:40:07 , 1598758807, 1598758743,64
2020-08-30 10:39:07 , 1598758747, 1598758743,4
2020-08-30 10:38:07 , 1598758687, 1598758672,15
2020-08-30 10:37:07 , 1598758627, 1598758611,16
2020-08-30 10:36:07 , 1598758567, 1598758549,18
2020-08-30 10:35:07 , 1598758507, 1598758484,23
2020-08-30 10:34:07 , 1598758447, 1598758428,19
2020-08-30 10:33:07 , 1598758387, 1598758309,78
2020-08-30 10:32:07 , 1598758327, 1598758309,18
2020-08-30 10:31:07 , 1598758267, 1598758244,23
2020-08-30 10:30:07 , 1598758207, 1598758208,-1
2020-08-30 10:29:07 , 1598758147, 1598758101,46
2020-08-30 10:28:07 , 1598758087, 1598758030,57
2020-08-30 10:27:07 , 1598758027, 1598758006,21
2020-08-30 10:26:07 , 1598757967, 1598757935,32
2020-08-30 10:25:07 , 1598757907, 1598757852,55
2020-08-30 10:24:07 , 1598757847, 1598757843,4
2020-08-30 10:23:07 , 1598757787, 1598757776,11
2020-08-30 10:22:07 , 1598757727, 1598757714,13
2020-08-30 10:21:07 , 1598757667, 1598757653,14
2020-08-30 10:20:07 , 1598757607, 1598757571,36
2020-08-30 10:19:07 , 1598757547, 1598757489,58
2020-08-30 10:18:07 , 1598757487, 1598757472,15
2020-08-30 10:17:07 , 1598757427, 1598757378,49
2020-08-30 10:16:07 , 1598757367, 1598757327,40
2020-08-30 10:15:07 , 1598757307, 1598757266,41
2020-08-30 10:14:07 , 1598757247, 1598757133,114
2020-08-30 10:13:07 , 1598757187, 1598757133,54
2020-08-30 10:12:07 , 1598757127, 1598756980,147
2020-08-30 10:11:07 , 1598757067, 1598756980,87
2020-08-30 10:10:07 , 1598757007, 1598756980,27
2020-08-30 10:09:07 , 1598756947, 1598756909,38
2020-08-30 10:08:07 , 1598756887, 1598756859,28
2020-08-30 10:07:07 , 1598756827, 1598756798,29
2020-08-30 10:06:07 , 1598756767, 1598756737,30
2020-08-30 10:05:07 , 1598756707, 1598756659,48
2020-08-30 10:04:07 , 1598756647, 1598756648,-1
2020-08-30 10:03:07 , 1598756587, 1598756543,44
2020-08-30 10:02:07 , 1598756527, 1598756503,24
2020-08-30 10:01:07 , 1598756467, 1598756410,57
2020-08-30 10:00:07 , 1598756407, 1598756382,25
2020-08-30 09:59:07 , 1598756347, 1598756339,8
2020-08-30 09:58:07 , 1598756287, 1598756268,19
2020-08-30 09:57:07 , 1598756227, 1598756186,41
2020-08-30 09:56:07 , 1598756167, 1598756151,16
2020-08-30 09:55:07 , 1598756107, 1598756080,27
2020-08-30 09:54:07 , 1598756047, 1598756023,24
2020-08-30 09:53:07 , 1598755987, 1598755971,16
2020-08-30 09:52:07 , 1598755927, 1598755889,38
2020-08-30 09:51:07 , 1598755867, 1598755858,9
2020-08-30 09:50:07 , 1598755807, 1598755780,27
2020-08-30 09:49:07 , 1598755747, 1598755741,6
2020-08-30 09:48:07 , 1598755687, 1598755605,82
2020-08-30 09:47:07 , 1598755627, 1598755605,22
2020-08-30 09:46:07 , 1598755567, 1598755544,23
2020-08-30 09:45:07 , 1598755507, 1598755442,65
2020-08-30 09:44:07 , 1598755447, 1598755442,5
2020-08-30 09:43:07 , 1598755387, 1598755360,27
2020-08-30 09:42:07 , 1598755327, 1598755299,28
2020-08-30 09:41:07 , 1598755267, 1598755258,9
2020-08-30 09:40:07 , 1598755207, 1598755137,70
2020-08-30 09:39:07 , 1598755147, 1598755137,10
2020-08-30 09:38:07 , 1598755087, 1598755074,13
2020-08-30 09:37:07 , 1598755027, 1598755014,13
2020-08-30 09:36:07 , 1598754967, 1598754953,14
2020-08-30 09:35:07 , 1598754907, 1598754895,12
2020-08-30 09:34:07 , 1598754847, 1598754840,7
2020-08-30 09:33:07 , 1598754787, 1598754739,48
2020-08-30 09:32:07 , 1598754727, 1598754712,15
2020-08-30 09:31:07 , 1598754667, 1598754663,4
2020-08-30 09:30:07 , 1598754607, 1598754597,10
2020-08-30 09:29:07 , 1598754547, 1598754454,93
2020-08-30 09:28:07 , 1598754487, 1598754454,33
2020-08-30 09:27:07 , 1598754427, 1598754423,4
2020-08-30 09:26:07 , 1598754367, 1598754363,4
2020-08-30 09:25:07 , 1598754307, 1598754280,27
2020-08-30 09:24:07 , 1598754247, 1598754209,38
2020-08-30 09:23:07 , 1598754187, 1598754127,60
2020-08-30 09:22:07 , 1598754127, 1598754127,0
2020-08-30 09:21:07 , 1598754067, 1598754044,23
2020-08-30 09:20:07 , 1598754007, 1598754008,-1
2020-08-30 09:19:07 , 1598753947, 1598753930,17
2020-08-30 09:18:07 , 1598753887, 1598753869,18
2020-08-30 09:17:07 , 1598753827, 1598753808,19
2020-08-30 09:16:07 , 1598753767, 1598753767,0
2020-08-30 09:15:07 , 1598753707, 1598753640,67
2020-08-30 09:14:07 , 1598753647, 1598753640,7
2020-08-30 09:13:07 , 1598753587, 1598753548,39
2020-08-30 09:12:07 , 1598753527, 1598753517,10
2020-08-30 09:11:07 , 1598753467, 1598753456,11
2020-08-30 09:10:07 , 1598753407, 1598753403,4
2020-08-30 09:09:07 , 1598753347, 1598753331,16
2020-08-30 09:08:07 , 1598753287, 1598753236,51
2020-08-30 09:07:07 , 1598753227, 1598753217,10
2020-08-30 09:06:07 , 1598753167, 1598753155,12
2020-08-30 09:05:07 , 1598753107, 1598753108,-1
2020-08-30 09:04:07 , 1598753047, 1598753036,11
2020-08-30 09:03:07 , 1598752987, 1598752972,15
2020-08-30 09:02:07 , 1598752927, 1598752913,14
2020-08-30 09:01:07 , 1598752867, 1598752855,12
2020-08-30 09:00:07 , 1598752807, 1598752784,23
2020-08-30 08:59:07 , 1598752747, 1598752672,75
2020-08-30 08:58:07 , 1598752687, 1598752672,15
2020-08-30 08:57:07 , 1598752627, 1598752590,37
2020-08-30 08:56:07 , 1598752567, 1598752540,27
2020-08-30 08:55:07 , 1598752507, 1598752503,4
2020-08-30 08:54:07 , 1598752447, 1598752417,30
2020-08-30 08:53:07 , 1598752387, 1598752387,0
2020-08-30 08:52:07 , 1598752327, 1598752285,42
2020-08-30 08:51:07 , 1598752267, 1598752214,53
2020-08-30 08:50:07 , 1598752207, 1598752132,75
2020-08-30 08:49:07 , 1598752147, 1598752132,15
2020-08-30 08:48:07 , 1598752087, 1598752061,26
2020-08-30 08:47:07 , 1598752027, 1598751973,54
2020-08-30 08:46:07 , 1598751967, 1598751960,7
2020-08-30 08:45:07 , 1598751907, 1598751896,11
2020-08-30 08:44:07 , 1598751847, 1598751817,30
2020-08-30 08:43:07 , 1598751787, 1598751787,0
2020-08-30 08:42:07 , 1598751727, 1598751705,22
2020-08-30 08:41:07 , 1598751667, 1598751665,2
2020-08-30 08:40:07 , 1598751607, 1598751604,3
2020-08-30 08:39:07 , 1598751547, 1598751491,56
2020-08-30 08:38:07 , 1598751487, 1598751461,26
2020-08-30 08:37:07 , 1598751427, 1598751380,47
2020-08-30 08:36:07 , 1598751367, 1598751359,8
2020-08-30 08:35:07 , 1598751307, 1598751277,30
2020-08-30 08:34:07 , 1598751247, 1598751237,10
2020-08-30 08:33:07 , 1598751187, 1598751156,31
2020-08-30 08:32:07 , 1598751127, 1598751125,2
2020-08-30 08:31:07 , 1598751067, 1598751054,13
2020-08-30 08:30:07 , 1598751007, 1598751003,4
2020-08-30 08:29:07 , 1598750947, 1598750911,36
2020-08-30 08:28:07 , 1598750887, 1598750887,0
2020-08-30 08:27:07 , 1598750827, 1598750729,98
2020-08-30 08:26:07 , 1598750767, 1598750729,38
2020-08-30 08:25:07 , 1598750707, 1598750697,10
2020-08-30 08:24:07 , 1598750647, 1598750636,11
2020-08-30 08:23:07 , 1598750587, 1598750565,22
2020-08-30 08:22:07 , 1598750527, 1598750514,13
2020-08-30 08:21:07 , 1598750467, 1598750463,4
2020-08-30 08:20:07 , 1598750407, 1598750402,5
2020-08-30 08:19:07 , 1598750347, 1598750339,8
2020-08-30 08:18:08 , 1598750288, 1598750274,14
2020-08-30 08:17:07 , 1598750227, 1598750227,0
2020-08-30 08:16:07 , 1598750167, 1598750165,2
2020-08-30 08:15:07 , 1598750107, 1598750032,75
2020-08-30 08:14:07 , 1598750047, 1598750032,15
2020-08-30 08:13:07 , 1598749987, 1598749972,15
2020-08-30 08:12:07 , 1598749927, 1598749890,37
2020-08-30 08:11:07 , 1598749867, 1598749849,18
2020-08-30 08:10:07 , 1598749807, 1598749798,9
2020-08-30 08:09:07 , 1598749747, 1598749737,10
2020-08-30 08:08:07 , 1598749687, 1598749675,12
2020-08-30 08:07:07 , 1598749627, 1598749610,17
2020-08-30 08:06:07 , 1598749567, 1598749553,14
2020-08-30 08:05:07 , 1598749507, 1598749504,3
2020-08-30 08:04:07 , 1598749447, 1598749430,17
2020-08-30 08:03:07 , 1598749387, 1598749329,58
2020-08-30 08:02:07 , 1598749327, 1598749281,46
2020-08-30 08:01:07 , 1598749267, 1598749267,0
2020-08-30 08:00:07 , 1598749207, 1598749186,21
2020-08-30 07:59:07 , 1598749147, 1598749105,42
2020-08-30 07:58:07 , 1598749087, 1598749074,13
2020-08-30 07:57:07 , 1598749027, 1598749023,4
2020-08-30 07:56:07 , 1598748967, 1598748952,15
2020-08-30 07:55:07 , 1598748907, 1598748871,36
2020-08-30 07:54:07 , 1598748847, 1598748830,17
2020-08-30 07:53:07 , 1598748787, 1598748775,12
2020-08-30 07:52:07 , 1598748727, 1598748728,-1
2020-08-30 07:51:07 , 1598748667, 1598748668,-1
2020-08-30 07:50:07 , 1598748607, 1598748597,10
2020-08-30 07:49:07 , 1598748547, 1598748546,1
2020-08-30 07:48:07 , 1598748487, 1598748475,12
2020-08-30 07:47:07 , 1598748427, 1598748364,63
2020-08-30 07:46:07 , 1598748367, 1598748364,3
2020-08-30 07:45:07 , 1598748307, 1598748291,16
2020-08-30 07:44:07 , 1598748247, 1598748243,4
2020-08-30 07:43:07 , 1598748187, 1598748158,29
2020-08-30 07:42:07 , 1598748127, 1598748124,3
2020-08-30 07:41:07 , 1598748067, 1598748035,32
2020-08-30 07:40:07 , 1598748007, 1598747995,12
2020-08-30 07:39:07 , 1598747947, 1598747883,64
2020-08-30 07:38:07 , 1598747887, 1598747883,4
2020-08-30 07:37:07 , 1598747827, 1598747802,25
2020-08-30 07:36:07 , 1598747767, 1598747721,46
2020-08-30 07:35:07 , 1598747707, 1598747680,27
2020-08-30 07:34:07 , 1598747647, 1598747588,59
2020-08-30 07:33:07 , 1598747587, 1598747547,40
2020-08-30 07:32:07 , 1598747527, 1598747518,9
2020-08-30 07:31:07 , 1598747467, 1598747465,2
2020-08-30 07:30:07 , 1598747407, 1598747386,21
2020-08-30 07:29:07 , 1598747347, 1598747341,6
2020-08-30 07:28:07 , 1598747287, 1598747273,14
2020-08-30 07:27:07 , 1598747227, 1598747212,15
2020-08-30 07:26:07 , 1598747167, 1598747121,46
2020-08-30 07:25:07 , 1598747107, 1598747061,46
2020-08-30 07:24:07 , 1598747047, 1598747029,18
2020-08-30 07:23:07 , 1598746987, 1598746948,39
2020-08-30 07:22:07 , 1598746927, 1598746893,34
2020-08-30 07:21:07 , 1598746867, 1598746863,4
2020-08-30 07:20:07 , 1598746807, 1598746797,10
2020-08-30 07:19:07 , 1598746747, 1598746723,24
2020-08-30 07:18:07 , 1598746687, 1598746654,33
2020-08-30 07:17:07 , 1598746627, 1598746562,65
2020-08-30 07:16:07 , 1598746567, 1598746562,5
2020-08-30 07:15:07 , 1598746507, 1598746480,27
2020-08-30 07:14:07 , 1598746447, 1598746287,160
2020-08-30 07:13:07 , 1598746387, 1598746287,100
2020-08-30 07:12:07 , 1598746327, 1598746287,40
2020-08-30 07:11:07 , 1598746267, 1598746246,21
2020-08-30 07:10:07 , 1598746207, 1598746114,93
2020-08-30 07:09:07 , 1598746147, 1598746114,33
2020-08-30 07:08:07 , 1598746087, 1598745890,197
2020-08-30 07:07:07 , 1598746027, 1598745890,137
2020-08-30 07:06:07 , 1598745967, 1598745890,77
2020-08-30 07:05:07 , 1598745907, 1598745890,17
2020-08-30 07:04:07 , 1598745847, 1598745306,541
2020-08-30 07:03:07 , 1598745787, 1598745306,481
2020-08-30 07:02:07 , 1598745727, 1598745306,421
2020-08-30 07:01:07 , 1598745667, 1598745306,361
2020-08-30 07:00:07 , 1598745607, 1598745306,301
2020-08-30 06:59:07 , 1598745547, 1598745306,241
2020-08-30 06:58:07 , 1598745487, 1598745306,181
2020-08-30 06:57:07 , 1598745427, 1598745306,121
2020-08-30 06:56:07 , 1598745367, 1598745306,61
2020-08-30 06:55:07 , 1598745307, 1598745306,1
2020-08-30 06:54:07 , 1598745247, 1598745159,88
2020-08-30 06:53:07 , 1598745187, 1598745159,28
2020-08-30 06:52:07 , 1598745127, 1598745108,19
2020-08-30 06:51:07 , 1598745067, 1598744987,80
2020-08-30 06:50:07 , 1598745007, 1598744987,20
2020-08-30 06:49:07 , 1598744947, 1598744926,21
2020-08-30 06:48:07 , 1598744887, 1598744793,94
2020-08-30 06:47:07 , 1598744827, 1598744793,34
2020-08-30 06:46:07 , 1598744767, 1598744621,146
2020-08-30 06:45:07 , 1598744707, 1598744621,86
2020-08-30 06:44:07 , 1598744647, 1598744621,26
2020-08-30 06:43:07 , 1598744587, 1598744550,37
2020-08-30 06:42:07 , 1598744527, 1598744417,110
2020-08-30 06:41:07 , 1598744467, 1598744417,50
2020-08-30 06:40:07 , 1598744407, 1598744324,83
2020-08-30 06:39:07 , 1598744347, 1598744324,23
2020-08-30 06:38:07 , 1598744287, 1598744196,91
2020-08-30 06:37:07 , 1598744227, 1598744196,31
2020-08-30 06:36:07 , 1598744167, 1598744092,75
2020-08-30 06:35:07 , 1598744107, 1598744092,15
2020-08-30 06:34:07 , 1598744047, 1598743990,57
2020-08-30 06:33:07 , 1598743987, 1598743960,27
2020-08-30 06:32:07 , 1598743927, 1598743915,12
2020-08-30 06:31:07 , 1598743867, 1598743828,39
2020-08-30 06:30:07 , 1598743807, 1598743786,21
2020-08-30 06:29:07 , 1598743747, 1598743746,1
2020-08-30 06:28:07 , 1598743687, 1598743678,9
2020-08-30 06:27:07 , 1598743627, 1598743618,9
2020-08-30 06:26:07 , 1598743567, 1598743542,25
2020-08-30 06:25:07 , 1598743507, 1598743491,16
2020-08-30 06:24:07 , 1598743447, 1598743380,67
2020-08-30 06:23:07 , 1598743387, 1598743380,7
2020-08-30 06:22:07 , 1598743327, 1598743278,49
2020-08-30 06:21:07 , 1598743267, 1598743247,20
2020-08-30 06:20:07 , 1598743207, 1598743206,1
2020-08-30 06:19:07 , 1598743147, 1598743147,0
2020-08-30 06:18:07 , 1598743087, 1598743075,12
2020-08-30 06:17:07 , 1598743027, 1598743018,9
2020-08-30 06:16:07 , 1598742967, 1598742966,1
2020-08-30 06:15:07 , 1598742907, 1598742907,0
2020-08-30 06:14:07 , 1598742847, 1598742822,25
2020-08-30 06:13:07 , 1598742787, 1598742780,7
2020-08-30 06:12:07 , 1598742727, 1598742717,10
2020-08-30 06:11:07 , 1598742667, 1598742667,0
2020-08-30 06:10:07 , 1598742607, 1598742604,3
2020-08-30 06:09:07 , 1598742547, 1598742522,25
2020-08-30 06:08:07 , 1598742487, 1598742488,-1
2020-08-30 06:07:07 , 1598742427, 1598742400,27
2020-08-30 06:06:07 , 1598742367, 1598742360,7
2020-08-30 06:05:07 , 1598742307, 1598742307,0
2020-08-30 06:04:07 , 1598742247, 1598742245,2
2020-08-30 06:03:07 , 1598742187, 1598742156,31
2020-08-30 06:02:07 , 1598742127, 1598742054,73
2020-08-30 06:01:07 , 1598742067, 1598742054,13
2020-08-30 06:00:07 , 1598742007, 1598741995,12
