Time,Start,End,Value
2020/9/23 23:59,1600876770,1887023320,-286146550
2020/9/23 23:58,1600876710,1804502776,-203626066
2020/9/23 23:57,1600876650,1590114816,10761834
2020/9/23 23:56,1600876590,1463568168,137308422
2020/9/23 23:55,1600876530,1458272896,142603634
2020/9/23 23:54,1600876470,1317719800,283156670
2020/9/23 23:53,1600876410,1267846152,333030258
2020/9/23 23:52,1600876350,1756101560,-155225210
2020/9/23 23:51,1600876290,1705964136,-105087846
2020/9/23 23:50,1600876230,1239791488,361084742
2020/9/23 23:49,1600876170,1559669088,41207082
2020/9/23 23:48,1600876110,1809151848,-208275738
2020/9/23 23:47,1600876050,1510489816,90386234
2020/9/23 23:46,1600875990,1466659568,134216422
2020/9/23 23:45,1600875930,1429777816,171098114
2020/9/23 23:44,1600875870,1385958384,214917486
2020/9/23 23:43,1600875810,1312069600,288806210
2020/9/23 23:42,1600875750,1348048168,252827582
2020/9/23 23:41,1600875690,1306628624,294247066
2020/9/23 23:40,1600875630,1707514824,-106639194
2020/9/23 23:39,1600875570,1751667392,-150791822
2020/9/23 23:38,1600875510,1417984272,182891238
2020/9/23 23:37,1600875450,1403042128,197833322
2020/9/23 23:36,1600875390,1820659136,-219783746
2020/9/23 23:35,1600875330,1786639736,-185764406
2020/9/23 23:34,1600875270,1654560248,-53684978
2020/9/23 23:33,1600875210,1331750256,269124954
2020/9/23 23:32,1600875150,1201144240,399730910
2020/9/23 23:31,1600875090,1668153960,-67278870
2020/9/23 23:30,1600875030,1623651328,-22776298
2020/9/23 23:29,1600874970,1604556136,-3681166
2020/9/23 23:28,1600874910,1246479920,354394990
2020/9/23 23:27,1600874850,1684136736,-83261886
2020/9/23 23:26,1600874790,1466232528,134642262
2020/9/23 23:25,1600874730,1707975552,-107100822
2020/9/23 23:24,1600874670,1398007400,202867270
2020/9/23 23:23,1600874610,1372532600,228342010
2020/9/23 23:22,1600874550,1268489648,332384902
2020/9/23 23:21,1600874490,1824580064,-223705574
2020/9/23 23:20,1600874430,1243457784,357416646
2020/9/23 23:19,1600874370,1215837560,385036810
2020/9/23 23:18,1600874310,1182762856,418111454
2020/9/23 23:17,1600874250,1144849968,456024282
2020/9/23 23:16,1600874190,1116687496,484186694
2020/9/23 23:15,1600874130,1899745512,-298871382
2020/9/23 23:14,1600874070,1431847784,169026286
2020/9/23 23:13,1600874010,1302365688,298508322
2020/9/23 23:12,1600873950,1197412856,403461094
2020/9/23 23:11,1600873890,1267586328,333287562
2020/9/23 23:10,1600873830,1092768176,508105654
2020/9/23 23:09,1600873770,1792095080,-191221310
2020/9/23 23:08,1600873710,1404899296,195974414
2020/9/23 23:07,1600873650,1147299848,453573802
2020/9/23 23:06,1600873590,1737630888,-136757298
2020/9/23 23:05,1600873530,1705225008,-104351478
2020/9/23 23:04,1600873470,1666338032,-65464562
2020/9/23 23:03,1600873410,1614863496,-13990086
2020/9/23 23:02,1600873350,1484044952,116828398
2020/9/23 23:01,1600873290,1365525072,235348218
2020/9/23 23:00,1600873230,1272218544,328654686
2020/9/23 22:59,1600873170,1215226256,385646914
2020/9/23 22:58,1600873110,1164521688,436351422
2020/9/23 22:57,1600873050,1491014352,109858698
2020/9/23 22:56,1600872990,1625364504,-24491514
2020/9/23 22:55,1600872930,1700972784,-100099854
2020/9/23 22:54,1600872870,1623257528,-22384658
2020/9/23 22:53,1600872810,1519116176,81756634
2020/9/23 22:52,1600872750,1673084144,-72211394
2020/9/23 22:51,1600872690,1098029384,502843306
2020/9/23 22:50,1600872630,1422687712,178184918
2020/9/23 22:49,1600872570,1662522704,-61650134
2020/9/23 22:48,1600872510,1373798496,227074014
2020/9/23 22:47,1600872450,1147159272,453713178
2020/9/23 22:46,1600872390,1383725184,217147206
2020/9/23 22:45,1600872330,1273730336,327141994
2020/9/23 22:44,1600872270,1109625488,491246782
2020/9/23 22:43,1600872210,1541975008,58897202
2020/9/23 22:42,1600872150,1357965872,242906278
2020/9/23 22:41,1600872090,1791153232,-190281142
2020/9/23 22:40,1600872030,1611890384,-11018354
2020/9/23 22:39,1600871970,1771533416,-170661446
2020/9/23 22:38,1600871910,1683822192,-82950282
2020/9/23 22:37,1600871850,1558434544,42437306
2020/9/23 22:36,1600871790,1392379072,208492718
2020/9/23 22:35,1600871730,1307469752,293401978
2020/9/23 22:34,1600871670,1482135680,118735990
2020/9/23 22:33,1600871610,1275311480,325560130
2020/9/23 22:32,1600871550,1400489664,200381886
2020/9/23 22:31,1600871490,1347854752,253016738
2020/9/23 22:30,1600871430,1202213032,398658398
2020/9/23 22:29,1600871370,1812689360,-211817990
2020/9/23 22:28,1600871310,1730015784,-129144474
2020/9/23 22:27,1600871250,1457852904,143018346
2020/9/23 22:26,1600871190,1189606608,411264582
2020/9/23 22:25,1600871130,1892929032,-292057902
2020/9/23 22:24,1600871070,1802683320,-201812250
2020/9/23 22:23,1600871010,1733959392,-133088382
2020/9/23 22:22,1600870950,1339178688,261692262
2020/9/23 22:21,1600870890,1454264880,146606010
2020/9/23 22:20,1600870830,1666213512,-65342682
2020/9/23 22:19,1600870770,1558278088,42592682
2020/9/23 22:18,1600870710,1628538680,-27667970
2020/9/23 22:17,1600870650,1340580808,260289842
2020/9/23 22:16,1600870590,1253768632,347101958
2020/9/23 22:15,1600870530,1517083528,83787002
2020/9/23 22:14,1600870470,1190936576,409933894
2020/9/23 22:13,1600870410,1084798152,516072258
2020/9/23 22:12,1600870350,1388099024,212771326
2020/9/23 22:11,1600870290,1293492504,307377786
2020/9/23 22:10,1600870230,1211793064,389077166
2020/9/23 22:09,1600870170,1527885832,72984338
2020/9/23 22:08,1600870110,1415427920,185442190
2020/9/23 22:07,1600870050,1265537360,335332690
2020/9/23 22:06,1600869990,1383821832,217048158
2020/9/23 22:05,1600869930,1282309072,318560858
2020/9/23 22:04,1600869870,1248232088,352637782
2020/9/23 22:03,1600869810,1372776704,228093106
2020/9/23 22:02,1600869750,1281137808,319731942
2020/9/23 22:01,1600869690,1241511800,359357890
2020/9/23 22:00,1600869630,1105220600,495649030
2020/9/23 21:59,1600869570,1654714048,-53844478
2020/9/23 21:58,1600869510,1611460872,-10591362
2020/9/23 21:57,1600869450,1654446104,-53576654
2020/9/23 21:56,1600869390,1417110688,183758702
2020/9/23 21:55,1600869330,1386676864,214192466
2020/9/23 21:54,1600869270,1163938544,436930726
2020/9/23 21:53,1600869210,1126024440,474844770
2020/9/23 21:52,1600869150,1602844480,-1975330
2020/9/23 21:51,1600869090,1506103904,94765186
2020/9/23 21:50,1600869030,1423161088,177707942
2020/9/23 21:49,1600868970,1759080352,-158211382
2020/9/23 21:48,1600868910,1714727624,-113858714
2020/9/23 21:47,1600868850,1386141288,214727562
2020/9/23 21:46,1600868790,1223794448,377074342
2020/9/23 21:45,1600868730,1368172504,232696226
2020/9/23 21:44,1600868670,1189356088,411512582
2020/9/23 21:43,1600868610,1312528120,288340490
2020/9/23 21:42,1600868550,1165216296,435652254
2020/9/23 21:41,1600868490,1773759424,-172890934
2020/9/23 21:40,1600868430,1634013176,-33144746
2020/9/23 21:39,1600868370,1218630600,382237770
2020/9/23 21:38,1600868310,1574519632,26348678
2020/9/23 21:37,1600868250,1458734024,142134226
2020/9/23 21:36,1600868190,1575738928,25129262
2020/9/23 21:35,1600868130,1353667320,247200810
2020/9/23 21:34,1600868070,1184647848,416220222
2020/9/23 21:33,1600868010,1440630936,160237074
2020/9/23 21:32,1600867950,1178866640,422001310
2020/9/23 21:31,1600867890,1869328592,-268460702
2020/9/23 21:30,1600867830,1752628352,-151760522
2020/9/23 21:29,1600867770,1711420376,-110552606
2020/9/23 21:28,1600867710,1558773144,42094566
2020/9/23 21:27,1600867650,1342237120,258630530
2020/9/23 21:26,1600867590,1681816272,-80948682
2020/9/23 21:25,1600867530,1232704552,368162978
2020/9/23 21:24,1600867470,1439555456,161312014
2020/9/23 21:23,1600867410,1695496424,-94629014
2020/9/23 21:22,1600867350,1519887440,80979910
2020/9/23 21:21,1600867290,1569004304,31862986
2020/9/23 21:20,1600867230,1429977144,170890086
2020/9/23 21:19,1600867170,1294199800,306667370
2020/9/23 21:18,1600867110,1194266760,406600350
2020/9/23 21:17,1600867050,1446575816,154291234
2020/9/23 21:16,1600866990,1254319656,346547334
2020/9/23 21:15,1600866930,1105626176,495240754
2020/9/23 21:14,1600866870,1710719264,-109852394
2020/9/23 21:13,1600866810,1612735768,-11868958
2020/9/23 21:12,1600866750,1697491032,-96624282
2020/9/23 21:11,1600866690,1276133624,324733066
2020/9/23 21:10,1600866631,1074519296,526347335
2020/9/23 21:09,1600866570,1901057408,-300190838
2020/9/23 21:08,1600866510,1720272888,-119406378
2020/9/23 21:07,1600866450,1713663152,-112796702
2020/9/23 21:06,1600866390,1413201960,187664430
2020/9/23 21:05,1600866330,1133155200,467711130
2020/9/23 21:04,1600866270,1270735360,330130910
2020/9/23 21:03,1600866210,1056297920,544568290
2020/9/23 21:02,1600866150,1355001328,245864822
2020/9/23 21:01,1600866090,1204356536,396509554
2020/9/23 21:00,1600866030,1861779848,-260913818
2020/9/23 20:59,1600865970,1538234968,62631002
2020/9/23 20:58,1600865910,1558364240,42501670
2020/9/23 20:57,1600865850,1255928008,344937842
2020/9/23 20:56,1600865790,1121915744,478950046
2020/9/23 20:55,1600865730,1130509888,470355842
2020/9/23 20:54,1600865670,1544241992,56623678
2020/9/23 20:53,1600865610,1546211256,54654354
2020/9/23 20:52,1600865550,1418087160,182778390
2020/9/23 20:51,1600865490,1333825712,267039778
2020/9/23 20:50,1600865430,1228616744,372248686
2020/9/23 20:49,1600865370,1157259456,443605914
2020/9/23 20:48,1600865310,1531219392,69645918
2020/9/23 20:47,1600865250,1175530032,425335218
2020/9/23 20:46,1600865190,1663663528,-62798338
2020/9/23 20:45,1600865130,1518307640,82557490
2020/9/23 20:44,1600865070,1526038560,74826510
2020/9/23 20:43,1600865010,1466948376,133916634
2020/9/23 20:42,1600864950,1391932856,208932094
2020/9/23 20:41,1600864890,1236812776,364052114
2020/9/23 20:40,1600864830,1101195336,499669494
2020/9/23 20:39,1600864770,1300775344,300089426
2020/9/23 20:38,1600864710,1099851536,501013174
2020/9/23 20:37,1600864650,1655228624,-54363974
2020/9/23 20:36,1600864590,1862953400,-262088810
2020/9/23 20:35,1600864530,1741764584,-140900054
2020/9/23 20:34,1600864470,1099991464,500873006
2020/9/23 20:33,1600864410,1341256328,259608082
2020/9/23 20:32,1600864350,1179516960,421347390
2020/9/23 20:31,1600864290,1478722640,122141650
2020/9/23 20:30,1600864230,1517145048,83719182
2020/9/23 20:29,1600864170,1170632464,430231706
2020/9/23 20:28,1600864110,1065118840,535745270
2020/9/23 20:27,1600864050,1525109544,75754506
2020/9/23 20:26,1600863990,1339864880,260999110
2020/9/23 20:25,1600863930,1268257832,332606098
2020/9/23 20:24,1600863870,1891020720,-290156850
2020/9/23 20:23,1600863810,1579593320,21270490
2020/9/23 20:22,1600863750,1529620544,71243206
2020/9/23 20:21,1600863690,1242886736,357976954
2020/9/23 20:20,1600863630,1667133576,-66269946
2020/9/23 20:19,1600863570,1584493800,16369770
2020/9/23 20:18,1600863510,1346526800,254336710
2020/9/23 20:17,1600863450,1173814904,427048546
2020/9/23 20:16,1600863390,1672339032,-71475642
2020/9/23 20:15,1600863330,1620039688,-19176358
2020/9/23 20:14,1600863270,1652626864,-51763594
2020/9/23 20:13,1600863210,1120241976,480621234
2020/9/23 20:12,1600863150,1713120928,-112257778
2020/9/23 20:11,1600863090,1345722576,255140514
2020/9/23 20:10,1600863030,1177688904,423174126
2020/9/23 20:09,1600862970,1087268944,513594026
2020/9/23 20:08,1600862910,1879503792,-278640882
2020/9/23 20:07,1600862850,1614604576,-13741726
2020/9/23 20:06,1600862790,1412371712,188491078
2020/9/23 20:05,1600862730,1288027976,312834754
2020/9/23 20:04,1600862670,1747518224,-146655554
2020/9/23 20:03,1600862610,1604009864,-3147254
2020/9/23 20:02,1600862550,1359279720,241582830
2020/9/23 20:01,1600862490,1167685872,433176618
2020/9/23 20:00,1600862430,1582555104,18307326
2020/9/23 19:59,1600862370,1512293792,88568578
2020/9/23 19:58,1600862310,1423184776,177677534
2020/9/23 19:57,1600862250,1110990512,489871738
2020/9/23 19:56,1600862190,1591791320,9070870
2020/9/23 19:55,1600862130,1770608384,-169746254
2020/9/23 19:54,1600862070,1667303608,-66441538
2020/9/23 19:53,1600862010,1576104848,24757162
2020/9/23 19:52,1600861950,1424647720,176214230
2020/9/23 19:51,1600861890,1080034216,520827674
2020/9/23 19:50,1600861830,1648576568,-47714738
2020/9/23 19:49,1600861770,1438567136,162294634
2020/9/23 19:48,1600861710,1101501840,499359870
2020/9/23 19:47,1600861650,1648507840,-47646190
2020/9/23 19:46,1600861590,1477979928,122881662
2020/9/23 19:45,1600861530,1329688648,271172882
2020/9/23 19:44,1600861470,1281942880,318918590
2020/9/23 19:43,1600861410,1243714144,357147266
2020/9/23 19:42,1600861350,1236283352,364577998
2020/9/23 19:41,1600861290,1076897312,523963978
2020/9/23 19:40,1600861230,1106950504,493910726
2020/9/23 19:39,1600861170,1372348328,228512842
2020/9/23 19:38,1600861110,1299289080,301572030
2020/9/23 19:37,1600861050,1680253128,-79392078
2020/9/23 19:36,1600860990,1305826656,295034334
2020/9/23 19:35,1600860930,1205706744,395154186
2020/9/23 19:34,1600860870,1305501776,295359094
2020/9/23 19:33,1600860810,1233338696,367522114
2020/9/23 19:32,1600860750,1608598000,-7737250
2020/9/23 19:31,1600860690,1401907928,198952762
2020/9/23 19:30,1600860630,1321373312,279487318
2020/9/23 19:29,1600860570,1186027848,414832722
2020/9/23 19:28,1600860510,1147601584,453258926
2020/9/23 19:27,1600860450,1239554424,361306026
2020/9/23 19:26,1600860390,1003448888,597411502
2020/9/23 19:25,1600860330,1254073880,346786450
2020/9/23 19:24,1600860270,1182744920,418115350
2020/9/23 19:23,1600860210,1060149672,540710538
2020/9/23 19:22,1600860150,1563948784,36911366
2020/9/23 19:21,1600860090,1495211584,105648506
2020/9/23 19:20,1600860030,1389058176,211801854
2020/9/23 19:19,1600859970,1068227560,532632410
2020/9/23 19:18,1600859910,1427743656,173116254
2020/9/23 19:17,1600859850,1534964952,65894898
2020/9/23 19:16,1600859790,1254664024,346195766
2020/9/23 19:15,1600859730,1184996296,415863434
2020/9/23 19:14,1600859670,1134285456,466574214
2020/9/23 19:13,1600859610,1311404840,289454770
2020/9/23 19:12,1600859550,1518466720,82392830
2020/9/23 19:11,1600859490,1366615600,234243890
2020/9/23 19:10,1600859430,1262835040,338024390
2020/9/23 19:09,1600859370,1249400584,351458786
2020/9/23 19:08,1600859310,1068340296,532519014
2020/9/23 19:07,1600859250,1366452888,234406362
2020/9/23 19:06,1600859190,1379752008,221107182
2020/9/23 19:05,1600859130,1700511720,-99652590
2020/9/23 19:04,1600859070,1580427064,20432006
2020/9/23 19:03,1600859010,1373126816,227732194
2020/9/23 19:02,1600858950,1234135216,366723734
2020/9/23 19:01,1600858890,1109805440,491053450
2020/9/23 19:00,1600858830,1067956456,532902374
2020/9/23 18:59,1600858770,1726986448,-126127678
2020/9/23 18:58,1600858710,1422447200,178411510
2020/9/23 18:57,1600858650,1170522864,430335786
2020/9/23 18:56,1600858590,1713740384,-112881794
2020/9/23 18:55,1600858530,1641348352,-40489822
2020/9/23 18:54,1600858470,1471134640,129723830
2020/9/23 18:53,1600858410,1420942528,179915882
2020/9/23 18:52,1600858350,1297899352,302958998
2020/9/23 18:51,1600858290,1230525848,370332442
2020/9/23 18:50,1600858230,1669323952,-68465722
2020/9/23 18:49,1600858170,1331365520,269492650
2020/9/23 18:48,1600858110,1277754048,323104062
2020/9/23 18:47,1600858050,1114497832,486360218
2020/9/23 18:46,1600857990,1603131368,-2273378
2020/9/23 18:45,1600857930,1364893816,235964114
2020/9/23 18:44,1600857870,1233532104,367325766
2020/9/23 18:43,1600857810,1131319560,469538250
2020/9/23 18:42,1600857750,1101177832,499679918
2020/9/23 18:41,1600857690,1385998504,214859186
2020/9/23 18:40,1600857630,1310931848,289925782
2020/9/23 18:39,1600857570,1414201288,186656282
2020/9/23 18:38,1600857510,1112011656,488845854
2020/9/23 18:37,1600857450,1047021752,553835698
2020/9/23 18:36,1600857390,1691479288,-90621898
2020/9/23 18:35,1600857330,1411898672,188958658
2020/9/23 18:34,1600857270,1284967208,315890062
2020/9/23 18:33,1600857210,1252589656,348267554
2020/9/23 18:32,1600857150,1214659288,386197862
2020/9/23 18:31,1600857090,1132442456,468414634
2020/9/23 18:30,1600857030,1107982944,492874086
2020/9/23 18:29,1600856970,1021133584,579723386
2020/9/23 18:28,1600856910,1483793400,117063510
2020/9/23 18:27,1600856850,1183748992,417107858
2020/9/23 18:26,1600856790,1045377520,555479270
2020/9/23 18:25,1600856730,1299077280,301779450
2020/9/23 18:24,1600856670,1272932304,327924366
2020/9/23 18:23,1600856610,1174145360,426711250
2020/9/23 18:22,1600856550,1031702520,569154030
2020/9/23 18:21,1600856490,1516494408,84362082
2020/9/23 18:20,1600856430,1527538568,73317862
2020/9/23 18:19,1600856370,1398438328,202418042
2020/9/23 18:18,1600856310,1739629120,-138772810
2020/9/23 18:17,1600856250,1456949504,143906746
2020/9/23 18:16,1600856190,1268708648,332147542
2020/9/23 18:15,1600856130,1064112608,536743522
2020/9/23 18:14,1600856070,1443368760,157487310
2020/9/23 18:13,1600856010,1334821368,266034642
2020/9/23 18:12,1600855950,1300061952,300793998
2020/9/23 18:11,1600855890,1110201536,490654354
2020/9/23 18:10,1600855830,1745195152,-144339322
2020/9/23 18:09,1600855770,1671781704,-70925934
2020/9/23 18:08,1600855710,1620518632,-19662922
2020/9/23 18:07,1600855650,1707361168,-106505518
2020/9/23 18:06,1600855590,1640606320,-39750730
2020/9/23 18:05,1600855530,1209296816,391558714
2020/9/23 18:04,1600855470,1436900072,163955398
2020/9/23 18:03,1600855410,1420419416,180435994
2020/9/23 18:02,1600855350,1362750504,238104846
2020/9/23 18:01,1600855290,1440973816,159881474
2020/9/23 18:00,1600855230,1475669328,125185902
2020/9/23 17:59,1600855170,1172024336,428830834
2020/9/23 17:58,1600855110,997508392,603346718
2020/9/23 17:57,1600855050,1520298336,80556714
2020/9/23 17:56,1600854990,1431945368,168909622
2020/9/23 17:55,1600854930,1117932616,482922314
2020/9/23 17:54,1600854870,1551401256,49453614
2020/9/23 17:53,1600854810,1221125456,379729354
2020/9/23 17:52,1600854750,1127000984,473853766
2020/9/23 17:51,1600854690,1618041752,-17187062
2020/9/23 17:50,1600854630,1419701232,181153398
2020/9/23 17:49,1600854570,1238443368,362411202
2020/9/23 17:48,1600854510,1214126848,386727662
2020/9/23 17:47,1600854450,1047456824,553397626
2020/9/23 17:46,1600854390,1180624104,420230286
2020/9/23 17:45,1600854330,1143418920,457435410
2020/9/23 17:44,1600854270,1797818672,-196964402
2020/9/23 17:43,1600854210,1620906784,-20052574
2020/9/23 17:42,1600854150,1744724344,-143870194
2020/9/23 17:41,1600854090,1638911320,-38057230
2020/9/23 17:40,1600854030,1060872552,539981478
2020/9/23 17:39,1600853970,1611982576,-11128606
2020/9/23 17:38,1600853910,1303356616,297497294
2020/9/23 17:37,1600853850,1523011272,77842578
2020/9/23 17:36,1600853790,1365165072,235688718
2020/9/23 17:35,1600853730,1349598008,251255722
2020/9/23 17:34,1600853670,1104666664,496187006
2020/9/23 17:33,1600853610,1459360904,141492706
2020/9/23 17:32,1600853550,1365196376,235657174
2020/9/23 17:31,1600853490,1356688152,244165338
2020/9/23 17:30,1600853430,1262767160,338086270
2020/9/23 17:29,1600853370,1133888984,466964386
2020/9/23 17:28,1600853310,1268175272,332678038
2020/9/23 17:27,1600853250,1554978376,45874874
2020/9/23 17:26,1600853190,1737246080,-136392890
2020/9/23 17:25,1600853130,1227340400,373512730
2020/9/23 17:24,1600853070,1633015400,-32162330
2020/9/23 17:23,1600853010,1151719248,449133762
2020/9/23 17:22,1600852950,1622126688,-21273738
2020/9/23 17:21,1600852890,1506899072,93953818
2020/9/23 17:20,1600852830,1498000616,102852214
2020/9/23 17:19,1600852770,1394430576,206422194
2020/9/23 17:18,1600852710,1232574984,368277726
2020/9/23 17:17,1600852650,1154290928,446561722
2020/9/23 17:16,1600852590,1713500208,-112647618
2020/9/23 17:15,1600852530,1493932984,106919546
2020/9/23 17:14,1600852470,1612784352,-11931882
2020/9/23 17:13,1600852410,1832722488,-231870078
2020/9/23 17:12,1600852350,1179068288,421784062
2020/9/23 17:11,1600852290,1128871960,471980330
2020/9/23 17:10,1600852230,1236059944,364792286
2020/9/23 17:09,1600852170,1223116608,377735562
2020/9/23 17:08,1600852110,1197438984,403413126
2020/9/23 17:07,1600852050,1464800096,136051954
2020/9/23 17:06,1600851990,1296401352,304450638
2020/9/23 17:05,1600851930,1423141312,177710618
2020/9/23 17:04,1600851870,1383023928,217827942
2020/9/23 17:03,1600851810,1295386000,305465810
2020/9/23 17:02,1600851750,1275663216,325188534
2020/9/23 17:01,1600851690,1542044520,58807170
2020/9/23 17:00,1600851630,1414538000,186313630
2020/9/23 16:59,1600851570,1300180872,300670698
2020/9/23 16:58,1600851510,1254484952,346366558
2020/9/23 16:57,1600851450,1192201696,408649754
2020/9/23 16:56,1600851390,1472037032,128814358
2020/9/23 16:55,1600851330,1229975296,370876034
2020/9/23 16:54,1600851270,1068033104,532818166
2020/9/23 16:53,1600851210,1037501512,563349698
2020/9/23 16:52,1600851150,1599151664,1699486
2020/9/23 16:51,1600851090,1497332496,103518594
2020/9/23 16:50,1600851030,996426976,604424054
2020/9/23 16:49,1600850970,1379100440,221750530
2020/9/23 16:48,1600850910,959764704,641086206
2020/9/23 16:47,1600850850,1388490880,212359970
2020/9/23 16:46,1600850790,1249082112,351768678
2020/9/23 16:45,1600850730,1253739920,347110810
2020/9/23 16:44,1600850670,1467783328,133067342
2020/9/23 16:43,1600850610,1323101672,277748938
2020/9/23 16:42,1600850550,1752657056,-151806506
2020/9/23 16:41,1600850490,1673966528,-73116038
2020/9/23 16:40,1600850430,1140211184,460639246
2020/9/23 16:39,1600850370,1263241512,337608858
2020/9/23 16:38,1600850310,1045807592,555042718
2020/9/23 16:37,1600850250,1303581160,297269090
2020/9/23 16:36,1600850190,1078422408,522427782
2020/9/23 16:35,1600850130,1402854016,197996114
2020/9/23 16:34,1600850070,1376756648,224093422
2020/9/23 16:33,1600850010,1168169608,432680402
2020/9/23 16:32,1600849950,1102413256,498436694
2020/9/23 16:31,1600849890,1561674376,39175514
2020/9/23 16:30,1600849830,1477258448,123591382
2020/9/23 16:29,1600849770,1395231472,205618298
2020/9/23 16:28,1600849710,1484126784,116722926
2020/9/23 16:27,1600849650,1414098824,186750826
2020/9/23 16:26,1600849590,1073309240,527540350
2020/9/23 16:25,1600849530,1267908536,332940994
2020/9/23 16:24,1600849470,1085092872,515756598
2020/9/23 16:23,1600849410,1574924880,25924530
2020/9/23 16:22,1600849350,1487506144,113343206
2020/9/23 16:21,1600849290,1233630960,367218330
2020/9/23 16:20,1600849230,1272029472,328819758
2020/9/23 16:19,1600849170,1701292352,-100443182
2020/9/23 16:18,1600849110,1462123568,138725542
2020/9/23 16:17,1600849050,1127617576,473231474
2020/9/23 16:16,1600848990,1409663032,191185958
2020/9/23 16:15,1600848930,1322456624,278392306
2020/9/23 16:14,1600848870,1344390144,256458726
2020/9/23 16:13,1600848810,1603968792,-3119982
2020/9/23 16:12,1600848750,1377669192,223179558
2020/9/23 16:11,1600848690,1243001688,357847002
2020/9/23 16:10,1600848630,1079108264,521740366
2020/9/23 16:09,1600848570,1029694432,571154138
2020/9/23 16:08,1600848510,1482901632,117946878
2020/9/23 16:07,1600848450,1151490920,449357530
2020/9/23 16:06,1600848390,1517065240,83783150
2020/9/23 16:05,1600848330,1454872920,145975410
2020/9/23 16:04,1600848270,1522068504,78779766
2020/9/23 16:03,1600848210,1266794976,334053234
2020/9/23 16:02,1600848150,1335402960,265445190
2020/9/23 16:01,1600848090,1368768184,232079906
2020/9/23 16:00,1600848030,1038613416,562234614
2020/9/23 15:59,1600847970,1239404376,361443594
2020/9/23 15:58,1600847910,1324716376,276131534
2020/9/23 15:57,1600847850,1562145640,38702210
2020/9/23 15:56,1600847790,1276973184,323874606
2020/9/23 15:55,1600847730,1389079216,211768514
2020/9/23 15:54,1600847670,1130525136,470322534
2020/9/23 15:53,1600847610,950368048,650479562
2020/9/23 15:52,1600847550,1139846512,461001038
2020/9/23 15:51,1600847490,1021590408,579257082
2020/9/23 15:50,1600847430,1079673040,521174390
2020/9/23 15:49,1600847370,1332417688,268429682
2020/9/23 15:48,1600847310,1157313936,443533374
2020/9/23 15:47,1600847250,1537732216,63115034
2020/9/23 15:46,1600847190,1349507656,251339534
2020/9/23 15:45,1600847130,1217390648,383456482
2020/9/23 15:44,1600847070,1163626352,437220718
2020/9/23 15:43,1600847010,1565666368,35180642
2020/9/23 15:42,1600846950,1276565808,324281142
2020/9/23 15:41,1600846890,1651312760,-50465870
2020/9/23 15:40,1600846830,1225624424,375222406
2020/9/23 15:39,1600846770,1443855352,156991418
2020/9/23 15:38,1600846710,1165780744,435065966
2020/9/23 15:37,1600846650,1012247528,588599122
2020/9/23 15:36,1600846590,1443047544,157799046
2020/9/23 15:35,1600846530,1185130440,415716090
2020/9/23 15:34,1600846470,1601750632,-904162
2020/9/23 15:33,1600846410,1412575864,188270546
2020/9/23 15:32,1600846350,1329989480,270856870
2020/9/23 15:31,1600846290,1375243152,225603138
2020/9/23 15:30,1600846230,1062368992,538477238
2020/9/23 15:29,1600846170,1372679184,228166986
2020/9/23 15:28,1600846110,991641632,609204478
2020/9/23 15:27,1600846050,1288450312,312395738
2020/9/23 15:26,1600845990,1323997296,276848694
2020/9/23 15:25,1600845930,1207559672,393286258
2020/9/23 15:24,1600845870,1509894784,90951086
2020/9/23 15:23,1600845810,1406678184,194167626
2020/9/23 15:22,1600845750,1498776888,102068862
2020/9/23 15:21,1600845690,1292294520,308551170
2020/9/23 15:20,1600845630,1216220112,384625518
2020/9/23 15:19,1600845570,1397166288,203679282
2020/9/23 15:18,1600845510,1566876032,33969478
2020/9/23 15:17,1600845450,1454535360,146310090
2020/9/23 15:16,1600845390,1046577504,554267886
2020/9/23 15:15,1600845330,1410439712,190405618
2020/9/23 15:14,1600845270,1309106504,291738766
2020/9/23 15:13,1600845210,1116534624,484310586
2020/9/23 15:12,1600845150,1474398632,126446518
2020/9/23 15:11,1600845090,1700277696,-99432606
2020/9/23 15:10,1600845030,1505551424,95293606
2020/9/23 15:09,1600844970,1419327976,181516994
2020/9/23 15:08,1600844910,1094338592,506506318
2020/9/23 15:07,1600844850,1602215760,-1370910
2020/9/23 15:06,1600844790,1223720040,377124750
2020/9/23 15:05,1600844730,1536893888,63950842
2020/9/23 15:04,1600844670,1203058472,397786198
2020/9/23 15:03,1600844610,1245245296,355599314
2020/9/23 15:02,1600844550,1048225248,552619302
2020/9/23 15:01,1600844490,1423424480,177420010
2020/9/23 15:00,1600844430,1213130008,387714422
2020/9/23 14:59,1600844370,1104184696,496659674
2020/9/23 14:58,1600844310,1419779184,181065126
2020/9/23 14:57,1600844250,1293711464,307132786
2020/9/23 14:56,1600844190,1070741760,530102430
2020/9/23 14:55,1600844130,1497342472,103501658
2020/9/23 14:54,1600844070,1222419912,378424158
2020/9/23 14:53,1600844010,981524504,619319506
2020/9/23 14:52,1600843950,1443533720,157310230
2020/9/23 14:51,1600843890,1194592896,406250994
2020/9/23 14:50,1600843830,1061153808,539690022
2020/9/23 14:49,1600843770,1429720232,171123538
2020/9/23 14:48,1600843710,971277024,629566686
2020/9/23 14:47,1600843650,1035445296,565398354
2020/9/23 14:46,1600843590,1392125520,208718070
2020/9/23 14:45,1600843530,1335147536,265695994
2020/9/23 14:44,1600843470,1277577112,323266358
2020/9/23 14:43,1600843410,1120694312,480149098
2020/9/23 14:42,1600843350,1572697824,28145526
2020/9/23 14:41,1600843290,1333606672,267236618
2020/9/23 14:40,1600843230,1100740200,500103030
2020/9/23 14:39,1600843170,1544476784,56366386
2020/9/23 14:38,1600843110,1219348944,381494166
2020/9/23 14:37,1600843050,1177677856,423165194
2020/9/23 14:36,1600842990,1597122696,3720294
2020/9/23 14:35,1600842930,1489361272,111481658
2020/9/23 14:34,1600842870,1413887760,186955110
2020/9/23 14:33,1600842810,1421724344,179118466
2020/9/23 14:32,1600842750,1316414808,284427942
2020/9/23 14:31,1600842690,1388424376,212418314
2020/9/23 14:30,1600842630,1218174088,382668542
2020/9/23 14:29,1600842570,1093094688,507747882
2020/9/23 14:28,1600842510,934540736,666301774
2020/9/23 14:27,1600842450,1151411800,449430650
2020/9/23 14:26,1600842390,1238306000,362536390
2020/9/23 14:25,1600842330,1463166672,137675658
2020/9/23 14:24,1600842270,1265973432,334868838
2020/9/23 14:23,1600842210,1025278568,575563642
2020/9/23 14:22,1600842150,1524853200,75988950
2020/9/23 14:21,1600842090,1121479360,479362730
2020/9/23 14:20,1600842030,1554065696,46776334
2020/9/23 14:19,1600841970,1399077344,201764626
2020/9/23 14:18,1600841910,1452049024,148792886
2020/9/23 14:17,1600841850,1228219496,372622354
2020/9/23 14:16,1600841790,1056886992,543954798
2020/9/23 14:15,1600841730,1360044120,240797610
2020/9/23 14:14,1600841670,1231167816,369673854
2020/9/23 14:13,1600841610,1665814896,-64973286
2020/9/23 14:12,1600841550,1040937768,559903782
2020/9/23 14:11,1600841490,1277866848,322974642
2020/9/23 14:10,1600841430,970501808,630339622
2020/9/23 14:09,1600841370,951531232,649310138
2020/9/23 14:08,1600841310,1242090768,358750542
2020/9/23 14:07,1600841250,1696778040,-95936790
2020/9/23 14:06,1600841190,1439400560,161440630
2020/9/23 14:05,1600841130,1154163112,446678018
2020/9/23 14:04,1600841070,1646154624,-45313554
2020/9/23 14:03,1600841010,1539778024,61062986
2020/9/23 14:02,1600840950,1178762328,422078622
2020/9/23 14:01,1600840890,1309703008,291137882
2020/9/23 14:00,1600840830,1526170112,74670718
2020/9/23 13:59,1600840770,1292883240,307957530
2020/9/23 13:58,1600840710,1129957864,470882846
2020/9/23 13:57,1600840650,1152566440,448274210
2020/9/23 13:56,1600840590,1090997432,509843158
2020/9/23 13:55,1600840530,1246404792,354435738
2020/9/23 13:54,1600840470,1520938784,79901686
2020/9/23 13:53,1600840410,1152418936,448421474
2020/9/23 13:52,1600840350,1664722040,-63881690
2020/9/23 13:51,1600840290,1529383232,71457058
2020/9/23 13:50,1600840230,1458509120,142331110
2020/9/23 13:49,1600840170,1727971136,-127130966
2020/9/23 13:48,1600840110,1639359816,-38519706
2020/9/23 13:47,1600840050,1363604576,237235474
2020/9/23 13:46,1600839990,1055634328,545205662
2020/9/23 13:45,1600839930,1337669480,263170450
2020/9/23 13:44,1600839870,1170522632,430317238
2020/9/23 13:43,1600839810,1357678296,243161514
2020/9/23 13:42,1600839750,1358805864,242033886
2020/9/23 13:41,1600839690,1231081560,369758130
2020/9/23 13:40,1600839630,1182635944,418203686
2020/9/23 13:39,1600839570,1176213256,424626314
2020/9/23 13:38,1600839510,1084792584,516046926
2020/9/23 13:37,1600839450,1399817704,201021746
2020/9/23 13:36,1600839390,1357981672,242857718
2020/9/23 13:35,1600839330,1188220520,412618810
2020/9/23 13:34,1600839270,1502704680,98134590
2020/9/23 13:33,1600839210,1595356088,5483122
2020/9/23 13:32,1600839150,1457688232,143150918
2020/9/23 13:31,1600839090,1397397400,203441690
2020/9/23 13:30,1600839030,979662352,621176678
2020/9/23 13:29,1600838970,1366481992,234356978
2020/9/23 13:28,1600838910,1279639024,321199886
2020/9/23 13:27,1600838850,998903392,601935458
2020/9/23 13:26,1600838790,1278432856,322405934
2020/9/23 13:25,1600838730,1044683240,556155490
2020/9/23 13:24,1600838670,1496678544,104160126
2020/9/23 13:23,1600838610,1386718600,214120010
2020/9/23 13:22,1600838550,1188767448,412071102
2020/9/23 13:21,1600838490,1038232896,562605594
2020/9/23 13:20,1600838430,1401456176,199382254
2020/9/23 13:19,1600838370,1479063848,121774522
2020/9/23 13:18,1600838310,1357942344,242895966
2020/9/23 13:17,1600838250,1189727512,411110738
2020/9/23 13:16,1600838190,1297325040,303513150
2020/9/23 13:15,1600838130,1381077888,219760242
2020/9/23 13:14,1600838070,1397758712,203079358
2020/9/23 13:13,1600838010,1264594992,336243018
2020/9/23 13:12,1600837950,1075119208,525718742
2020/9/23 13:11,1600837890,1277767640,323070250
2020/9/23 13:10,1600837830,1115268896,485568934
2020/9/23 13:09,1600837770,1542719872,58117898
2020/9/23 13:08,1600837710,1356194712,244642998
2020/9/23 13:07,1600837650,1278174784,322662866
2020/9/23 13:06,1600837590,1120711032,480126558
2020/9/23 13:05,1600837530,1621685360,-20847830
2020/9/23 13:04,1600837470,1569642240,31195230
2020/9/23 13:03,1600837410,1250704872,350132538
2020/9/23 13:02,1600837350,1081759408,519077942
2020/9/23 13:01,1600837290,1384126384,216710906
2020/9/23 13:00,1600837230,1215333168,385504062
2020/9/23 12:59,1600837170,1239174000,361663170
2020/9/23 12:58,1600837110,1115703496,485133614
2020/9/23 12:57,1600837050,1298623112,302213938
2020/9/23 12:56,1600836990,985157936,615679054
2020/9/23 12:55,1600836930,1283912792,316924138
2020/9/23 12:54,1600836870,1317040848,283796022
2020/9/23 12:53,1600836810,1388478568,212358242
2020/9/23 12:52,1600836750,1481811552,119025198
2020/9/23 12:51,1600836690,1378888120,221948570
2020/9/23 12:50,1600836630,1140295112,460541518
2020/9/23 12:49,1600836570,956544640,644291930
2020/9/23 12:48,1600836510,1453164728,147671782
2020/9/23 12:47,1600836450,1261076480,339759970
2020/9/23 12:46,1600836390,1038558288,562278102
2020/9/23 12:45,1600836330,1290290664,310545666
2020/9/23 12:44,1600836270,1157445656,443390614
2020/9/23 12:43,1600836210,1638911376,-38075166
2020/9/23 12:42,1600836150,1054690152,546145998
2020/9/23 12:41,1600836090,994827928,606008162
2020/9/23 12:40,1600836030,1723874016,-123037986
2020/9/23 12:39,1600835970,1464464104,136371866
2020/9/23 12:38,1600835910,1670425912,-69590002
2020/9/23 12:37,1600835850,1482888392,117947458
2020/9/23 12:36,1600835790,1070242376,530593414
2020/9/23 12:35,1600835730,1506855768,93979962
2020/9/23 12:34,1600835670,1364805912,236029758
2020/9/23 12:33,1600835610,1043942648,556892962
2020/9/23 12:32,1600835550,1611862336,-11026786
2020/9/23 12:31,1600835490,1435156384,165679106
2020/9/23 12:30,1600835430,1467489432,133345998
2020/9/23 12:29,1600835370,1066190120,534645250
2020/9/23 12:28,1600835310,1646666616,-45831306
2020/9/23 12:27,1600835250,1131833328,469001922
2020/9/23 12:26,1600835190,1549540184,51295006
2020/9/23 12:25,1600835130,1499808016,101027114
2020/9/23 12:24,1600835070,1238374640,362460430
2020/9/23 12:23,1600835010,1064848152,535986858
2020/9/23 12:22,1600834950,1806085016,-205250066
2020/9/23 12:21,1600834890,1662893040,-62058150
2020/9/23 12:20,1600834830,1127346376,473488454
2020/9/23 12:19,1600834770,997183920,603650850
2020/9/23 12:18,1600834710,1501560336,99274374
2020/9/23 12:17,1600834650,1264295104,336539546
2020/9/23 12:16,1600834590,1712848376,-112013786
2020/9/23 12:15,1600834530,1595114224,5720306
2020/9/23 12:14,1600834470,1452510320,148324150
2020/9/23 12:13,1600834410,1638391632,-37557222
2020/9/23 12:12,1600834350,1097926288,502908062
2020/9/23 12:11,1600834290,1655939656,-55105366
2020/9/23 12:10,1600834230,1500555424,100278806
2020/9/23 12:09,1600834170,1291879856,308954314
2020/9/23 12:08,1600834110,1679445664,-78611554
2020/9/23 12:07,1600834050,1785520432,-184686382
2020/9/23 12:06,1600833990,1634339896,-33505906
2020/9/23 12:05,1600833930,1116561416,484272514
2020/9/23 12:04,1600833870,1553986264,46847606
2020/9/23 12:03,1600833810,1297681432,303152378
2020/9/23 12:02,1600833750,1192578184,408255566
2020/9/23 12:01,1600833690,1117711976,483121714
2020/9/23 12:00,1600833630,1138123072,462710558
2020/9/23 11:59,1600833570,1587605600,13227970
2020/9/23 11:58,1600833510,1383773536,217059974
2020/9/23 11:57,1600833450,1272977632,327855818
2020/9/23 11:56,1600833390,1636317480,-35484090
2020/9/23 11:55,1600833330,1525325184,75508146
2020/9/23 11:54,1600833270,1457186504,143646766
2020/9/23 11:53,1600833210,1339000368,261832842
2020/9/23 11:52,1600833150,1494527016,106306134
2020/9/23 11:51,1600833090,1386280032,214553058
2020/9/23 11:50,1600833030,1315851192,284981838
2020/9/23 11:49,1600832970,1230132088,370700882
2020/9/23 11:48,1600832910,1361216728,239616182
2020/9/23 11:47,1600832850,1280309424,320523426
2020/9/23 11:46,1600832790,952903784,647929006
2020/9/23 11:45,1600832730,1395972840,204859890
2020/9/23 11:44,1600832670,1028956568,571876102
2020/9/23 11:43,1600832610,1597577784,3254826
2020/9/23 11:42,1600832550,1504637912,96194638
2020/9/23 11:41,1600832490,968474944,632357546
2020/9/23 11:40,1600832430,1639107920,-38275490
2020/9/23 11:39,1600832370,1537749256,63083114
2020/9/23 11:38,1600832310,1253176408,347655902
2020/9/23 11:37,1600832250,1114572400,486259850
2020/9/23 11:36,1600832190,1657409944,-56577754
2020/9/23 11:35,1600832130,1532173528,68658602
2020/9/23 11:34,1600832070,1433141768,167690302
2020/9/23 11:33,1600832010,937464616,663367394
2020/9/23 11:32,1600831950,1148645864,452186086
2020/9/23 11:31,1600831890,923497152,677334738
2020/9/23 11:30,1600831830,1193129744,407702086
2020/9/23 11:29,1600831770,1402092216,198739554
2020/9/23 11:28,1600831710,1295757520,305074190
2020/9/23 11:27,1600831650,953327304,647504346
2020/9/23 11:26,1600831590,1315551952,285279638
2020/9/23 11:25,1600831530,1252889592,347941938
2020/9/23 11:24,1600831470,1305010544,295820926
2020/9/23 11:23,1600831410,1429338376,171493034
2020/9/23 11:22,1600831350,1317191920,283639430
2020/9/23 11:21,1600831290,1029131144,571700146
2020/9/23 11:20,1600831230,1417613936,183217294
2020/9/23 11:19,1600831170,1230846656,369984514
2020/9/23 11:18,1600831110,1098234896,502596214
2020/9/23 11:17,1600831050,905604488,695226562
2020/9/23 11:16,1600830990,1198828488,402002502
2020/9/23 11:15,1600830930,1021617824,579213106
2020/9/23 11:14,1600830870,1443746392,157084478
2020/9/23 11:13,1600830810,1349494624,251336186
2020/9/23 11:12,1600830750,1238468648,362362102
2020/9/23 11:11,1600830690,1145650368,455180322
2020/9/23 11:10,1600830630,1075504840,525325790
2020/9/23 11:09,1600830570,1006948816,593881754
2020/9/23 11:08,1600830510,1235457888,365372622
2020/9/23 11:07,1600830450,1375172848,225657602
2020/9/23 11:06,1600830390,1203541776,397288614
2020/9/23 11:05,1600830330,1150144472,450685858
2020/9/23 11:04,1600830270,1117506952,483323318
2020/9/23 11:03,1600830210,1460107832,140722378
2020/9/23 11:02,1600830150,1387160040,213670110
2020/9/23 11:01,1600830090,1351733696,249096394
2020/9/23 11:00,1600830030,1069975584,530854446
2020/9/23 10:59,1600829970,988030128,612799842
2020/9/23 10:58,1600829910,1401221808,199608102
2020/9/23 10:57,1600829850,1035048720,565781130
2020/9/23 10:56,1600829790,1272233992,328595798
2020/9/23 10:55,1600829730,1237741488,363088242
2020/9/23 10:54,1600829670,1023534832,577294838
2020/9/23 10:53,1600829610,1112426352,488403258
2020/9/23 10:52,1600829550,1291643400,309186150
2020/9/23 10:51,1600829490,1491835416,108994074
2020/9/23 10:50,1600829430,1419530600,181298830
2020/9/23 10:49,1600829370,1305303248,295526122
2020/9/23 10:48,1600829310,1278694464,322134846
2020/9/23 10:47,1600829250,1581144328,19684922
2020/9/23 10:46,1600829190,1227971656,372857534
2020/9/23 10:45,1600829130,1495327424,105501706
2020/9/23 10:44,1600829070,1202708936,398120134
2020/9/23 10:43,1600829010,1093936384,506892626
2020/9/23 10:42,1600828950,970523416,630305534
2020/9/23 10:41,1600828890,1100600280,500228610
2020/9/23 10:40,1600828830,1537651768,63177062
2020/9/23 10:39,1600828770,1340076672,260752098
2020/9/23 10:38,1600828710,1511965216,88863494
2020/9/23 10:37,1600828650,1145279336,455549314
2020/9/23 10:36,1600828590,952788048,648040542
2020/9/23 10:35,1600828530,1664413368,-63584838
2020/9/23 10:34,1600828470,1054685752,546142718
2020/9/23 10:33,1600828410,1449066584,151761826
2020/9/23 10:32,1600828350,1301445608,299382742
2020/9/23 10:31,1600828290,1380558640,220269650
2020/9/23 10:30,1600828230,1525890328,74937902
2020/9/23 10:29,1600828170,1376936600,223891570
2020/9/23 10:28,1600828110,1176818408,424009702
2020/9/23 10:27,1600828050,1300973536,299854514
2020/9/23 10:26,1600827990,1065480280,535347710
2020/9/23 10:25,1600827930,1441048400,159779530
2020/9/23 10:24,1600827871,1174009416,426818455
2020/9/23 10:23,1600827810,1203690248,397137562
2020/9/23 10:22,1600827750,1072387344,528440406
2020/9/23 10:21,1600827690,1284970528,315857162
2020/9/23 10:20,1600827630,1126227136,474600494
2020/9/23 10:19,1600827570,1039584176,561243394
2020/9/23 10:18,1600827510,968315624,632511886
2020/9/23 10:17,1600827450,1421164680,179662770
2020/9/23 10:16,1600827390,1568384544,32442846
2020/9/23 10:15,1600827330,1373831200,226996130
2020/9/23 10:14,1600827270,1083695136,517132134
2020/9/23 10:13,1600827210,1232281744,368545466
2020/9/23 10:12,1600827150,1093523984,507303166
2020/9/23 10:11,1600827090,1511073504,89753586
2020/9/23 10:10,1600827030,1443511376,157315654
2020/9/23 10:09,1600826970,1374033728,226793242
2020/9/23 10:08,1600826910,1438305544,162521366
2020/9/23 10:07,1600826850,1302604560,298222290
2020/9/23 10:06,1600826790,1602907344,-2080554
2020/9/23 10:05,1600826730,974743392,626083338
2020/9/23 10:04,1600826670,1430776216,170050454
2020/9/23 10:03,1600826610,1358522312,242304298
2020/9/23 10:02,1600826550,1173994480,426832070
2020/9/23 10:01,1600826490,939140584,661685906
2020/9/23 10:00,1600826430,956028400,644798030
2020/9/23 09:59,1600826370,1367141256,233685114
2020/9/23 09:58,1600826310,1398966632,201859678
2020/9/23 09:57,1600826250,1303444112,297382138
2020/9/23 09:56,1600826190,1141023048,459803142
2020/9/23 09:55,1600826130,946117008,654709122
2020/9/23 09:54,1600826070,1176717448,424108622
2020/9/23 09:53,1600826010,963144568,637681442
2020/9/23 09:52,1600825950,1400520432,200305518
2020/9/23 09:51,1600825890,910522880,690303010
2020/9/23 09:50,1600825830,1359458904,241366926
2020/9/23 09:49,1600825770,1503617024,97208746
2020/9/23 09:48,1600825710,1287705976,313119734
2020/9/23 09:47,1600825650,1598843296,1982354
2020/9/23 09:46,1600825590,1214285896,386539694
2020/9/23 09:45,1600825530,1025183728,575641802
2020/9/23 09:44,1600825470,904518408,696307062
2020/9/23 09:43,1600825410,1290844064,309981346
2020/9/23 09:42,1600825350,1199203864,401621486
2020/9/23 09:41,1600825290,943084560,657740730
2020/9/23 09:40,1600825230,1359669112,241156118
2020/9/23 09:39,1600825170,925906776,674918394
2020/9/23 09:38,1600825110,1528574632,72250478
2020/9/23 09:37,1600825050,1202159424,398665626
2020/9/23 09:36,1600824990,1324441832,276383158
2020/9/23 09:35,1600824930,1101445880,499379050
2020/9/23 09:34,1600824870,1453312064,147512806
2020/9/23 09:33,1600824810,1296045872,304778938
2020/9/23 09:32,1600824750,1606418720,-5593970
2020/9/23 09:31,1600824690,998443400,602381290
2020/9/23 09:30,1600824630,1089457648,511366982
2020/9/23 09:29,1600824570,963266888,637557682
2020/9/23 09:28,1600824510,1310665984,290158526
2020/9/23 09:27,1600824450,1333328840,267495610
2020/9/23 09:26,1600824390,1029487480,571336910
2020/9/23 09:25,1600824330,1645902440,-45078110
2020/9/23 09:24,1600824270,1421283224,179541046
2020/9/23 09:23,1600824210,1615179392,-14355182
2020/9/23 09:22,1600824150,1490211904,110612246
2020/9/23 09:21,1600824090,1032339072,568485018
2020/9/23 09:20,1600824030,1007942656,592881374
2020/9/23 09:19,1600823970,1057856160,542967810
2020/9/23 09:18,1600823910,1335102352,265721558
2020/9/23 09:17,1600823850,1344494976,256328874
2020/9/23 09:16,1600823790,1149350496,451473294
2020/9/23 09:15,1600823730,1091322896,509500834
2020/9/23 09:14,1600823670,920042056,680781614
2020/9/23 09:13,1600823610,1112811672,488011938
2020/9/23 09:12,1600823550,1289163688,311659862
2020/9/23 09:11,1600823490,1080590016,520233474
2020/9/23 09:10,1600823430,949280984,651542446
2020/9/23 09:09,1600823370,1057736176,543087194
2020/9/23 09:08,1600823310,1393021816,207801494
2020/9/23 09:07,1600823250,1021100520,579722730
2020/9/23 09:06,1600823190,1258318912,342504278
2020/9/23 09:05,1600823130,1356642688,244180442
2020/9/23 09:04,1600823070,1488694592,112128478
2020/9/23 09:03,1600823010,1337685240,263137770
2020/9/23 09:02,1600822950,1152053072,448769878
2020/9/23 09:01,1600822890,1298569448,302253442
2020/9/23 09:00,1600822830,1169561056,431261774
2020/9/23 08:59,1600822770,1105625416,495197354
2020/9/23 08:58,1600822710,1639891848,-39069138
2020/9/23 08:57,1600822650,1070133320,530689330
2020/9/23 08:56,1600822590,1449862656,150959934
2020/9/23 08:55,1600822530,1119673408,481149122
2020/9/23 08:54,1600822470,923046296,677776174
2020/9/23 08:53,1600822410,1291634288,309188122
2020/9/23 08:52,1600822350,1008442184,592380166
2020/9/23 08:51,1600822290,1124267576,476554714
2020/9/23 08:50,1600822230,1017406120,583416110
2020/9/23 08:49,1600822170,1469687616,131134554
2020/9/23 08:48,1600822110,1241953960,358868150
2020/9/23 08:47,1600822050,938628552,662193498
2020/9/23 08:46,1600821990,1140731040,460090950
2020/9/23 08:45,1600821930,1080359608,520462322
2020/9/23 08:44,1600821870,1184917728,415904142
2020/9/23 08:43,1600821810,1021777616,579044194
2020/9/23 08:42,1600821750,1171938544,428883206
2020/9/23 08:41,1600821690,975150616,625671074
2020/9/23 08:40,1600821630,1556540384,44281246
2020/9/23 08:39,1600821570,1472030504,128791066
2020/9/23 08:38,1600821510,1316296024,284525486
2020/9/23 08:37,1600821450,1097606120,503215330
2020/9/23 08:36,1600821390,1254428408,346392982
2020/9/23 08:35,1600821330,1213323904,387497426
2020/9/23 08:34,1600821270,1006409056,594412214
2020/9/23 08:33,1600821210,1091759792,509061418
2020/9/23 08:32,1600821150,1018854488,581966662
2020/9/23 08:31,1600821090,987044272,613776818
2020/9/23 08:30,1600821030,901452816,699368214
2020/9/23 08:29,1600820970,1447099824,153721146
2020/9/23 08:28,1600820910,1259866768,340954142
2020/9/23 08:27,1600820850,916020216,684800634
2020/9/23 08:26,1600820790,1409603680,191217110
2020/9/23 08:25,1600820730,1301163032,299657698
2020/9/23 08:24,1600820670,1283025656,317795014
2020/9/23 08:23,1600820610,1080348888,520471722
2020/9/23 08:22,1600820550,1417359120,183461430
2020/9/23 08:21,1600820490,1260228008,340592482
2020/9/23 08:20,1600820430,1309650040,291170390
2020/9/23 08:19,1600820370,1199982336,400838034
2020/9/23 08:18,1600820310,888435424,712384886
2020/9/23 08:17,1600820250,1268473064,332347186
2020/9/23 08:16,1600820190,1382367272,218452918
2020/9/23 08:15,1600820130,1172796272,428023858
2020/9/23 08:14,1600820070,1162383240,438436830
2020/9/23 08:13,1600820010,1115572288,485247722
2020/9/23 08:12,1600819950,1096523144,504296806
2020/9/23 08:11,1600819890,1324027984,276791906
2020/9/23 08:10,1600819830,1309562104,291257726
2020/9/23 08:09,1600819770,1154690984,446128786
2020/9/23 08:08,1600819710,1011309080,589510630
2020/9/23 08:07,1600819650,1730585624,-129765974
2020/9/23 08:06,1600819590,1061529400,539290190
2020/9/23 08:05,1600819530,1020589152,580230378
2020/9/23 08:04,1600819470,1624906160,-24086690
2020/9/23 08:03,1600819410,1028569040,572250370
2020/9/23 08:02,1600819350,1632551664,-31732314
2020/9/23 08:01,1600819290,1592195824,8623466
2020/9/23 08:00,1600819230,1520475056,80344174
2020/9/23 07:59,1600819170,1101631688,499187482
2020/9/23 07:58,1600819110,1392905032,207914078
2020/9/23 07:57,1600819050,1069605248,531213802
2020/9/23 07:56,1600818990,1540092680,60726310
2020/9/23 07:55,1600818930,1484333208,116485722
2020/9/23 07:54,1600818870,1418896760,181922110
2020/9/23 07:53,1600818810,1368948208,231870602
2020/9/23 07:52,1600818750,1109105464,491713286
2020/9/23 07:51,1600818690,1115051952,485766738
2020/9/23 07:50,1600818630,950764016,650054614
2020/9/23 07:49,1600818570,1677644704,-76826134
2020/9/23 07:48,1600818510,1589296800,11521710
2020/9/23 07:47,1600818450,1409900968,190917482
2020/9/23 07:46,1600818390,1000196440,600621950
2020/9/23 07:45,1600818330,1706359232,-105540902
2020/9/23 07:44,1600818270,1643783312,-42965042
2020/9/23 07:43,1600818210,1240377400,360440810
2020/9/23 07:42,1600818150,1134339504,466478646
2020/9/23 07:41,1600818090,1012819576,587998514
2020/9/23 07:40,1600818030,1367548496,233269534
2020/9/23 07:39,1600817970,1589307248,11510722
2020/9/23 07:38,1600817910,987649192,613168718
2020/9/23 07:37,1600817850,1473682136,127135714
2020/9/23 07:36,1600817790,1313470416,287347374
2020/9/23 07:35,1600817730,1045389296,555428434
2020/9/23 07:34,1600817670,896185584,704632086
2020/9/23 07:33,1600817610,1349977248,250840362
2020/9/23 07:32,1600817550,963776560,637040990
2020/9/23 07:31,1600817490,1602984816,-2167326
2020/9/23 07:30,1600817430,1637330880,-36513450
2020/9/23 07:29,1600817370,1597186944,3630426
2020/9/23 07:28,1600817310,884035728,716781582
2020/9/23 07:27,1600817250,950595536,650221714
2020/9/23 07:26,1600817190,1316136288,284680902
2020/9/23 07:25,1600817130,1348710272,252106858
2020/9/23 07:24,1600817070,1103306688,497510382
2020/9/23 07:23,1600817010,940663160,660153850
2020/9/23 07:22,1600816950,1511108064,89708886
2020/9/23 07:21,1600816890,1095967360,504849530
2020/9/23 07:20,1600816830,994656784,606160046
2020/9/23 07:19,1600816770,1190755992,410060778
2020/9/23 07:18,1600816710,1149200096,451616614
2020/9/23 07:17,1600816650,914218624,686598026
2020/9/23 07:16,1600816590,1031496712,569319878
2020/9/23 07:15,1600816530,1232310328,368506202
2020/9/23 07:14,1600816470,971270048,629546422
2020/9/23 07:13,1600816410,880325272,720491138
2020/9/23 07:12,1600816350,977177008,623639342
2020/9/23 07:11,1600816290,1208006840,392809450
2020/9/23 07:10,1600816230,1352332224,248484006
2020/9/23 07:09,1600816170,1259785616,341030554
2020/9/23 07:08,1600816110,1211822912,388993198
2020/9/23 07:07,1600816050,1547249832,53566218
2020/9/23 07:06,1600815990,954540592,646275398
2020/9/23 07:05,1600815930,1434145640,166670290
2020/9/23 07:04,1600815870,1228923328,371892542
2020/9/23 07:03,1600815810,1069405232,531410578
2020/9/23 07:02,1600815750,947075080,653740670
2020/9/23 07:01,1600815690,904362272,696453418
2020/9/23 07:00,1600815630,1372234856,228580774
2020/9/23 06:59,1600815570,1131168456,469647114
2020/9/23 06:58,1600815510,1422183160,178632350
2020/9/23 06:57,1600815450,849550912,751264538
2020/9/23 06:56,1600815390,816409008,784406382
2020/9/23 06:55,1600815330,1082226824,518588506
2020/9/23 06:54,1600815270,959630872,641184398
2020/9/23 06:53,1600815210,873348768,727466442
2020/9/23 06:52,1600815150,1603556584,-2741434
2020/9/23 06:51,1600815090,1409657720,191157370
2020/9/23 06:50,1600815030,1563565616,37249414
2020/9/23 06:49,1600814970,1382530816,218284154
2020/9/23 06:48,1600814910,1097335696,503479214
2020/9/23 06:47,1600814850,959304880,641509970
2020/9/23 06:46,1600814790,1202103288,398711502
2020/9/23 06:45,1600814730,1025248432,575566298
2020/9/23 06:44,1600814670,1269078624,331736046
2020/9/23 06:43,1600814610,1398988760,201825850
2020/9/23 06:42,1600814550,1415351472,185463078
2020/9/23 06:41,1600814490,1295906264,304908226
2020/9/23 06:40,1600814430,1252801816,348012614
2020/9/23 06:39,1600814370,959544856,641269514
2020/9/23 06:38,1600814310,1035024984,565789326
2020/9/23 06:37,1600814250,1211792784,389021466
2020/9/23 06:36,1600814190,921780664,679033526
2020/9/23 06:35,1600814130,1317796904,283017226
2020/9/23 06:34,1600814070,841679864,759134206
2020/9/23 06:33,1600814010,1344605128,256208882
2020/9/23 06:32,1600813950,1346395800,254418150
2020/9/23 06:31,1600813890,1113923784,486890106
2020/9/23 06:30,1600813830,981783904,619029926
2020/9/23 06:29,1600813770,1457524944,143288826
2020/9/23 06:28,1600813710,1418069000,182744710
2020/9/23 06:27,1600813650,853930904,746882746
2020/9/23 06:26,1600813590,1367693896,233119694
2020/9/23 06:25,1600813530,1187605000,413208530
2020/9/23 06:24,1600813470,1075358088,525455382
2020/9/23 06:23,1600813410,1031038512,569774898
2020/9/23 06:22,1600813350,1353946840,246866510
2020/9/23 06:21,1600813290,1343908672,256904618
2020/9/23 06:20,1600813230,1134867184,465946046
2020/9/23 06:19,1600813170,1009474304,591338866
2020/9/23 06:18,1600813110,935149752,665663358
2020/9/23 06:17,1600813050,1622546728,-21733678
2020/9/23 06:16,1600812990,1530382592,70430398
2020/9/23 06:15,1600812930,1331333504,269479426
2020/9/23 06:14,1600812870,1188649560,412163310
2020/9/23 06:13,1600812810,874308432,726504378
2020/9/23 06:12,1600812750,1321355296,279457454
2020/9/23 06:11,1600812690,1096329928,504482762
2020/9/23 06:10,1600812630,971921104,628891526
2020/9/23 06:09,1600812570,1506779872,94032698
2020/9/23 06:08,1600812510,1285980224,314832286
2020/9/23 06:07,1600812450,1378144624,222667826
2020/9/23 06:06,1600812390,1307551664,293260726
2020/9/23 06:05,1600812330,1246108320,354704010
2020/9/23 06:04,1600812270,1140920968,459891302
2020/9/23 06:03,1600812210,1350875920,249936290
2020/9/23 06:02,1600812150,1033878552,566933598
2020/9/23 06:01,1600812090,968935576,631876514
2020/9/23 06:00,1600812030,879081480,721730550
2020/9/23 05:59,1600811970,1587108872,13703098
2020/9/23 05:58,1600811910,945739088,655072822
2020/9/23 05:57,1600811850,1283208920,317602930
2020/9/23 05:56,1600811790,1296937600,303874190
2020/9/23 05:55,1600811730,1242125488,358686242
2020/9/23 05:54,1600811670,890640376,710171294
2020/9/23 05:53,1600811610,906231896,694579714
2020/9/23 05:52,1600811550,1222395136,378416414
2020/9/23 05:51,1600811490,1200321440,400490050
2020/9/23 05:50,1600811430,1048490960,552320470
2020/9/23 05:49,1600811370,1037065016,563746354
2020/9/23 05:48,1600811310,844279224,756532086
2020/9/23 05:47,1600811250,918630760,682180490
2020/9/23 05:46,1600811190,1497150448,103660742
2020/9/23 05:45,1600811130,1371843448,228967682
2020/9/23 05:44,1600811070,1309630288,291180782
2020/9/23 05:43,1600811010,1429563400,171247610
2020/9/23 05:42,1600810950,1255051664,345759286
2020/9/23 05:41,1600810890,1051551360,549259530
2020/9/23 05:40,1600810830,1382506384,218304446
2020/9/23 05:39,1600810770,1499108280,101702490
2020/9/23 05:38,1600810710,1415335376,185475334
2020/9/23 05:37,1600810650,1259062600,341748050
2020/9/23 05:36,1600810590,1163085728,437724862
2020/9/23 05:35,1600810530,1109399152,491411378
2020/9/23 05:34,1600810470,998809168,602001302
2020/9/23 05:33,1600810410,1434419976,166390434
2020/9/23 05:32,1600810350,1464359496,136450854
2020/9/23 05:31,1600810290,1566441368,34368922
2020/9/23 05:30,1600810230,1294695072,306115158
2020/9/23 05:29,1600810170,1204584488,396225682
2020/9/23 05:28,1600810110,1151723256,449086854
2020/9/23 05:27,1600810050,1707899016,-107088966
2020/9/23 05:26,1600809990,1545242280,55567710
2020/9/23 05:25,1600809930,1059523320,541286610
2020/9/23 05:24,1600809870,1259889464,340920406
2020/9/23 05:23,1600809810,1117789160,483020650
2020/9/23 05:22,1600809750,958175704,642634046
2020/9/23 05:21,1600809690,1629722128,-28912438
2020/9/23 05:20,1600809630,1576779800,24029830
2020/9/23 05:19,1600809570,1219903168,380906402
2020/9/23 05:18,1600809510,1353396336,247413174
2020/9/23 05:17,1600809450,922049016,678760434
2020/9/23 05:16,1600809390,1091810776,508998614
2020/9/23 05:15,1600809330,1087883616,512925714
2020/9/23 05:14,1600809270,943561824,657247446
2020/9/23 05:13,1600809210,887835272,712973938
2020/9/23 05:12,1600809150,1463575048,137234102
2020/9/23 05:11,1600809090,1302659568,298149522
2020/9/23 05:10,1600809030,1121021632,479787398
2020/9/23 05:09,1600808970,1053370472,547438498
2020/9/23 05:08,1600808910,885083096,715725814
2020/9/23 05:07,1600808850,1191212664,409596186
2020/9/23 05:06,1600808790,1368167720,232641070
2020/9/23 05:05,1600808730,1135584360,465224370
2020/9/23 05:04,1600808670,1370549256,230259414
2020/9/23 05:03,1600808610,1253881096,346927514
2020/9/23 05:02,1600808550,1087007296,513801254
2020/9/23 05:01,1600808490,1095704352,505104138
2020/9/23 05:00,1600808430,1007080664,593727766
2020/9/23 04:59,1600808370,1025017296,575791074
2020/9/23 04:58,1600808310,1012869032,587939278
2020/9/23 04:57,1600808250,1338016200,262792050
2020/9/23 04:56,1600808190,1142985920,457822270
2020/9/23 04:55,1600808130,1074623928,526184202
2020/9/23 04:54,1600808070,1018388168,582419902
2020/9/23 04:53,1600808010,1152696328,448111682
2020/9/23 04:52,1600807950,943534648,657273302
2020/9/23 04:51,1600807890,1007327384,593480506
2020/9/23 04:50,1600807830,1305442776,295365054
2020/9/23 04:49,1600807770,1257335512,343472258
2020/9/23 04:48,1600807710,1126117496,474690214
2020/9/23 04:47,1600807650,1376290576,224517074
2020/9/23 04:46,1600807590,999589296,601218294
2020/9/23 04:45,1600807530,1535462240,65345290
2020/9/23 04:44,1600807470,1415503256,185304214
2020/9/23 04:43,1600807410,1303345832,297461578
2020/9/23 04:42,1600807350,972792464,628014886
2020/9/23 04:41,1600807290,1100379296,500427994
2020/9/23 04:40,1600807230,1157674048,443133182
2020/9/23 04:39,1600807170,1307524160,293283010
2020/9/23 04:38,1600807110,1150205224,450601886
2020/9/23 04:37,1600807050,1238814456,361992594
2020/9/23 04:36,1600806990,883725816,717081174
2020/9/23 04:35,1600806930,1174521712,426285218
2020/9/23 04:34,1600806870,1077275336,523531534
2020/9/23 04:33,1600806810,930730240,670076570
2020/9/23 04:32,1600806750,1325017920,275788830
2020/9/23 04:31,1600806690,1233192864,367613826
2020/9/23 04:30,1600806630,1178157040,422649590
2020/9/23 04:29,1600806570,991582000,609224570
2020/9/23 04:28,1600806510,1036306960,564499550
2020/9/23 04:27,1600806450,1055051344,545755106
2020/9/23 04:26,1600806390,1386918344,213888046
2020/9/23 04:25,1600806330,1324974552,275831778
2020/9/23 04:24,1600806270,1339856696,260949574
2020/9/23 04:23,1600806210,1095323640,505482570
2020/9/23 04:22,1600806150,884886960,715919190
2020/9/23 04:21,1600806090,1141230288,459575802
2020/9/23 04:20,1600806030,975148816,625657214
2020/9/23 04:19,1600805970,1545228792,55577178
2020/9/23 04:18,1600805910,1431136376,169669534
2020/9/23 04:17,1600805850,1204426256,396379594
2020/9/23 04:16,1600805790,1586080280,14725510
2020/9/23 04:15,1600805730,1505453128,95352602
2020/9/23 04:14,1600805670,1386236048,214569622
2020/9/23 04:13,1600805610,1294175600,306630010
2020/9/23 04:12,1600805550,1222149744,378655806
2020/9/23 04:11,1600805490,1170632992,430172498
2020/9/23 04:10,1600805430,1133804424,467001006
2020/9/23 04:09,1600805370,1091381832,509423538
2020/9/23 04:08,1600805310,1260341064,340464246
2020/9/23 04:07,1600805250,1049440712,551364538
2020/9/23 04:06,1600805190,1125519104,475286086
2020/9/23 04:05,1600805130,1152251080,448554050
2020/9/23 04:04,1600805070,1382463688,218341382
2020/9/23 04:03,1600805010,1294241472,306563538
2020/9/23 04:02,1600804950,887058800,713746150
2020/9/23 04:01,1600804890,1106814480,493990410
2020/9/23 04:00,1600804830,1441883416,158921414
2020/9/23 03:59,1600804770,1402191408,198613362
2020/9/23 03:58,1600804710,1317980096,282824614
2020/9/23 03:57,1600804650,1146848856,453955794
2020/9/23 03:56,1600804590,1001232640,599571950
2020/9/23 03:55,1600804530,1504615848,96188682
2020/9/23 03:54,1600804470,1119197064,481607406
2020/9/23 03:53,1600804410,932734744,668069666
2020/9/23 03:52,1600804350,1392162168,208642182
2020/9/23 03:51,1600804290,1019843888,580960402
2020/9/23 03:50,1600804230,1514588984,86215246
2020/9/23 03:49,1600804170,942135472,658668698
2020/9/23 03:48,1600804110,886586848,714217262
2020/9/23 03:47,1600804050,1405459080,195344970
2020/9/23 03:46,1600803990,1351777536,249026454
2020/9/23 03:45,1600803930,1247068632,353735298
2020/9/23 03:44,1600803870,1161764712,439039158
2020/9/23 03:43,1600803810,1103315456,497488354
2020/9/23 03:42,1600803750,905383368,695420382
2020/9/23 03:41,1600803690,1591407992,9395698
2020/9/23 03:40,1600803630,1427369392,173434238
2020/9/23 03:39,1600803570,902449272,698354298
2020/9/23 03:38,1600803510,1204099400,396704110
2020/9/23 03:37,1600803450,1019232256,581571194
2020/9/23 03:36,1600803390,823862920,776940470
2020/9/23 03:35,1600803330,1137686216,463117114
2020/9/23 03:34,1600803270,1290106320,310696950
2020/9/23 03:33,1600803210,946609432,654193778
2020/9/23 03:32,1600803150,1188979096,411824054
2020/9/23 03:31,1600803090,1142095408,458707682
2020/9/23 03:30,1600803030,982466144,618336886
2020/9/23 03:29,1600802970,1482698424,118104546
2020/9/23 03:28,1600802910,1092033872,508769038
2020/9/23 03:27,1600802850,1125723216,475079634
2020/9/23 03:26,1600802790,850156736,750646054
2020/9/23 03:25,1600802730,1006364752,594437978
2020/9/23 03:24,1600802670,1367415472,233387198
2020/9/23 03:23,1600802610,1092900744,507901866
2020/9/23 03:22,1600802550,1451074464,149728086
2020/9/23 03:21,1600802490,1188923144,411879346
2020/9/23 03:20,1600802430,883827872,716974558
2020/9/23 03:19,1600802370,1119674368,481128002
2020/9/23 03:18,1600802310,952541160,648261150
2020/9/23 03:17,1600802250,991068856,609733394
2020/9/23 03:16,1600802190,1218582256,382219934
2020/9/23 03:15,1600802130,1170887840,429914290
2020/9/23 03:14,1600802070,833129600,767672470
2020/9/23 03:13,1600802010,1259448136,341353874
2020/9/23 03:12,1600801950,1028508312,572293638
2020/9/23 03:11,1600801890,1274387400,326414490
2020/9/23 03:10,1600801830,1129422832,471378998
2020/9/23 03:09,1600801770,854447384,746354386
2020/9/23 03:08,1600801710,1067834592,532967118
2020/9/23 03:07,1600801650,1092400608,508401042
2020/9/23 03:06,1600801590,905357848,695443742
2020/9/23 03:05,1600801530,1357162208,243639322
2020/9/23 03:04,1600801470,857100680,743700790
2020/9/23 03:03,1600801410,801750664,799050746
2020/9/23 03:02,1600801350,1291502744,309298606
2020/9/23 03:01,1600801290,1169703872,431097418
2020/9/23 03:00,1600801230,953942552,646858678
2020/9/23 02:59,1600801170,1256100208,344700962
2020/9/23 02:58,1600801110,1029101664,571699446
2020/9/23 02:57,1600801050,1294829840,305971210
2020/9/23 02:56,1600800990,1154097632,446703358
2020/9/23 02:55,1600800930,1057167704,543633226
2020/9/23 02:54,1600800870,937729568,663071302
2020/9/23 02:53,1600800810,1468348400,132452410
2020/9/23 02:52,1600800750,1084483536,516317214
2020/9/23 02:51,1600800690,1398834536,201966154
2020/9/23 02:50,1600800630,1280417216,320383414
2020/9/23 02:49,1600800570,1088564344,512236226
2020/9/23 02:48,1600800510,1021626352,579174158
2020/9/23 02:47,1600800450,1484984648,115815802
2020/9/23 02:46,1600800390,1235916104,364884286
2020/9/23 02:45,1600800330,1126852312,473948018
2020/9/23 02:44,1600800270,1041551672,559248598
2020/9/23 02:43,1600800210,867603760,733196450
2020/9/23 02:42,1600800150,1232749296,368050854
2020/9/23 02:41,1600800090,1125988720,474811370
2020/9/23 02:40,1600800030,1381432344,219367686
2020/9/23 02:39,1600799970,1081733432,519066538
2020/9/23 02:38,1600799910,1231843064,368956846
2020/9/23 02:37,1600799850,1041099032,559700818
2020/9/23 02:36,1600799790,931506960,669292830
2020/9/23 02:35,1600799730,1022895832,577903898
2020/9/23 02:34,1600799670,1387117696,213681974
2020/9/23 02:33,1600799610,896791880,704007730
2020/9/23 02:32,1600799550,978578088,622221462
2020/9/23 02:31,1600799490,1139970552,460828938
2020/9/23 02:30,1600799430,1086883008,513916422
2020/9/23 02:29,1600799370,1211475968,389323402
2020/9/23 02:28,1600799310,1036913888,563885422
2020/9/23 02:27,1600799250,821494408,779304842
2020/9/23 02:26,1600799190,1188689736,412109454
2020/9/23 02:25,1600799130,1009878040,590921090
2020/9/23 02:24,1600799070,1261527728,339271342
2020/9/23 02:23,1600799010,1086084928,514714082
2020/9/23 02:22,1600798950,941167984,659630966
2020/9/23 02:21,1600798890,829345712,771453178
2020/9/23 02:20,1600798830,947841608,652957222
2020/9/23 02:19,1600798770,1043296712,557502058
2020/9/23 02:18,1600798710,1350432688,250366022
2020/9/23 02:17,1600798650,812533848,788264802
2020/9/23 02:16,1600798590,1043901696,556896894
2020/9/23 02:15,1600798530,931043592,669754938
2020/9/23 02:14,1600798470,843426344,757372126
2020/9/23 02:13,1600798410,1300914904,299883506
2020/9/23 02:12,1600798350,1193115152,407683198
2020/9/23 02:11,1600798290,1112207856,488590434
2020/9/23 02:10,1600798230,1079925168,520873062
2020/9/23 02:09,1600798170,795163656,805634514
2020/9/23 02:08,1600798110,940765384,660032726
2020/9/23 02:07,1600798050,1122649608,478148442
2020/9/23 02:06,1600797990,1297780776,303017214
2020/9/23 02:05,1600797930,1167694192,433103738
2020/9/23 02:04,1600797870,1247914368,352883502
2020/9/23 02:03,1600797810,1088199472,512598338
2020/9/23 02:02,1600797750,1264753056,336044694
2020/9/23 02:01,1600797690,1046379320,554418370
2020/9/23 02:00,1600797630,1439166624,161631006
2020/9/23 01:59,1600797570,1195448848,405348722
2020/9/23 01:58,1600797510,1255874848,344922662
2020/9/23 01:57,1600797450,1199815680,400981770
2020/9/23 01:56,1600797390,1313103480,287693910
2020/9/23 01:55,1600797330,1261153072,339644258
2020/9/23 01:54,1600797270,980149040,620648230
2020/9/23 01:53,1600797210,1020531064,580266146
2020/9/23 01:52,1600797150,1289035528,311761622
2020/9/23 01:51,1600797090,951249896,649547194
2020/9/23 01:50,1600797030,813184896,787612134
2020/9/23 01:49,1600796970,1037686360,563110610
2020/9/23 01:48,1600796910,1039005048,561791862
2020/9/23 01:47,1600796850,1369835456,230961394
2020/9/23 01:46,1600796790,1163979224,436817566
2020/9/23 01:45,1600796730,1088660520,512136210
2020/9/23 01:44,1600796670,1129051536,471745134
2020/9/23 01:43,1600796610,1017073224,583723386
2020/9/23 01:42,1600796550,901228912,699567638
2020/9/23 01:41,1600796490,865784728,735011762
2020/9/23 01:40,1600796430,1241219336,359577094
2020/9/23 01:39,1600796370,1024649424,576146946
2020/9/23 01:38,1600796310,893110808,707685502
2020/9/23 01:37,1600796250,1207555816,393240434
2020/9/23 01:36,1600796190,964282400,636513790
2020/9/23 01:35,1600796130,846595856,754200274
2020/9/23 01:34,1600796070,1022694128,578101942
2020/9/23 01:33,1600796010,984616200,616179810
2020/9/23 01:32,1600795950,1310913760,289882190
2020/9/23 01:31,1600795890,1168412392,432383498
2020/9/23 01:30,1600795830,1128253552,472542278
2020/9/23 01:29,1600795770,1080051672,520744098
2020/9/23 01:28,1600795710,957133160,643662550
2020/9/23 01:27,1600795650,1469267288,131528362
2020/9/23 01:26,1600795590,1022464792,578330798
2020/9/23 01:25,1600795530,941634336,659161194
2020/9/23 01:24,1600795470,904472632,696322838
2020/9/23 01:23,1600795410,823784480,777010930
2020/9/23 01:22,1600795350,1434442712,166352638
2020/9/23 01:21,1600795290,1375554064,225241226
2020/9/23 01:20,1600795230,847379104,753416126
2020/9/23 01:19,1600795170,789827344,810967826
2020/9/23 01:18,1600795110,1214627608,386167502
2020/9/23 01:17,1600795050,768283992,832511058
2020/9/23 01:16,1600794990,1050293256,550501734
2020/9/23 01:15,1600794930,861274624,739520306
2020/9/23 01:14,1600794870,1293799816,306995054
2020/9/23 01:13,1600794810,835647800,765147010
2020/9/23 01:12,1600794750,974004664,626790086
2020/9/23 01:11,1600794690,782268248,818526442
2020/9/23 01:10,1600794630,988044672,612749958
2020/9/23 01:09,1600794570,911164264,689630306
2020/9/23 01:08,1600794510,852228184,748566326
2020/9/23 01:07,1600794450,740035608,860758842
2020/9/23 01:06,1600794390,733265560,867528830
2020/9/23 01:05,1600794330,1297472392,303321938
2020/9/23 01:04,1600794270,1125117480,475676790
2020/9/23 01:03,1600794210,1225170968,375623242
2020/9/23 01:02,1600794150,1184988512,415805638
2020/9/23 01:01,1600794090,1005387208,595406882
2020/9/23 01:00,1600794030,937548392,663245638
2020/9/23 00:59,1600793970,1546779536,54014434
2020/9/23 00:58,1600793910,1527507776,73286134
2020/9/23 00:57,1600793850,1155428488,445365362
2020/9/23 00:56,1600793790,1107770560,493023230
2020/9/23 00:55,1600793730,934786688,666007042
2020/9/23 00:54,1600793670,803283504,797510166
2020/9/23 00:53,1600793610,1285596488,315197122
2020/9/23 00:52,1600793550,1161913336,438880214
2020/9/23 00:51,1600793490,1092368056,508425434
2020/9/23 00:50,1600793430,1015352728,585440702
2020/9/23 00:49,1600793370,936509160,664284210
2020/9/23 00:48,1600793310,831145912,769647398
2020/9/23 00:47,1600793250,963570552,637222698
2020/9/23 00:46,1600793190,1167578680,433214510
2020/9/23 00:45,1600793130,1127571536,473221594
2020/9/23 00:44,1600793070,877221872,723571198
2020/9/23 00:43,1600793010,910297528,690495482
2020/9/23 00:42,1600792950,1412622352,188170598
2020/9/23 00:41,1600792890,1174128376,426664514
2020/9/23 00:40,1600792830,1108634528,492158302
2020/9/23 00:39,1600792770,955398728,645394042
2020/9/23 00:38,1600792710,1038634592,562158118
2020/9/23 00:37,1600792650,918900512,681892138
2020/9/23 00:36,1600792590,1221137976,379654614
2020/9/23 00:35,1600792530,911372840,689419690
2020/9/23 00:34,1600792470,814615816,786176654
2020/9/23 00:33,1600792410,1239761336,361031074
2020/9/23 00:32,1600792350,857549520,743242830
2020/9/23 00:31,1600792290,1346775320,254016970
2020/9/23 00:30,1600792230,1383813592,216978638
2020/9/23 00:29,1600792170,1290132184,310659986
2020/9/23 00:28,1600792110,1013393360,587398750
2020/9/23 00:27,1600792050,1351077360,249714690
2020/9/23 00:26,1600791990,1219568288,381223702
2020/9/23 00:25,1600791930,1031531096,569260834
2020/9/23 00:24,1600791870,1045915880,554875990
2020/9/23 00:23,1600791810,955457984,645333826
2020/9/23 00:22,1600791750,1002869184,597922566
2020/9/23 00:21,1600791690,1316488816,284302874
2020/9/23 00:20,1600791630,878334456,722457174
2020/9/23 00:19,1600791570,1278105224,322686346
2020/9/23 00:18,1600791510,1405722200,195069310
2020/9/23 00:17,1600791450,977412016,623379434
2020/9/23 00:16,1600791390,1505614112,95177278
2020/9/23 00:15,1600791330,1360018992,240772338
2020/9/23 00:14,1600791270,1058626424,542164846
2020/9/23 00:13,1600791210,1235639944,365151266
2020/9/23 00:12,1600791150,858447224,742343926
2020/9/23 00:11,1600791090,951524392,649266698
2020/9/23 00:10,1600791030,836071952,764719078
2020/9/23 00:09,1600790970,1031757704,569033266
2020/9/23 00:08,1600790910,1094640200,506150710
2020/9/23 00:07,1600790850,809077224,791713626
2020/9/23 00:06,1600790790,898113560,702677230
2020/9/23 00:05,1600790730,807762384,793028346
2020/9/23 00:04,1600790670,955375408,645415262
2020/9/23 00:03,1600790610,1058450432,542340178
2020/9/23 00:02,1600790550,889608776,711181774
2020/9/23 00:01,1600790490,1158322352,442468138
2020/9/23 00:00,1600790430,1117497984,483292446
2020/9/22 23:59,1600790370,883375928,717414442
2020/9/22 23:58,1600790310,1372367048,228423262
2020/9/22 23:57,1600790250,1432944984,167845266
2020/9/22 23:56,1600790190,1074560184,526230006
2020/9/22 23:55,1600790130,841547856,759242274
2020/9/22 23:54,1600790070,1242527288,358262782
2020/9/22 23:53,1600790010,1049006448,551783562
2020/9/22 23:52,1600789950,777073856,823716094
2020/9/22 23:51,1600789890,1007778000,593011890
2020/9/22 23:50,1600789830,922281344,678508486
2020/9/22 23:49,1600789770,1200867296,399922474
2020/9/22 23:48,1600789710,974675024,626114686
2020/9/22 23:47,1600789650,790508696,810280954
2020/9/22 23:46,1600789590,1195844328,404945262
2020/9/22 23:45,1600789530,1096101760,504687770
2020/9/22 23:44,1600789470,1042059528,558729942
2020/9/22 23:43,1600789410,751674832,849114578
2020/9/22 23:42,1600789350,1442158072,158631278
2020/9/22 23:41,1600789290,1375580888,225208402
2020/9/22 23:40,1600789230,1324426936,276362294
2020/9/22 23:39,1600789170,1236046080,364743090
2020/9/22 23:38,1600789110,1284426960,316362150
2020/9/22 23:37,1600789050,1387845536,212943514
2020/9/22 23:36,1600788990,993011584,607777406
2020/9/22 23:35,1600788930,902364184,698424746
2020/9/22 23:34,1600788870,863322496,737466374
2020/9/22 23:33,1600788810,821405280,779383530
2020/9/22 23:32,1600788751,748172696,852616055
2020/9/22 23:31,1600788690,919088600,681700090
2020/9/22 23:30,1600788630,850405056,750383574
2020/9/22 23:29,1600788570,1017002048,583786522
2020/9/22 23:28,1600788510,1271895000,328893510
2020/9/22 23:27,1600788450,918311344,682477106
2020/9/22 23:26,1600788390,980543240,620245150
2020/9/22 23:25,1600788330,895460944,705327386
2020/9/22 23:24,1600788270,1291479808,309308462
2020/9/22 23:23,1600788210,743270152,857518058
2020/9/22 23:22,1600788150,1317417008,283371142
2020/9/22 23:21,1600788090,1139154632,461633458
2020/9/22 23:20,1600788030,1209173472,391614558
2020/9/22 23:19,1600787970,833948632,766839338
2020/9/22 23:18,1600787910,1169626256,431161654
2020/9/22 23:17,1600787850,821922000,778865850
2020/9/22 23:16,1600787790,1151573064,449214726
2020/9/22 23:15,1600787730,993737384,607050346
2020/9/22 23:14,1600787670,1024220960,576566710
2020/9/22 23:13,1600787610,918801568,681986042
2020/9/22 23:12,1600787550,803392672,797394878
2020/9/22 23:11,1600787490,1219620224,381167266
2020/9/22 23:10,1600787430,852547824,748239606
2020/9/22 23:09,1600787370,1071215816,529571554
2020/9/22 23:08,1600787310,984555488,616231822
2020/9/22 23:07,1600787250,967155040,633632210
2020/9/22 23:06,1600787190,1388092672,212694518
2020/9/22 23:05,1600787130,894847152,705939978
2020/9/22 23:04,1600787070,1052827072,547959998
2020/9/22 23:03,1600787010,1089336936,511450074
2020/9/22 23:02,1600786950,1225248736,375538214
2020/9/22 23:01,1600786890,1138210664,462576226
2020/9/22 23:00,1600786830,796208792,804578038
2020/9/22 22:59,1600786770,1362928360,237858410
2020/9/22 22:58,1600786710,851040000,749746710
2020/9/22 22:57,1600786650,1212686744,388099906
2020/9/22 22:56,1600786590,785688632,815097958
2020/9/22 22:55,1600786530,1287481248,313305282
2020/9/22 22:54,1600786470,1075426704,525359766
2020/9/22 22:53,1600786410,1206767584,394018826
2020/9/22 22:52,1600786350,764101696,836684654
2020/9/22 22:51,1600786290,1038698872,562087418
2020/9/22 22:50,1600786230,825114656,775671574
2020/9/22 22:49,1600786170,1010307936,590478234
2020/9/22 22:48,1600786110,1348976728,251809382
2020/9/22 22:47,1600786050,1491142752,109643298
2020/9/22 22:46,1600785990,1243301448,357484542
2020/9/22 22:45,1600785930,819136928,781649002
2020/9/22 22:44,1600785870,965198696,635587174
2020/9/22 22:43,1600785810,777386400,823399410
2020/9/22 22:42,1600785750,1020417416,580368334
2020/9/22 22:41,1600785690,918721032,682064658
2020/9/22 22:40,1600785630,820092520,780693110
2020/9/22 22:39,1600785570,1024842368,575943202
2020/9/22 22:38,1600785510,1234329688,366455822
2020/9/22 22:37,1600785450,900092464,700692986
2020/9/22 22:36,1600785390,1331632336,269153054
2020/9/22 22:35,1600785330,964651832,636133498
2020/9/22 22:34,1600785270,1240494176,360291094
2020/9/22 22:33,1600785210,1055104016,545681194
2020/9/22 22:32,1600785150,988789448,611995702
2020/9/22 22:31,1600785090,828998856,771786234
2020/9/22 22:30,1600785030,1352118032,248666998
2020/9/22 22:29,1600784970,1458820016,141964954
2020/9/22 22:28,1600784910,1280547192,320237718
2020/9/22 22:27,1600784850,1271906552,328878298
2020/9/22 22:26,1600784790,939037488,661747302
2020/9/22 22:25,1600784730,853697888,747086842
2020/9/22 22:24,1600784670,1104727816,496056854
2020/9/22 22:23,1600784610,1063937584,536847026
2020/9/22 22:22,1600784550,965526864,635257686
2020/9/22 22:21,1600784490,909158608,691625882
2020/9/22 22:20,1600784430,800291600,800492830
2020/9/22 22:19,1600784370,1249766800,351017570
2020/9/22 22:18,1600784310,1198644736,402139574
2020/9/22 22:17,1600784250,772002760,828781490
2020/9/22 22:16,1600784190,1234960424,365823766
2020/9/22 22:15,1600784130,1190955824,409828306
2020/9/22 22:14,1600784070,1067253328,533530742
2020/9/22 22:13,1600784010,914219728,686564282
2020/9/22 22:12,1600783950,976825496,623958454
2020/9/22 22:11,1600783890,837412120,763371770
2020/9/22 22:10,1600783830,891353456,709430374
2020/9/22 22:09,1600783770,715729528,885054242
2020/9/22 22:08,1600783710,1203979840,396803870
2020/9/22 22:07,1600783650,951363000,649420650
2020/9/22 22:06,1600783590,1357777664,243005926
2020/9/22 22:05,1600783530,1055078544,545704986
2020/9/22 22:04,1600783470,1470249392,130534078
2020/9/22 22:03,1600783410,1096159352,504624058
2020/9/22 22:02,1600783350,818462664,782320686
2020/9/22 22:01,1600783290,1023867464,576915826
2020/9/22 22:00,1600783230,796306112,804477118
2020/9/22 21:59,1600783170,1085885968,514897202
2020/9/22 21:58,1600783110,1050576952,550206158
2020/9/22 21:57,1600783050,1117132384,483650666
2020/9/22 21:56,1600782990,883893904,716889086
2020/9/22 21:55,1600782930,1210062936,390719994
2020/9/22 21:54,1600782870,1134307856,466475014
2020/9/22 21:53,1600782810,1064546808,536236002
2020/9/22 21:52,1600782750,970669248,630113502
2020/9/22 21:51,1600782690,1142349432,458433258
2020/9/22 21:50,1600782630,997004160,603778470
2020/9/22 21:49,1600782570,847764040,753018530
2020/9/22 21:48,1600782510,1187485008,413297502
2020/9/22 21:47,1600782450,988422952,612359498
2020/9/22 21:46,1600782390,887323336,713459054
2020/9/22 21:45,1600782330,781634232,819148098
2020/9/22 21:44,1600782270,1135734824,465047446
2020/9/22 21:43,1600782210,1091378928,509403282
2020/9/22 21:42,1600782150,1384763880,216018270
2020/9/22 21:41,1600782090,1423117136,177664954
2020/9/22 21:40,1600782030,1358418536,242363494
2020/9/22 21:39,1600781970,1509035344,91746626
2020/9/22 21:38,1600781910,1377559784,223222126
2020/9/22 21:37,1600781850,903584016,697197834
2020/9/22 21:36,1600781790,1145496472,455285318
2020/9/22 21:35,1600781730,1032244496,568537234
2020/9/22 21:34,1600781670,988570568,612211102
2020/9/22 21:33,1600781610,907175240,693606370
2020/9/22 21:32,1600781550,1230312808,370468742
2020/9/22 21:31,1600781490,1178650952,422130538
2020/9/22 21:30,1600781430,1174564656,426216774
2020/9/22 21:29,1600781370,1126025280,474756090
2020/9/22 21:28,1600781310,1020836136,579945174
2020/9/22 21:27,1600781250,842325368,758455882
2020/9/22 21:26,1600781190,1280671256,320109934
2020/9/22 21:25,1600781130,1261155688,339625442
2020/9/22 21:24,1600781070,1155634504,445146566
2020/9/22 21:23,1600781010,1063880464,536900546
2020/9/22 21:22,1600780950,1156081720,444699230
2020/9/22 21:21,1600780890,972269680,628511210
2020/9/22 21:20,1600780830,1109033944,491746886
2020/9/22 21:19,1600780770,1012066584,588714186
2020/9/22 21:18,1600780710,1024360432,576420278
2020/9/22 21:17,1600780650,1279291728,321488922
2020/9/22 21:16,1600780590,949492696,651287894
2020/9/22 21:15,1600780530,956244136,644536394
2020/9/22 21:14,1600780470,934853664,665926806
2020/9/22 21:13,1600780410,834210808,766569602
2020/9/22 21:12,1600780350,750237320,850543030
2020/9/22 21:11,1600780290,1267420720,333359570
2020/9/22 21:10,1600780230,1206144256,394635974
2020/9/22 21:09,1600780170,963956744,636823426
2020/9/22 21:08,1600780110,879138760,721641350
2020/9/22 21:07,1600780050,1405363464,195416586
2020/9/22 21:06,1600779990,1073591504,527188486
2020/9/22 21:05,1600779930,1059189000,541590930
2020/9/22 21:04,1600779870,887191872,713587998
2020/9/22 21:03,1600779810,810212368,790567442
2020/9/22 21:02,1600779750,713134864,887644886
2020/9/22 21:01,1600779690,1048844624,551935066
2020/9/22 21:00,1600779630,697740704,903038926
2020/9/22 20:59,1600779570,1074728584,526050986
2020/9/22 20:58,1600779510,787243912,813535598
2020/9/22 20:57,1600779450,1037733688,563045762
2020/9/22 20:56,1600779390,886456896,714322494
2020/9/22 20:55,1600779330,1212934144,387845186
2020/9/22 20:54,1600779270,1202340800,398438470
2020/9/22 20:53,1600779210,1121608840,479170370
2020/9/22 20:52,1600779150,976483720,624295430
2020/9/22 20:51,1600779090,836104576,764674514
2020/9/22 20:50,1600779030,1172739368,428039662
2020/9/22 20:49,1600778970,1086116656,514662314
2020/9/22 20:48,1600778910,920338280,680440630
2020/9/22 20:47,1600778850,771019416,829759434
2020/9/22 20:46,1600778790,1066384128,534394662
2020/9/22 20:45,1600778730,954352368,646426362
2020/9/22 20:44,1600778670,902309232,698469438
2020/9/22 20:43,1600778610,810357136,790421474
2020/9/22 20:42,1600778550,831315056,769463494
2020/9/22 20:41,1600778490,1408498992,192279498
2020/9/22 20:40,1600778430,751971240,848807190
2020/9/22 20:39,1600778370,991907552,608870818
2020/9/22 20:38,1600778310,832057416,768720894
2020/9/22 20:37,1600778250,1444079744,156698506
2020/9/22 20:36,1600778190,945678528,655099662
2020/9/22 20:35,1600778130,792135592,808642538
2020/9/22 20:34,1600778070,791110712,809667358
2020/9/22 20:33,1600778010,1090269192,510508818
2020/9/22 20:32,1600777950,988043304,612734646
2020/9/22 20:31,1600777890,940744248,660033642
2020/9/22 20:30,1600777830,826256560,774521270
2020/9/22 20:29,1600777770,708954568,891823202
2020/9/22 20:28,1600777710,870000992,730776718
2020/9/22 20:27,1600777650,1029949232,570828418
2020/9/22 20:26,1600777590,744464552,856313038
2020/9/22 20:25,1600777530,1142050248,458727282
2020/9/22 20:24,1600777470,840580992,760196478
2020/9/22 20:23,1600777410,800492928,800284482
2020/9/22 20:22,1600777350,729395640,871381710
2020/9/22 20:21,1600777290,943740976,657036314
2020/9/22 20:20,1600777230,1077224576,523552654
2020/9/22 20:19,1600777170,794240976,806536194
2020/9/22 20:18,1600777110,1099750040,501027070
2020/9/22 20:17,1600777050,1025617744,575159306
2020/9/22 20:16,1600776990,906182624,694594366
2020/9/22 20:15,1600776930,839429992,761346938
2020/9/22 20:14,1600776870,976984648,623792222
2020/9/22 20:13,1600776810,860361592,740415218
2020/9/22 20:12,1600776750,1046075048,554701702
2020/9/22 20:11,1600776690,838064528,762712162
2020/9/22 20:10,1600776630,811169368,789607262
2020/9/22 20:09,1600776570,1100805544,499971026
2020/9/22 20:08,1600776510,1158420264,442356246
2020/9/22 20:07,1600776450,1034862512,565913938
2020/9/22 20:06,1600776390,757768920,843007470
2020/9/22 20:05,1600776330,1289080168,311696162
2020/9/22 20:04,1600776270,1252790024,347986246
2020/9/22 20:03,1600776210,1166019912,434756298
2020/9/22 20:02,1600776150,1032830432,567945718
2020/9/22 20:01,1600776090,976199520,624576570
2020/9/22 20:00,1600776030,916095208,684680822
2020/9/22 19:59,1600775970,1139343536,461432434
2020/9/22 19:58,1600775910,987602808,613173102
2020/9/22 19:57,1600775850,751102288,849673562
2020/9/22 19:56,1600775790,944376184,656399606
2020/9/22 19:55,1600775730,901950296,698825434
2020/9/22 19:54,1600775670,747577536,853198134
2020/9/22 19:53,1600775610,1095963128,504812482
2020/9/22 19:52,1600775550,1043399376,557376174
2020/9/22 19:51,1600775490,936359264,664416226
2020/9/22 19:50,1600775430,894825856,705949574
2020/9/22 19:49,1600775370,846503224,754272146
2020/9/22 19:48,1600775310,954109928,646665382
2020/9/22 19:47,1600775250,1042995000,557780250
2020/9/22 19:46,1600775190,1157903240,442871950
2020/9/22 19:45,1600775130,1044866944,555908186
2020/9/22 19:44,1600775070,1111863832,488911238
2020/9/22 19:43,1600775011,960809016,639965995
2020/9/22 19:42,1600774950,971104192,629670758
2020/9/22 19:41,1600774890,901748232,699026658
2020/9/22 19:40,1600774830,937594160,663180670
2020/9/22 19:39,1600774770,876692920,724081850
2020/9/22 19:38,1600774710,985022888,615751822
2020/9/22 19:37,1600774650,808413672,792360978
2020/9/22 19:36,1600774590,942135832,658638758
2020/9/22 19:35,1600774530,1309003976,291770554
2020/9/22 19:34,1600774470,948169960,652604510
2020/9/22 19:33,1600774410,905800936,694973474
2020/9/22 19:32,1600774350,780316808,820457542
2020/9/22 19:31,1600774290,1285613184,315161106
2020/9/22 19:30,1600774230,1241821920,358952310
2020/9/22 19:29,1600774170,1199773736,401000434
2020/9/22 19:28,1600774110,1158064216,442709894
2020/9/22 19:27,1600774050,856753784,744020266
2020/9/22 19:26,1600773990,1479114160,121659830
2020/9/22 19:25,1600773930,1453141368,147632562
2020/9/22 19:24,1600773870,1388930232,211843638
2020/9/22 19:23,1600773810,1328695936,272077874
2020/9/22 19:22,1600773750,1002443904,598329846
2020/9/22 19:21,1600773690,983819928,616953762
2020/9/22 19:20,1600773630,841685056,759088574
2020/9/22 19:19,1600773570,768148144,832625426
2020/9/22 19:18,1600773510,1102254560,498518950
2020/9/22 19:17,1600773450,817935112,782838338
2020/9/22 19:16,1600773390,1101464992,499308398
2020/9/22 19:15,1600773330,721915760,878857570
2020/9/22 19:14,1600773270,1018466040,582307230
2020/9/22 19:13,1600773210,958301664,642471546
2020/9/22 19:12,1600773150,859668232,741104918
2020/9/22 19:11,1600773090,1210553144,390219946
2020/9/22 19:10,1600773030,981190416,619582614
2020/9/22 19:09,1600772970,922439832,678333138
2020/9/22 19:08,1600772910,1004502288,596270622
2020/9/22 19:07,1600772850,898536016,702236834
2020/9/22 19:06,1600772790,1238371352,362401438
2020/9/22 19:05,1600772730,728095952,872676778
2020/9/22 19:04,1600772670,932548296,668224374
2020/9/22 19:03,1600772610,1121564000,479208610
2020/9/22 19:02,1600772550,1343956808,256815742
2020/9/22 19:01,1600772490,1264487704,336284786
2020/9/22 19:00,1600772430,991491824,609280606
2020/9/22 18:59,1600772370,793058424,807713946
2020/9/22 18:58,1600772310,1400416792,200355518
2020/9/22 18:57,1600772250,1152271112,448501138
2020/9/22 18:56,1600772190,1043904296,556867894
2020/9/22 18:55,1600772130,878928984,721843146
2020/9/22 18:54,1600772070,1224871400,375900670
2020/9/22 18:53,1600772010,1087500296,513271714
2020/9/22 18:52,1600771950,850857984,749913966
2020/9/22 18:51,1600771890,1087284488,513487402
2020/9/22 18:50,1600771830,933937144,666834686
2020/9/22 18:49,1600771770,991321592,609450178
2020/9/22 18:48,1600771710,1472307936,128463774
2020/9/22 18:47,1600771650,1232821640,367950010
2020/9/22 18:46,1600771590,998310784,602460806
2020/9/22 18:45,1600771530,901604240,699167290
2020/9/22 18:44,1600771470,880313800,720457670
2020/9/22 18:43,1600771410,741433256,859338154
2020/9/22 18:42,1600771350,967972224,632799126
2020/9/22 18:41,1600771290,1072768792,528002498
2020/9/22 18:40,1600771230,949025568,651745662
2020/9/22 18:39,1600771170,864597256,736173914
2020/9/22 18:38,1600771110,966749776,634021334
2020/9/22 18:37,1600771050,1238280352,362490698
2020/9/22 18:36,1600770990,1076957248,523813742
2020/9/22 18:35,1600770930,1009548912,591222018
2020/9/22 18:34,1600770870,1100441624,500329246
2020/9/22 18:33,1600770810,1056986288,543784522
2020/9/22 18:32,1600770750,1014847832,585922918
2020/9/22 18:31,1600770690,924568592,676202098
2020/9/22 18:30,1600770630,1313792728,286977902
2020/9/22 18:29,1600770570,1374866864,225903706
2020/9/22 18:28,1600770510,1334433696,266336814
2020/9/22 18:27,1600770450,1151442208,449328242
2020/9/22 18:26,1600770390,1045843152,554927238
2020/9/22 18:25,1600770330,978277784,622492546
2020/9/22 18:24,1600770270,957607712,643162558
2020/9/22 18:23,1600770210,807278968,793491242
2020/9/22 18:22,1600770150,1063345056,537425094
2020/9/22 18:21,1600770090,818862568,781907522
2020/9/22 18:20,1600770030,1106376568,494393462
2020/9/22 18:19,1600769970,1014237256,586532714
2020/9/22 18:18,1600769910,941007392,659762518
2020/9/22 18:17,1600769850,768006968,832762882
2020/9/22 18:16,1600769790,1126211768,474558022
2020/9/22 18:15,1600769730,1005895688,594874042
2020/9/22 18:14,1600769670,866153152,734616518
2020/9/22 18:13,1600769610,692008312,908761298
2020/9/22 18:12,1600769550,1027856536,572913014
2020/9/22 18:11,1600769490,956342176,644427314
2020/9/22 18:10,1600769430,815825248,784944182
2020/9/22 18:09,1600769370,994725728,606043642
2020/9/22 18:08,1600769310,910555400,690213910
2020/9/22 18:07,1600769250,817818192,782951058
2020/9/22 18:06,1600769190,1088813672,511955518
2020/9/22 18:05,1600769130,1027543904,573225226
2020/9/22 18:04,1600769070,812287568,788481502
2020/9/22 18:03,1600769010,943715176,657053834
2020/9/22 18:02,1600768950,681943704,918825246
2020/9/22 18:01,1600768890,1077986544,522782346
2020/9/22 18:00,1600768830,970022616,630746214
2020/9/22 17:59,1600768770,861092768,739676002
2020/9/22 17:58,1600768710,1197718568,403050142
2020/9/22 17:57,1600768650,1033974640,566794010
2020/9/22 17:56,1600768590,1048856856,551911734
2020/9/22 17:55,1600768530,903587672,697180858
2020/9/22 17:54,1600768470,691713808,909054662
2020/9/22 17:53,1600768410,808596776,792171634
2020/9/22 17:52,1600768350,744026248,856742102
2020/9/22 17:51,1600768290,1178568720,422199570
2020/9/22 17:50,1600768230,1138877736,461890494
2020/9/22 17:49,1600768170,1000895792,599872378
2020/9/22 17:48,1600768110,936934592,663833518
2020/9/22 17:47,1600768050,791395328,809372722
2020/9/22 17:46,1600767990,810662104,790105886
2020/9/22 17:45,1600767930,843549872,757218058
2020/9/22 17:44,1600767870,769662800,831105070
2020/9/22 17:43,1600767810,1369926400,230841410
2020/9/22 17:42,1600767750,1265143024,335624726
2020/9/22 17:41,1600767690,1158573416,442194274
2020/9/22 17:40,1600767630,1109746600,491021030
2020/9/22 17:39,1600767570,1038672000,562095570
2020/9/22 17:38,1600767510,945724216,655043294
2020/9/22 17:37,1600767450,791750656,809016794
2020/9/22 17:36,1600767390,1344990368,255777022
2020/9/22 17:35,1600767330,1308051528,292715802
2020/9/22 17:34,1600767270,1156810816,443956454
2020/9/22 17:33,1600767210,1074012392,526754818
2020/9/22 17:32,1600767150,1027107224,573659926
2020/9/22 17:31,1600767090,933476656,667290434
2020/9/22 17:30,1600767030,1093365784,507401246
2020/9/22 17:29,1600766970,888706336,712060634
2020/9/22 17:28,1600766910,738975496,861791414
2020/9/22 17:27,1600766850,1254221888,346544962
2020/9/22 17:26,1600766790,988582200,612184590
2020/9/22 17:25,1600766730,931446704,669320026
2020/9/22 17:24,1600766670,881908776,718857894
2020/9/22 17:23,1600766610,1045748040,555018570
2020/9/22 17:22,1600766550,896345328,704421222
2020/9/22 17:21,1600766490,659079192,941687298
2020/9/22 17:20,1600766430,974814096,625952334
2020/9/22 17:19,1600766370,926280496,674485874
2020/9/22 17:18,1600766310,750369824,850396486
2020/9/22 17:17,1600766250,985721688,615044562
2020/9/22 17:16,1600766190,872960224,727805966
2020/9/22 17:15,1600766130,807671080,793095050
2020/9/22 17:14,1600766070,1094848120,505917950
2020/9/22 17:13,1600766010,765078776,835687234
2020/9/22 17:12,1600765950,1292953800,307812150
2020/9/22 17:11,1600765890,1176945712,423820178
2020/9/22 17:10,1600765830,827005600,773760230
2020/9/22 17:09,1600765770,758784952,841980818
2020/9/22 17:08,1600765710,1239478672,361287038
2020/9/22 17:07,1600765650,1114988672,485776978
2020/9/22 17:06,1600765590,847840408,752925182
2020/9/22 17:05,1600765530,824047384,776718146
2020/9/22 17:04,1600765470,774939680,825825790
2020/9/22 17:03,1600765410,681516152,919249258
2020/9/22 17:02,1600765350,1236504792,364260558
2020/9/22 17:01,1600765290,1053106288,547659002
2020/9/22 17:00,1600765230,993534208,607231022
2020/9/22 16:59,1600765170,907876472,692888698
2020/9/22 16:58,1600765110,695597344,905167766
2020/9/22 16:57,1600765050,1158599376,442165674
2020/9/22 16:56,1600764990,1001580552,599184438
2020/9/22 16:55,1600764930,932270360,668494570
2020/9/22 16:54,1600764870,731003296,869761574
2020/9/22 16:53,1600764810,1266042120,334722690
2020/9/22 16:52,1600764750,1067194152,533570598
2020/9/22 16:51,1600764690,918257840,682506850
2020/9/22 16:50,1600764630,903582352,697182278
2020/9/22 16:49,1600764570,948904416,651860154
2020/9/22 16:48,1600764510,824743712,776020798
2020/9/22 16:47,1600764450,694486104,906278346
2020/9/22 16:46,1600764390,1076673488,524090902
2020/9/22 16:45,1600764330,961465992,639298338
2020/9/22 16:44,1600764270,786851616,813912654
2020/9/22 16:43,1600764210,841798408,758965802
2020/9/22 16:42,1600764150,1012690624,588073526
2020/9/22 16:41,1600764090,679553992,921210098
2020/9/22 16:40,1600764030,1044275952,556488078
2020/9/22 16:39,1600763970,822544832,778219138
2020/9/22 16:38,1600763910,1051514512,549249398
2020/9/22 16:37,1600763850,1138720272,462043578
2020/9/22 16:36,1600763790,952408576,648355214
2020/9/22 16:35,1600763730,714834200,885929530
2020/9/22 16:34,1600763670,957870552,642893118
2020/9/22 16:33,1600763610,799477992,801285618
2020/9/22 16:32,1600763550,877588144,723175406
2020/9/22 16:31,1600763490,808576840,792186650
2020/9/22 16:30,1600763430,1019375992,581387438
2020/9/22 16:29,1600763370,706868720,893894650
2020/9/22 16:28,1600763310,939557080,661206230
2020/9/22 16:27,1600763250,1016639800,584123450
2020/9/22 16:26,1600763190,827098184,773665006
2020/9/22 16:25,1600763130,701298520,899464610
2020/9/22 16:24,1600763070,987016448,613746622
2020/9/22 16:23,1600763010,895888440,704874570
2020/9/22 16:22,1600762950,937986056,662776894
2020/9/22 16:21,1600762890,719753904,881008986
2020/9/22 16:20,1600762830,756598696,844164134
2020/9/22 16:19,1600762770,713067504,887695266
2020/9/22 16:18,1600762710,1014154168,586608542
2020/9/22 16:17,1600762650,778952296,821810354
2020/9/22 16:16,1600762590,803828528,796934062
2020/9/22 16:15,1600762530,1198902792,401859738
2020/9/22 16:14,1600762470,1138434392,462328078
2020/9/22 16:13,1600762410,910525072,690237338
2020/9/22 16:12,1600762350,858562960,742199390
2020/9/22 16:11,1600762290,780242568,820519722
2020/9/22 16:10,1600762230,810065776,790696454
2020/9/22 16:09,1600762170,668340664,932421506
2020/9/22 16:08,1600762110,935975136,664786974
2020/9/22 16:07,1600762050,976768656,623993394
2020/9/22 16:06,1600761990,1032761992,567999998
2020/9/22 16:05,1600761930,1081369176,519392754
2020/9/22 16:04,1600761870,883031976,717729894
2020/9/22 16:03,1600761810,774453936,826307874
2020/9/22 16:02,1600761750,1028876408,571885342
2020/9/22 16:01,1600761690,798892176,801869514
2020/9/22 16:00,1600761630,919035024,681726606
2020/9/22 15:59,1600761570,914576200,686185370
2020/9/22 15:58,1600761510,1220758696,380002814
2020/9/22 15:57,1600761450,968066152,632695298
2020/9/22 15:56,1600761390,837792048,762969342
2020/9/22 15:55,1600761330,905502720,695258610
2020/9/22 15:54,1600761270,834999432,765761838
2020/9/22 15:53,1600761210,984149512,616611698
2020/9/22 15:52,1600761150,839820904,760940246
2020/9/22 15:51,1600761090,1217241392,383519698
2020/9/22 15:50,1600761030,1084611344,516149686
2020/9/22 15:49,1600760970,774392728,826368242
2020/9/22 15:48,1600760910,1103615480,497145430
2020/9/22 15:47,1600760850,874105928,726654922
2020/9/22 15:46,1600760790,722782960,877977830
2020/9/22 15:45,1600760730,1034817496,565943234
2020/9/22 15:44,1600760670,885674080,715086590
2020/9/22 15:43,1600760610,877429656,723330954
2020/9/22 15:42,1600760550,1248659128,352101422
2020/9/22 15:41,1600760490,1038228472,562532018
2020/9/22 15:40,1600760430,834850120,765910310
2020/9/22 15:39,1600760370,1316045072,284715298
2020/9/22 15:38,1600760310,757348440,843411870
2020/9/22 15:37,1600760250,752053880,848706370
2020/9/22 15:36,1600760190,764317760,836442430
2020/9/22 15:35,1600760130,1272476264,328283866
2020/9/22 15:34,1600760070,1060251864,540508206
2020/9/22 15:33,1600760010,884263344,716496666
2020/9/22 15:32,1600759950,1253936856,346823094
2020/9/22 15:31,1600759890,888714736,712045154
2020/9/22 15:30,1600759830,806535512,794224318
2020/9/22 15:29,1600759770,1189170816,411588954
2020/9/22 15:28,1600759711,723625392,877134319
2020/9/22 15:27,1600759650,711778376,888981274
2020/9/22 15:26,1600759590,780097192,820662398
2020/9/22 15:25,1600759530,1125421568,475337962
2020/9/22 15:24,1600759470,732764632,867994838
2020/9/22 15:23,1600759410,910691528,690067882
2020/9/22 15:22,1600759350,1107206320,493553030
2020/9/22 15:21,1600759290,1173042592,427716698
2020/9/22 15:20,1600759230,692985360,907773870
2020/9/22 15:19,1600759170,1104304952,496454218
2020/9/22 15:18,1600759110,1056142216,544616894
2020/9/22 15:17,1600759050,773942072,826816978
2020/9/22 15:16,1600758990,838000400,762758590
2020/9/22 15:15,1600758930,813820896,786938034
2020/9/22 15:14,1600758870,960987160,639771710
2020/9/22 15:13,1600758810,726036528,874722282
2020/9/22 15:12,1600758750,1076023024,524735726
2020/9/22 15:11,1600758690,1058668928,542089762
2020/9/22 15:10,1600758630,775739536,825019094
2020/9/22 15:09,1600758570,1134112880,466645690
2020/9/22 15:08,1600758510,821058800,779699710
2020/9/22 15:07,1600758450,878950608,721807842
2020/9/22 15:06,1600758390,678170440,922587950
2020/9/22 15:05,1600758330,966038224,634720106
2020/9/22 15:04,1600758270,1300833360,299924910
2020/9/22 15:03,1600758210,868192792,732565418
2020/9/22 15:02,1600758150,908816544,691941606
2020/9/22 15:01,1600758090,1026162920,574595170
2020/9/22 15:00,1600758030,1096827296,503930734
2020/9/22 14:59,1600757970,951697272,649060698
2020/9/22 14:58,1600757910,618514832,982243078
2020/9/22 14:57,1600757850,971605800,629152050
2020/9/22 14:56,1600757790,1134447296,466310494
2020/9/22 14:55,1600757730,790584696,810173034
2020/9/22 14:54,1600757670,825160848,775596822
2020/9/22 14:53,1600757610,887450440,713307170
2020/9/22 14:52,1600757550,1032782784,567974766
2020/9/22 14:51,1600757490,856268960,744488530
2020/9/22 14:50,1600757430,1003927720,596829710
2020/9/22 14:49,1600757370,757050808,843706562
2020/9/22 14:48,1600757310,828792088,771965222
2020/9/22 14:47,1600757250,1283273800,317483450
2020/9/22 14:46,1600757190,739565480,861191710
2020/9/22 14:45,1600757130,1213300688,387456442
2020/9/22 14:44,1600757070,710802192,889954878
2020/9/22 14:43,1600757010,937642632,663114378
2020/9/22 14:42,1600756950,1034766616,565990334
2020/9/22 14:41,1600756890,993328800,607428090
2020/9/22 14:40,1600756830,755442464,845314366
2020/9/22 14:39,1600756770,780057248,820699522
2020/9/22 14:38,1600756710,1057049928,543706782
2020/9/22 14:37,1600756650,732533208,868223442
2020/9/22 14:36,1600756590,883205912,717550678
2020/9/22 14:35,1600756530,732050464,868706066
2020/9/22 14:34,1600756470,871806160,728950310
2020/9/22 14:33,1600756410,951484896,649271514
2020/9/22 14:32,1600756350,1014854464,585901886
2020/9/22 14:31,1600756290,820457176,780299114
2020/9/22 14:30,1600756230,1103283352,497472878
2020/9/22 14:29,1600756170,876918736,723837434
2020/9/22 14:28,1600756110,1013327024,587429086
2020/9/22 14:27,1600756050,883185576,717570474
2020/9/22 14:26,1600755990,799796256,800959734
2020/9/22 14:25,1600755930,985418608,615337322
2020/9/22 14:24,1600755870,1323269200,277486670
2020/9/22 14:23,1600755810,871608464,729147346
2020/9/22 14:22,1600755750,929753376,671002374
2020/9/22 14:21,1600755690,768433368,832322322
2020/9/22 14:20,1600755630,703426160,897329470
2020/9/22 14:19,1600755570,1404887360,195868210
2020/9/22 14:18,1600755510,1354162744,246592766
2020/9/22 14:17,1600755450,798140440,802615010
2020/9/22 14:16,1600755390,1038898616,561856774
2020/9/22 14:15,1600755330,948448312,652307018
2020/9/22 14:14,1600755270,821634552,779120718
2020/9/22 14:13,1600755210,992481624,608273586
2020/9/22 14:12,1600755150,836986112,763769038
2020/9/22 14:11,1600755090,860479768,740275322
2020/9/22 14:10,1600755030,1168076280,432678750
2020/9/22 14:09,1600754970,937246120,663508850
2020/9/22 14:08,1600754910,838745416,762009494
2020/9/22 14:07,1600754850,736053792,864701058
2020/9/22 14:06,1600754790,745566936,855187854
2020/9/22 14:05,1600754730,736125136,864629594
2020/9/22 14:04,1600754670,821083728,779670942
2020/9/22 14:03,1600754610,780009336,820745274
2020/9/22 14:02,1600754550,700799592,899954958
2020/9/22 14:01,1600754490,797558264,803196226
2020/9/22 14:00,1600754430,849199192,751555238
2020/9/22 13:59,1600754370,708728480,892025890
2020/9/22 13:58,1600754310,878692568,722061742
2020/9/22 13:57,1600754250,800520512,800233738
2020/9/22 13:56,1600754190,615353128,985401062
2020/9/22 13:55,1600754130,962702880,638051250
2020/9/22 13:54,1600754070,812535520,788218550
2020/9/22 13:53,1600754010,751166848,849587162
2020/9/22 13:52,1600753950,931327008,669426942
2020/9/22 13:51,1600753890,660093024,940660866
2020/9/22 13:50,1600753830,789032360,811721470
2020/9/22 13:49,1600753770,1146128192,454625578
2020/9/22 13:48,1600753710,1075040600,525713110
2020/9/22 13:47,1600753650,944192440,656561210
2020/9/22 13:46,1600753590,772386664,828366926
2020/9/22 13:45,1600753530,916572688,684180842
2020/9/22 13:44,1600753470,618909456,981844014
2020/9/22 13:43,1600753410,902959144,697794266
2020/9/22 13:42,1600753350,807533416,793219934
2020/9/22 13:41,1600753290,791596752,809156538
2020/9/22 13:40,1600753230,1195615448,405137782
2020/9/22 13:39,1600753170,780154216,820598954
2020/9/22 13:38,1600753110,644172392,956580718
2020/9/22 13:37,1600753050,880974216,719778834
2020/9/22 13:36,1600752990,838583408,762169582
2020/9/22 13:35,1600752930,754811296,845941634
2020/9/22 13:34,1600752870,934124704,666628166
2020/9/22 13:33,1600752810,888342048,712410762
2020/9/22 13:32,1600752750,774400376,826352374
2020/9/22 13:31,1600752690,666621512,934131178
2020/9/22 13:30,1600752630,885461040,715291590
2020/9/22 13:29,1600752570,603450256,997302314
2020/9/22 13:28,1600752510,691716184,909036326
2020/9/22 13:27,1600752450,889264736,711487714
2020/9/22 13:26,1600752390,1003430688,597321702
2020/9/22 13:25,1600752330,907231200,693521130
2020/9/22 13:24,1600752270,648899224,951853046
2020/9/22 13:23,1600752210,883180560,717571650
2020/9/22 13:22,1600752150,692628320,908123830
2020/9/22 13:21,1600752090,900886160,699865930
2020/9/22 13:20,1600752030,658922200,941829830
2020/9/22 13:19,1600751970,747025728,853726242
2020/9/22 13:18,1600751910,795393768,805358142
2020/9/22 13:17,1600751850,691952752,908799098
2020/9/22 13:16,1600751790,1346274016,254477774
2020/9/22 13:15,1600751730,1230583760,370167970
2020/9/22 13:14,1600751670,1149924400,450827270
2020/9/22 13:13,1600751610,834475264,766276346
2020/9/22 13:12,1600751550,898754736,701996814
2020/9/22 13:11,1600751490,870529896,730221594
2020/9/22 13:10,1600751430,1138355872,462395558
2020/9/22 13:09,1600751370,972668304,628083066
2020/9/22 13:08,1600751310,947757968,652993342
2020/9/22 13:07,1600751250,915276520,685474730
2020/9/22 13:06,1600751190,657104168,943647022
2020/9/22 13:05,1600751130,1013701976,587049154
2020/9/22 13:04,1600751070,953303104,647447966
2020/9/22 13:03,1600751010,943804256,656946754
2020/9/22 13:02,1600750950,825327192,775423758
2020/9/22 13:01,1600750890,727320600,873430290
2020/9/22 13:00,1600750830,640077728,960673102
2020/9/22 12:59,1600750770,1109962464,490788306
2020/9/22 12:58,1600750710,951522432,649228278
2020/9/22 12:57,1600750650,997091368,603659282
2020/9/22 12:56,1600750590,834458360,766292230
2020/9/22 12:55,1600750530,659266928,941483602
2020/9/22 12:54,1600750470,813202304,787548166
2020/9/22 12:53,1600750410,688605368,912145042
2020/9/22 12:52,1600750350,940410528,660339822
2020/9/22 12:51,1600750290,863626592,737123698
2020/9/22 12:50,1600750230,959170368,641579862
2020/9/22 12:49,1600750170,822414736,778335434
2020/9/22 12:48,1600750110,1123569104,477181006
2020/9/22 12:47,1600750050,699686784,901063266
2020/9/22 12:46,1600749990,1339392552,261357438
2020/9/22 12:45,1600749930,715448992,885300938
2020/9/22 12:44,1600749870,681427176,919322694
2020/9/22 12:43,1600749810,1267923400,332826410
2020/9/22 12:42,1600749750,1170846296,429903454
2020/9/22 12:41,1600749690,1102916792,497832898
2020/9/22 12:40,1600749630,1006912176,593837454
2020/9/22 12:39,1600749570,928533376,672216194
2020/9/22 12:38,1600749510,744888376,855861134
2020/9/22 12:37,1600749450,736058464,864690986
2020/9/22 12:36,1600749390,1228150696,372598694
2020/9/22 12:35,1600749330,1154855040,445894290
2020/9/22 12:34,1600749270,682085824,918663446
2020/9/22 12:33,1600749210,898703616,702045594
2020/9/22 12:32,1600749150,624132856,976616294
2020/9/22 12:31,1600749090,636860560,963888530
2020/9/22 12:30,1600749030,925794816,674954214
2020/9/22 12:29,1600748970,849393624,751355346
2020/9/22 12:28,1600748910,941914208,658834702
2020/9/22 12:27,1600748850,758045152,842703698
2020/9/22 12:26,1600748790,1017316352,583432438
2020/9/22 12:25,1600748730,866889056,733859674
2020/9/22 12:24,1600748670,731563984,869184686
2020/9/22 12:23,1600748610,955999688,644748922
2020/9/22 12:22,1600748550,681903848,918844702
2020/9/22 12:21,1600748490,938066504,662681986
2020/9/22 12:20,1600748430,1039915680,560832750
2020/9/22 12:19,1600748370,1017125752,583622618
2020/9/22 12:18,1600748310,841428192,759320118
2020/9/22 12:17,1600748250,711675720,889072530
2020/9/22 12:16,1600748190,1091040976,509707214
2020/9/22 12:15,1600748130,852415232,748332898
2020/9/22 12:14,1600748070,1123508440,477239630
2020/9/22 12:13,1600748010,1109548552,491199458
2020/9/22 12:12,1600747950,981205152,619542798
2020/9/22 12:11,1600747890,932899624,667848266
2020/9/22 12:10,1600747830,795132864,805614966
2020/9/22 12:09,1600747770,717558552,883189218
2020/9/22 12:08,1600747710,668286120,932461590
2020/9/22 12:07,1600747650,1351652432,249095218
2020/9/22 12:06,1600747590,1062172048,538575542
2020/9/22 12:05,1600747530,978237368,622510162
2020/9/22 12:04,1600747470,826424856,774322614
2020/9/22 12:03,1600747410,1131293312,469454098
2020/9/22 12:02,1600747350,950858320,649889030
2020/9/22 12:01,1600747290,629435976,971311314
2020/9/22 12:00,1600747230,1009465176,591282054
2020/9/22 11:59,1600747170,974845424,625901746
2020/9/22 11:58,1600747110,877370680,723376430
2020/9/22 11:57,1600747050,749004912,851742138
2020/9/22 11:56,1600746990,651648944,949098046
2020/9/22 11:55,1600746930,1191935048,408811882
2020/9/22 11:54,1600746870,1116556232,484190638
2020/9/22 11:53,1600746810,1079701688,521045122
2020/9/22 11:52,1600746750,1317747808,282998942
2020/9/22 11:51,1600746690,1166149960,434596730
2020/9/22 11:50,1600746630,1113305192,487441438
2020/9/22 11:49,1600746570,1024172856,576573714
2020/9/22 11:48,1600746510,1161194456,439552054
2020/9/22 11:47,1600746450,967713256,633033194
2020/9/22 11:46,1600746390,836896184,763850206
2020/9/22 11:45,1600746330,1044010680,556735650
2020/9/22 11:44,1600746270,575063136,1025683134
2020/9/22 11:43,1600746210,887142112,713604098
2020/9/22 11:42,1600746150,761570552,839175598
2020/9/22 11:41,1600746090,695805848,904940242
2020/9/22 11:40,1600746030,825815576,774930454
2020/9/22 11:39,1600745970,807688256,793057714
2020/9/22 11:38,1600745910,677096416,923649494
2020/9/22 11:37,1600745850,975469632,625276218
2020/9/22 11:36,1600745790,842831424,757914366
2020/9/22 11:35,1600745730,643718328,957027402
2020/9/22 11:34,1600745670,1104513112,496232558
2020/9/22 11:33,1600745610,995977768,604767842
2020/9/22 11:32,1600745550,799977432,800768118
2020/9/22 11:31,1600745490,618159640,982585850
2020/9/22 11:30,1600745430,892548520,708196910
2020/9/22 11:29,1600745370,927005584,673739786
2020/9/22 11:28,1600745310,790712248,810033062
2020/9/22 11:27,1600745250,689075064,911670186
2020/9/22 11:26,1600745190,977707624,623037566
2020/9/22 11:25,1600745130,875923160,724821970
2020/9/22 11:24,1600745070,817589120,783155950
2020/9/22 11:23,1600745010,759475232,841269778
2020/9/22 11:22,1600744950,671975984,928768966
2020/9/22 11:21,1600744890,1236343824,364401066
2020/9/22 11:20,1600744830,635704040,965040790
2020/9/22 11:19,1600744770,1287749592,312995178
2020/9/22 11:18,1600744710,591659120,1009085590
2020/9/22 11:17,1600744650,1162629352,438115298
2020/9/22 11:16,1600744590,867129744,733614846
2020/9/22 11:15,1600744530,810149920,790594610
2020/9/22 11:14,1600744470,708372584,892371886
2020/9/22 11:13,1600744410,960444112,640300298
2020/9/22 11:12,1600744350,619912544,980831806
2020/9/22 11:11,1600744290,686564472,914179818
2020/9/22 11:10,1600744230,998004312,602739918
2020/9/22 11:09,1600744170,1040483856,560260314
2020/9/22 11:08,1600744110,1004958856,595785254
2020/9/22 11:07,1600744050,785810832,814933218
2020/9/22 11:06,1600743990,1015005912,585738078
2020/9/22 11:05,1600743930,1023536464,577207466
2020/9/22 11:04,1600743870,904568088,696175782
2020/9/22 11:03,1600743810,855971840,744771970
2020/9/22 11:02,1600743750,680902456,919841294
2020/9/22 11:01,1600743690,945027320,655716370
2020/9/22 11:00,1600743630,825874320,774869310
2020/9/22 10:59,1600743570,705279360,895464210
2020/9/22 10:58,1600743510,572878800,1027864710
2020/9/22 10:57,1600743450,735510256,865233194
2020/9/22 10:56,1600743390,962434296,638309094
2020/9/22 10:55,1600743330,785124192,815619138
2020/9/22 10:54,1600743270,822891464,777851806
2020/9/22 10:53,1600743210,686892464,913850746
2020/9/22 10:52,1600743150,673620224,927122926
2020/9/22 10:51,1600743090,783724336,817018754
2020/9/22 10:50,1600743030,586219280,1014523750
2020/9/22 10:49,1600742970,662270752,938472218
2020/9/22 10:48,1600742910,815416640,785326270
2020/9/22 10:47,1600742850,830077752,770665098
2020/9/22 10:46,1600742790,867749288,732993502
2020/9/22 10:45,1600742730,793190896,807551834
2020/9/22 10:44,1600742670,1058531872,542210798
2020/9/22 10:43,1600742610,740619368,860123242
2020/9/22 10:42,1600742550,1013700104,587042446
2020/9/22 10:41,1600742490,1102143304,498599186
2020/9/22 10:40,1600742430,1014990384,585752046
2020/9/22 10:39,1600742370,859741752,741000618
2020/9/22 10:38,1600742310,665796568,934945742
2020/9/22 10:37,1600742250,1145640200,455102050
2020/9/22 10:36,1600742190,982213672,618528518
2020/9/22 10:35,1600742130,800319440,800422690
2020/9/22 10:34,1600742070,638209848,962532222
2020/9/22 10:33,1600742010,670305296,930436714
2020/9/22 10:32,1600741950,723122744,877619206
2020/9/22 10:31,1600741890,622032032,978709858
2020/9/22 10:30,1600741830,558963816,1041778014
2020/9/22 10:29,1600741770,875229824,725511946
2020/9/22 10:28,1600741710,821292664,779449046
2020/9/22 10:27,1600741650,555539832,1045201818
2020/9/22 10:26,1600741590,754684744,846056846
2020/9/22 10:25,1600741530,839171168,761570362
2020/9/22 10:24,1600741470,744432376,856309094
2020/9/22 10:23,1600741410,933786144,666955266
2020/9/22 10:22,1600741350,905488584,695252766
2020/9/22 10:21,1600741290,689334032,911407258
2020/9/22 10:20,1600741230,741884576,858856654
2020/9/22 10:19,1600741170,764703304,836037866
2020/9/22 10:18,1600741110,726011000,874730110
2020/9/22 10:17,1600741050,630771496,969969554
2020/9/22 10:16,1600740990,917211432,683529558
2020/9/22 10:15,1600740930,1115167704,485573226
2020/9/22 10:14,1600740870,935965384,664775486
2020/9/22 10:13,1600740810,740055376,860685434
2020/9/22 10:12,1600740750,921797208,678943542
2020/9/22 10:11,1600740690,879736560,721004130
2020/9/22 10:10,1600740630,718250704,882489926
2020/9/22 10:09,1600740570,589618912,1011121658
2020/9/22 10:08,1600740510,592601336,1008139174
2020/9/22 10:07,1600740450,648048632,952691818
2020/9/22 10:06,1600740390,898980584,701759806
2020/9/22 10:05,1600740330,781631880,819108450
2020/9/22 10:04,1600740270,630557328,970182942
2020/9/22 10:03,1600740210,646615144,954125066
2020/9/22 10:02,1600740150,913390992,687349158
2020/9/22 10:01,1600740090,809495168,791244922
2020/9/22 10:00,1600740030,643727840,957012190
2020/9/22 09:59,1600739970,945863072,654876898
2020/9/22 09:58,1600739910,800720800,800019110
2020/9/22 09:57,1600739850,1013351592,587388258
2020/9/22 09:56,1600739790,762715536,838024254
2020/9/22 09:55,1600739730,790207240,810532490
2020/9/22 09:54,1600739670,855322824,745416846
2020/9/22 09:53,1600739610,941195712,659543898
2020/9/22 09:52,1600739550,818643592,782095958
2020/9/22 09:51,1600739490,718093456,882646034
2020/9/22 09:50,1600739430,633919368,966820062
2020/9/22 09:49,1600739370,899674392,701064978
2020/9/22 09:48,1600739310,812121512,788617798
2020/9/22 09:47,1600739250,780062496,820676754
2020/9/22 09:46,1600739190,835625656,765113534
2020/9/22 09:45,1600739130,1097681736,503057394
2020/9/22 09:44,1600739070,718473464,882265606
2020/9/22 09:43,1600739010,600225104,1000513906
2020/9/22 09:42,1600738950,806481976,794256974
2020/9/22 09:41,1600738890,711690792,889048098
2020/9/22 09:40,1600738830,656812696,943926134
2020/9/22 09:39,1600738770,891744496,708994274
2020/9/22 09:38,1600738710,809717672,791021038
2020/9/22 09:37,1600738650,579175872,1021562778
2020/9/22 09:36,1600738590,897229568,703509022
2020/9/22 09:35,1600738530,799894872,800843658
2020/9/22 09:34,1600738470,542848400,1057890070
2020/9/22 09:33,1600738410,938508248,662230162
2020/9/22 09:32,1600738350,779838104,820900246
2020/9/22 09:31,1600738290,761663360,839074930
2020/9/22 09:30,1600738230,628151384,972586846
2020/9/22 09:29,1600738170,1018377544,582360626
2020/9/22 09:28,1600738110,959745088,640993022
2020/9/22 09:27,1600738050,794876464,805861586
2020/9/22 09:26,1600737990,941536000,659201990
2020/9/22 09:25,1600737930,781353744,819384186
2020/9/22 09:24,1600737870,773852176,826885694
2020/9/22 09:23,1600737810,808008032,792729778
2020/9/22 09:22,1600737750,788763456,811974294
2020/9/22 09:21,1600737690,693141680,907596010
2020/9/22 09:20,1600737630,847239600,753498030
2020/9/22 09:19,1600737570,899565016,701172554
2020/9/22 09:18,1600737510,805445672,795291838
2020/9/22 09:17,1600737450,631105232,969632218
2020/9/22 09:16,1600737390,694825288,905912102
2020/9/22 09:15,1600737330,698454224,902283106
2020/9/22 09:14,1600737270,618230768,982506502
2020/9/22 09:13,1600737210,882954912,717782298
2020/9/22 09:12,1600737150,731743624,868993526
2020/9/22 09:11,1600737090,972544048,628193042
2020/9/22 09:10,1600737030,868655040,732081990
2020/9/22 09:09,1600736970,1037796112,562940858
2020/9/22 09:08,1600736910,954293688,646443222
2020/9/22 09:07,1600736850,863109728,737627122
2020/9/22 09:06,1600736790,674077368,926659422
2020/9/22 09:05,1600736730,677170096,923566634
2020/9/22 09:04,1600736670,555955352,1044781318
2020/9/22 09:03,1600736610,711158016,889578594
2020/9/22 09:02,1600736550,839762960,760973590
2020/9/22 09:01,1600736490,638366320,962370170
2020/9/22 09:00,1600736430,911297064,689439366
2020/9/22 08:59,1600736370,692360680,908375690
2020/9/22 08:58,1600736310,601357360,999378950
2020/9/22 08:57,1600736250,857419544,743316706
2020/9/22 08:56,1600736190,851055496,749680694
2020/9/22 08:55,1600736130,699595304,901140826
2020/9/22 08:54,1600736070,559336728,1041399342
2020/9/22 08:53,1600736010,820627456,780108554
2020/9/22 08:52,1600735950,720779096,879956854
2020/9/22 08:51,1600735890,795960312,804775578
2020/9/22 08:50,1600735830,633596816,967139014
2020/9/22 08:49,1600735770,830152832,770582938
2020/9/22 08:48,1600735710,790990872,809744838
2020/9/22 08:47,1600735650,850405672,750329978
2020/9/22 08:46,1600735590,933730936,667004654
2020/9/22 08:45,1600735530,776555936,824179594
2020/9/22 08:44,1600735470,714724192,886011278
2020/9/22 08:43,1600735410,584343928,1016391482
2020/9/22 08:42,1600735350,645026888,955708462
2020/9/22 08:41,1600735290,691171008,909564282
2020/9/22 08:40,1600735230,876829512,723905718
2020/9/22 08:39,1600735170,849332416,751402754
2020/9/22 08:38,1600735110,945359088,655376022
2020/9/22 08:37,1600735050,674558008,926177042
2020/9/22 08:36,1600734990,608050360,992684630
2020/9/22 08:35,1600734930,960522920,640212010
2020/9/22 08:34,1600734870,922955688,677779182
2020/9/22 08:33,1600734810,704764968,895969842
2020/9/22 08:32,1600734750,696142720,904592030
2020/9/22 08:31,1600734690,620534784,980199906
2020/9/22 08:30,1600734630,1139746848,460987782
2020/9/22 08:29,1600734570,1086391744,514342826
2020/9/22 08:28,1600734510,1073242104,527492406
2020/9/22 08:27,1600734450,906892320,693842130
2020/9/22 08:26,1600734390,1205067240,395667150
2020/9/22 08:25,1600734330,620513664,980220666
2020/9/22 08:24,1600734270,1202945912,397788358
2020/9/22 08:23,1600734210,842785304,757948906
2020/9/22 08:22,1600734150,605724024,995010126
2020/9/22 08:21,1600734090,1240725816,360008274
2020/9/22 08:20,1600734030,1163639408,437094622
2020/9/22 08:19,1600733970,1173170072,427563898
2020/9/22 08:18,1600733910,861660888,739073022
2020/9/22 08:17,1600733850,1261731000,339002850
2020/9/22 08:16,1600733790,1101985968,498747822
2020/9/22 08:15,1600733730,1020061848,580671882
2020/9/22 08:14,1600733670,659123536,941610134
2020/9/22 08:13,1600733610,589833800,1010899810
2020/9/22 08:12,1600733550,1008605088,592128462
2020/9/22 08:11,1600733490,852176848,748556642
2020/9/22 08:10,1600733430,706698776,894034654
2020/9/22 08:09,1600733370,637582912,963150458
2020/9/22 08:08,1600733310,963685800,637047510
2020/9/22 08:07,1600733250,855055424,745677826
2020/9/22 08:06,1600733190,801499712,799233478
2020/9/22 08:05,1600733130,779671096,821062034
2020/9/22 08:04,1600733070,688436912,912296158
2020/9/22 08:03,1600733010,626735352,973997658
2020/9/22 08:02,1600732950,936885232,663847718
2020/9/22 08:01,1600732890,912403160,688329730
2020/9/22 08:00,1600732830,892301672,708431158
2020/9/22 07:59,1600732770,838753736,761979034
2020/9/22 07:58,1600732710,732307200,868425510
2020/9/22 07:57,1600732650,776978040,823754610
2020/9/22 07:56,1600732590,731343184,869389406
2020/9/22 07:55,1600732530,671261776,929470754
2020/9/22 07:54,1600732470,830898440,769834030
2020/9/22 07:53,1600732410,704147928,896584482
2020/9/22 07:52,1600732350,659829040,940903310
2020/9/22 07:51,1600732290,579166304,1021565986
2020/9/22 07:50,1600732230,762098472,838633758
2020/9/22 07:49,1600732170,554280280,1046451890
2020/9/22 07:48,1600732110,609938072,990794038
2020/9/22 07:47,1600732050,814073200,786658850
2020/9/22 07:46,1600731990,679541464,921190526
2020/9/22 07:45,1600731930,620360224,980371706
2020/9/22 07:44,1600731870,799493928,801237942
2020/9/22 07:43,1600731810,694557480,906174330
2020/9/22 07:42,1600731750,658408976,942322774
2020/9/22 07:41,1600731690,828101800,772629890
2020/9/22 07:40,1600731630,721191320,879540310
2020/9/22 07:39,1600731570,735261632,865469938
2020/9/22 07:38,1600731510,1116520624,484210886
2020/9/22 07:37,1600731450,772844408,827887042
2020/9/22 07:36,1600731390,649220096,951511294
2020/9/22 07:35,1600731330,657699664,943031666
2020/9/22 07:34,1600731270,827189888,773541382
2020/9/22 07:33,1600731210,755281240,845449970
2020/9/22 07:32,1600731150,627405672,973325478
2020/9/22 07:31,1600731090,1099259512,501471578
2020/9/22 07:30,1600731030,1062925160,537805870
2020/9/22 07:29,1600730970,1018860712,581870258
2020/9/22 07:28,1600730910,980349176,620381734
2020/9/22 07:27,1600730850,707042800,893688050
2020/9/22 07:26,1600730790,994115096,606615694
2020/9/22 07:25,1600730730,637354688,963376042
2020/9/22 07:24,1600730670,861306176,739424494
2020/9/22 07:23,1600730610,768341416,832389194
2020/9/22 07:22,1600730550,999819000,600911550
2020/9/22 07:21,1600730490,829275064,771455426
2020/9/22 07:20,1600730430,770391168,830339262
2020/9/22 07:19,1600730370,720839824,879890546
2020/9/22 07:18,1600730310,706950808,893779502
2020/9/22 07:17,1600730250,808559352,792170898
2020/9/22 07:16,1600730190,653206800,947523390
2020/9/22 07:15,1600730130,850900608,749829522
2020/9/22 07:14,1600730070,800122864,800607206
2020/9/22 07:13,1600730010,758219632,842510378
2020/9/22 07:12,1600729950,697098344,903631606
2020/9/22 07:11,1600729890,614202784,986527106
2020/9/22 07:10,1600729830,816522888,784206942
2020/9/22 07:09,1600729770,591669504,1009060266
2020/9/22 07:08,1600729710,878202056,722527654
2020/9/22 07:07,1600729650,818184064,782545586
2020/9/22 07:06,1600729590,693743424,906986166
2020/9/22 07:05,1600729530,816556168,784173362
2020/9/22 07:04,1600729470,690131424,910598046
2020/9/22 07:03,1600729410,576270752,1024458658
2020/9/22 07:02,1600729350,1037358792,563370558
2020/9/22 07:01,1600729290,670310272,930419018
2020/9/22 07:00,1600729230,596686424,1004042806
2020/9/22 06:59,1600729170,865993800,734735370
2020/9/22 06:58,1600729110,758493600,842235510
2020/9/22 06:57,1600729050,1042653576,558075474
2020/9/22 06:56,1600728990,994653520,606075470
2020/9/22 06:55,1600728930,928699768,672029162
2020/9/22 06:54,1600728870,615665000,985063870
2020/9/22 06:53,1600728810,942745560,657983250
2020/9/22 06:52,1600728750,798483096,802245654
2020/9/22 06:51,1600728690,663715296,937013394
2020/9/22 06:50,1600728630,756168960,844559670
2020/9/22 06:49,1600728570,769757624,830970946
2020/9/22 06:48,1600728510,968579168,632149342
2020/9/22 06:47,1600728450,1060213184,540515266
2020/9/22 06:46,1600728390,1025273696,575454694
2020/9/22 06:45,1600728330,867610224,733118106
2020/9/22 06:44,1600728270,681231336,919496934
2020/9/22 06:43,1600728210,830542360,770185850
2020/9/22 06:42,1600728150,668686648,932041502
2020/9/22 06:41,1600728090,1235783768,364944322
2020/9/22 06:40,1600728030,1339661280,261066750
2020/9/22 06:39,1600727970,803533528,797194442
2020/9/22 06:38,1600727910,713822272,886905638
2020/9/22 06:37,1600727850,1216922584,383805266
2020/9/22 06:36,1600727790,1135596648,465131142
2020/9/22 06:35,1600727730,1034484912,566242818
2020/9/22 06:34,1600727670,639925232,960802438
2020/9/22 06:33,1600727610,861623048,739104562
2020/9/22 06:32,1600727550,832551632,768175918
2020/9/22 06:31,1600727490,637448992,963278498
2020/9/22 06:30,1600727430,622927432,977799998
2020/9/22 06:29,1600727370,630214040,970513330
2020/9/22 06:28,1600727310,844451400,756275910
2020/9/22 06:27,1600727250,595068024,1005659226
2020/9/22 06:26,1600727190,806768728,793958462
2020/9/22 06:25,1600727130,540672288,1060054842
2020/9/22 06:24,1600727070,924134808,676592262
2020/9/22 06:23,1600727010,591367160,1009359850
2020/9/22 06:22,1600726950,823523472,777203478
2020/9/22 06:21,1600726890,961985032,638741858
2020/9/22 06:20,1600726830,853665584,747061246
2020/9/22 06:19,1600726770,805222920,795503850
2020/9/22 06:18,1600726710,768574672,832152038
2020/9/22 06:17,1600726650,603766424,996960226
2020/9/22 06:16,1600726590,599099832,1001626758
2020/9/22 06:15,1600726530,580448200,1020278330
2020/9/22 06:14,1600726470,561299632,1039426838
2020/9/22 06:13,1600726410,954857824,645868586
2020/9/22 06:12,1600726350,938077672,662648678
2020/9/22 06:11,1600726290,813074424,787651866
2020/9/22 06:10,1600726230,790421976,810304254
2020/9/22 06:09,1600726170,724461448,876264722
2020/9/22 06:08,1600726110,701281864,899444246
2020/9/22 06:07,1600726050,534210440,1066515610
2020/9/22 06:06,1600725990,983825648,616900342
2020/9/22 06:05,1600725930,861711592,739014338
2020/9/22 06:04,1600725870,656687024,944038846
2020/9/22 06:03,1600725810,573412872,1027312938
2020/9/22 06:02,1600725750,757832528,842893222
2020/9/22 06:01,1600725690,717482880,883242810
2020/9/22 06:00,1600725630,637656592,963069038
2020/9/22 05:59,1600725570,610860544,989865026
2020/9/22 05:58,1600725510,540995128,1059730382
2020/9/22 05:57,1600725450,818778832,781946618
2020/9/22 05:56,1600725390,565986064,1034739326
2020/9/22 05:55,1600725330,840377976,760347354
2020/9/22 05:54,1600725270,772961296,827763974
2020/9/22 05:53,1600725210,539882248,1060842962
2020/9/22 05:52,1600725154,967957568,632767586
2020/9/22 05:51,1600725090,812720120,788004970
2020/9/22 05:50,1600725030,689166824,911558206
2020/9/22 05:49,1600724970,625650680,975074290
2020/9/22 05:48,1600724910,674358864,926366046
2020/9/22 05:47,1600724850,819605816,781119034
2020/9/22 05:46,1600724790,729360424,871364366
2020/9/22 05:45,1600724730,657034008,943690722
2020/9/22 05:44,1600724670,658330224,942394446
2020/9/22 05:43,1600724610,888128928,712595682
2020/9/22 05:42,1600724550,629854616,970869934
2020/9/22 05:41,1600724490,664115520,936608970
2020/9/22 05:40,1600724430,579630504,1021093926
2020/9/22 05:39,1600724370,634163336,966561034
2020/9/22 05:38,1600724310,925566104,675158206
2020/9/22 05:37,1600724250,850713448,750010802
2020/9/22 05:36,1600724190,727250184,873474006
2020/9/22 05:35,1600724130,704937632,895786498
2020/9/22 05:34,1600724070,638032808,962691262
2020/9/22 05:33,1600724010,566387016,1034336994
2020/9/22 05:32,1600723950,634785424,965938526
2020/9/22 05:31,1600723890,549507272,1051216618
2020/9/22 05:30,1600723830,916864952,683858878
2020/9/22 05:29,1600723770,899541976,701181794
2020/9/22 05:28,1600723710,661915760,938807950
2020/9/22 05:27,1600723650,791415760,809307890
2020/9/22 05:26,1600723590,594034232,1006689358
2020/9/22 05:25,1600723530,858461064,742262466
2020/9/22 05:24,1600723470,877779360,722944110
2020/9/22 05:23,1600723410,699088872,901634538
2020/9/22 05:22,1600723350,707489048,893234302
2020/9/22 05:21,1600723290,625603608,975119682
2020/9/22 05:20,1600723230,1003671368,597051862
2020/9/22 05:19,1600723170,692875808,907847362
2020/9/22 05:18,1600723110,828190968,772532142
2020/9/22 05:17,1600723050,558215672,1042507378
2020/9/22 05:16,1600722990,940129952,660593038
2020/9/22 05:15,1600722930,841621912,759101018
2020/9/22 05:14,1600722870,806776264,793946606
2020/9/22 05:13,1600722810,532576248,1068146562
2020/9/22 05:12,1600722750,902975448,697747302
2020/9/22 05:11,1600722690,582657880,1018064810
2020/9/22 05:10,1600722630,701139152,899583478
2020/9/22 05:09,1600722570,583269136,1017453434
2020/9/22 05:08,1600722510,660591856,940130654
2020/9/22 05:07,1600722450,627327472,973394978
2020/9/22 05:06,1600722390,572061240,1028661150
2020/9/22 05:05,1600722330,753853112,846869218
2020/9/22 05:04,1600722270,670400840,930321430
2020/9/22 05:03,1600722210,710095152,890627058
2020/9/22 05:02,1600722150,740881880,859840270
2020/9/22 05:01,1600722090,561629240,1039092850
2020/9/22 05:00,1600722030,826098312,774623718
2020/9/22 04:59,1600721970,1197999144,402722826
2020/9/22 04:58,1600721910,623918680,976803230
2020/9/22 04:57,1600721850,623051904,977669946
2020/9/22 04:56,1600721790,500796512,1099925278
2020/9/22 04:55,1600721730,1259088552,341633178
2020/9/22 04:54,1600721670,1233604624,367117046
2020/9/22 04:53,1600721610,1199401248,401320362
2020/9/22 04:52,1600721550,1105783272,494938278
2020/9/22 04:51,1600721490,1074609392,526112098
2020/9/22 04:50,1600721430,1043720456,557000974
2020/9/22 04:49,1600721370,933710568,667010802
2020/9/22 04:48,1600721310,902969688,697751622
2020/9/22 04:47,1600721250,591876744,1008844506
2020/9/22 04:46,1600721190,1212733512,387987678
2020/9/22 04:45,1600721130,1148334776,452386354
2020/9/22 04:44,1600721070,1048508576,552212494
2020/9/22 04:43,1600721010,943918560,656802450
2020/9/22 04:42,1600720950,834794824,765926126
2020/9/22 04:41,1600720890,618147008,982573882
2020/9/22 04:40,1600720830,822844872,777875958
2020/9/22 04:39,1600720770,737432600,863288170
2020/9/22 04:38,1600720710,575862272,1024858438
2020/9/22 04:37,1600720650,769215768,831504882
2020/9/22 04:36,1600720590,594399016,1006321574
2020/9/22 04:35,1600720530,556753856,1043966674
2020/9/22 04:34,1600720470,586570944,1014149526
2020/9/22 04:33,1600720410,1013641800,587078610
2020/9/22 04:32,1600720350,640681880,960038470
2020/9/22 04:31,1600720290,610783120,989937170
2020/9/22 04:30,1600720230,592989016,1007731214
2020/9/22 04:29,1600720170,553806240,1046913930
2020/9/22 04:28,1600720110,1070821232,529898878
2020/9/22 04:27,1600720050,817974920,782745130
2020/9/22 04:26,1600719990,712751520,887968470
2020/9/22 04:25,1600719930,665795624,934924306
2020/9/22 04:24,1600719870,782718472,818001398
2020/9/22 04:23,1600719810,710648168,890071642
2020/9/22 04:22,1600719750,608535048,992184702
2020/9/22 04:21,1600719690,745827616,854892074
2020/9/22 04:20,1600719630,711513248,889206382
2020/9/22 04:19,1600719570,589847472,1010872098
2020/9/22 04:18,1600719510,659111248,941608262
2020/9/22 04:17,1600719450,556362960,1044356490
2020/9/22 04:16,1600719390,512531960,1088187430
2020/9/22 04:15,1600719330,720240000,880479330
2020/9/22 04:14,1600719270,1011521296,589197974
2020/9/22 04:13,1600719210,732542808,868176402
2020/9/22 04:12,1600719150,722749248,877969902
2020/9/22 04:11,1600719090,649658544,951060546
2020/9/22 04:10,1600719030,896676624,704042406
2020/9/22 04:09,1600718970,883499344,717219626
2020/9/22 04:08,1600718910,717834080,882884830
2020/9/22 04:07,1600718850,793327944,807390906
2020/9/22 04:06,1600718790,558363000,1042355790
2020/9/22 04:05,1600718730,729253568,871465162
2020/9/22 04:04,1600718670,756810576,843908094
2020/9/22 04:03,1600718610,628524896,972193714
2020/9/22 04:02,1600718550,986180872,614537678
2020/9/22 04:01,1600718490,807197896,793520594
2020/9/22 04:00,1600718430,996528864,604189566
2020/9/22 03:59,1600718370,861600984,739117386
2020/9/22 03:58,1600718310,698474664,902243646
2020/9/22 03:57,1600718250,593516336,1007201914
2020/9/22 03:56,1600718190,1219482128,381236062
2020/9/22 03:55,1600718130,626107592,974610538
2020/9/22 03:54,1600718070,948138208,652579862
2020/9/22 03:53,1600718010,892998872,707719138
2020/9/22 03:52,1600717950,878028608,722689342
2020/9/22 03:51,1600717890,786334224,814383666
2020/9/22 03:50,1600717830,695408496,905309334
2020/9/22 03:49,1600717770,933539640,667178130
2020/9/22 03:48,1600717710,736684776,864032934
2020/9/22 03:47,1600717650,1141902760,458814890
2020/9/22 03:46,1600717590,1016909608,583807982
2020/9/22 03:45,1600717530,1241716760,359000770
2020/9/22 03:44,1600717470,1037367048,563350422
2020/9/22 03:43,1600717410,709514200,891203210
2020/9/22 03:42,1600717350,774440952,826276398
2020/9/22 03:41,1600717290,817758896,782958394
2020/9/22 03:40,1600717230,607952624,992764606
2020/9/22 03:39,1600717170,671376944,929340226
2020/9/22 03:38,1600717110,761519112,839197998
2020/9/22 03:37,1600717050,678701544,922015506
2020/9/22 03:36,1600716990,858710960,742006030
2020/9/22 03:35,1600716930,711738424,888978506
2020/9/22 03:34,1600716870,601070168,999646702
2020/9/22 03:33,1600716810,713899936,886816874
2020/9/22 03:32,1600716750,853309904,747406846
2020/9/22 03:31,1600716690,789026296,811690394
2020/9/22 03:30,1600716630,605550520,995166110
2020/9/22 03:29,1600716570,848568568,752148002
2020/9/22 03:28,1600716510,595107936,1005608574
2020/9/22 03:27,1600716450,836188240,764528210
2020/9/22 03:26,1600716390,642380624,958335766
2020/9/22 03:25,1600716330,581482832,1019233498
2020/9/22 03:24,1600716270,512441000,1088275270
2020/9/22 03:23,1600716210,1100897120,499819090
2020/9/22 03:22,1600716150,807613160,793102990
2020/9/22 03:21,1600716090,854868576,745847514
2020/9/22 03:20,1600716030,778043920,822672110
2020/9/22 03:19,1600715970,896658376,704057594
2020/9/22 03:18,1600715910,810196432,790519478
2020/9/22 03:17,1600715850,1126637856,474077994
2020/9/22 03:16,1600715790,994064664,606651126
2020/9/22 03:15,1600715730,780442768,820272962
2020/9/22 03:14,1600715670,934324200,666391470
2020/9/22 03:13,1600715610,883779848,716935762
2020/9/22 03:12,1600715550,946157120,654558430
2020/9/22 03:11,1600715490,824690208,776025282
2020/9/22 03:10,1600715430,984321872,616393558
2020/9/22 03:09,1600715370,1093755168,506960202
2020/9/22 03:08,1600715310,785596928,815118382
2020/9/22 03:07,1600715250,569247656,1031467594
2020/9/22 03:06,1600715190,800336856,800378334
2020/9/22 03:05,1600715130,662397248,938317882
2020/9/22 03:04,1600715070,570712192,1030002878
2020/9/22 03:03,1600715010,1137538376,463176634
2020/9/22 03:02,1600714950,938617720,662097230
2020/9/22 03:01,1600714890,755092928,845621962
2020/9/22 03:00,1600714830,558555720,1042159110
2020/9/22 02:59,1600714770,881652568,719062202
2020/9/22 02:58,1600714710,788176048,812538662
2020/9/22 02:57,1600714650,1012178272,588536378
2020/9/22 02:56,1600714590,734406432,866308158
2020/9/22 02:55,1600714530,711517584,889196946
2020/9/22 02:54,1600714470,877881152,722833318
2020/9/22 02:53,1600714410,963617240,637097170
2020/9/22 02:52,1600714350,634073688,966640662
2020/9/22 02:51,1600714290,917582264,683132026
2020/9/22 02:50,1600714230,615286936,985427294
2020/9/22 02:49,1600714170,954660392,646053778
2020/9/22 02:48,1600714110,653193000,947521110
2020/9/22 02:47,1600714050,755340032,845374018
2020/9/22 02:46,1600713990,631612008,969101982
2020/9/22 02:45,1600713930,650663840,950050090
2020/9/22 02:44,1600713870,822722336,777991534
2020/9/22 02:43,1600713810,639023008,961690802
2020/9/22 02:42,1600713750,832786272,767927478
2020/9/22 02:41,1600713690,756585512,844128178
2020/9/22 02:40,1600713630,919734504,680979126
2020/9/22 02:39,1600713570,635691256,965022314
2020/9/22 02:38,1600713510,514655968,1086057542
2020/9/22 02:37,1600713450,718573456,882139994
2020/9/22 02:36,1600713390,1067517248,533196142
2020/9/22 02:35,1600713330,902397104,698316226
2020/9/22 02:34,1600713270,741807776,858905494
2020/9/22 02:33,1600713210,610014208,990699002
2020/9/22 02:32,1600713150,875925552,724787598
2020/9/22 02:31,1600713090,694147280,906565810
2020/9/22 02:30,1600713030,637036344,963676686
2020/9/22 02:29,1600712970,502808720,1097904250
2020/9/22 02:28,1600712910,628500952,972211958
2020/9/22 02:27,1600712850,774171664,826541186
2020/9/22 02:26,1600712790,799252480,801460310
2020/9/22 02:25,1600712730,838635672,762077058
2020/9/22 02:24,1600712670,580352408,1020360262
2020/9/22 02:23,1600712610,889370328,711342282
2020/9/22 02:22,1600712550,651167360,949545190
2020/9/22 02:21,1600712490,530329536,1070382954
2020/9/22 02:20,1600712430,1176102896,424609534
2020/9/22 02:19,1600712370,1059890048,540822322
2020/9/22 02:18,1600712310,916185840,684526470
2020/9/22 02:17,1600712250,490703696,1110008554
2020/9/22 02:16,1600712190,627821440,972890750
2020/9/22 02:15,1600712130,731983928,868728202
2020/9/22 02:14,1600712070,507330400,1093381670
2020/9/22 02:13,1600712010,1012212896,588499114
2020/9/22 02:12,1600711950,1006502480,594209470
2020/9/22 02:11,1600711890,629640800,971071090
2020/9/22 02:10,1600711830,854026880,746684950
2020/9/22 02:09,1600711770,793397936,807313834
2020/9/22 02:08,1600711710,727365472,873346238
2020/9/22 02:07,1600711650,561715544,1038996106
2020/9/22 02:06,1600711590,611869536,988842054
2020/9/22 02:05,1600711530,513268768,1087442762
2020/9/22 02:04,1600711470,713330392,887381078
2020/9/22 02:03,1600711410,728763664,871947746
2020/9/22 02:02,1600711350,826730200,773981150
2020/9/22 02:01,1600711290,688194480,912516810
2020/9/22 02:00,1600711230,757766696,842944534
2020/9/22 01:59,1600711170,635127896,965583274
2020/9/22 01:58,1600711110,516224720,1084486390
2020/9/22 01:57,1600711050,619185536,981525514
2020/9/22 01:56,1600710990,1050540656,550170334
2020/9/22 01:55,1600710930,619667224,981043706
2020/9/22 01:54,1600710870,646308096,954402774
2020/9/22 01:53,1600710810,1072371872,528338938
2020/9/22 01:52,1600710750,707755280,892955470
2020/9/22 01:51,1600710690,831256640,769454050
2020/9/22 01:50,1600710630,664865496,935845134
2020/9/22 01:49,1600710570,563586784,1037123786
2020/9/22 01:48,1600710510,675567848,925142662
2020/9/22 01:47,1600710450,961483184,639227266
2020/9/22 01:46,1600710390,718223160,882487230
2020/9/22 01:45,1600710330,597016936,1003693394
2020/9/22 01:44,1600710270,744923848,855786422
2020/9/22 01:43,1600710210,1043049608,557660602
2020/9/22 01:42,1600710150,900577856,700132294
2020/9/22 01:41,1600710090,629419656,971290434
2020/9/22 01:40,1600710030,545174832,1055535198
2020/9/22 01:39,1600709970,928991232,671718738
2020/9/22 01:38,1600709910,1044877912,555831998
2020/9/22 01:37,1600709850,798264256,802445594
2020/9/22 01:36,1600709790,649060840,951648950
2020/9/22 01:35,1600709730,968917208,631792522
2020/9/22 01:34,1600709670,852446288,748263382
2020/9/22 01:33,1600709610,628414680,972294930
2020/9/22 01:32,1600709550,822310080,778399470
2020/9/22 01:31,1600709490,707433264,893276226
2020/9/22 01:30,1600709430,640285632,960423798
2020/9/22 01:29,1600709370,576202144,1024507226
2020/9/22 01:28,1600709310,512201656,1088507654
2020/9/22 01:27,1600709250,614766088,985943162
2020/9/22 01:26,1600709190,512921728,1087787462
2020/9/22 01:25,1600709130,756777848,843931282
2020/9/22 01:24,1600709070,702034168,898674902
2020/9/22 01:23,1600709010,459195248,1141513762
2020/9/22 01:22,1600708950,801286880,799422070
2020/9/22 01:21,1600708890,743950768,856758122
2020/9/22 01:20,1600708830,652863600,947845230
2020/9/22 01:19,1600708770,514174536,1086534234
2020/9/22 01:18,1600708710,575206496,1025502214
2020/9/22 01:17,1600708650,783130096,817578554
2020/9/22 01:16,1600708590,751670704,849037886
2020/9/22 01:15,1600708530,669784376,930924154
2020/9/22 01:14,1600708470,733730208,866978262
2020/9/22 01:13,1600708410,618528952,982179458
2020/9/22 01:12,1600708350,644521160,956187190
2020/9/22 01:11,1600708290,516687888,1084020402
2020/9/22 01:10,1600708230,561387800,1039320430
2020/9/22 01:09,1600708170,909397760,691310410
2020/9/22 01:08,1600708110,843496920,757211190
2020/9/22 01:07,1600708050,999094480,601613570
2020/9/22 01:06,1600707990,681218888,919489102
2020/9/22 01:05,1600707930,543827392,1056880538
2020/9/22 01:04,1600707870,792338568,808369302
2020/9/22 01:03,1600707810,570463360,1030244450
2020/9/22 01:02,1600707750,869907592,730800158
2020/9/22 01:01,1600707690,822029552,778678138
2020/9/22 01:00,1600707630,496734616,1103973014
2020/9/22 00:59,1600707570,552888920,1047818650
2020/9/22 00:58,1600707510,457729664,1142977846
2020/9/22 00:57,1600707450,810858656,789848794
2020/9/22 00:56,1600707390,573951168,1026756222
2020/9/22 00:55,1600707330,1096910000,503797330
2020/9/22 00:54,1600707270,1015446144,585261126
2020/9/22 00:53,1600707210,630471656,970235554
2020/9/22 00:52,1600707150,1060139296,540567854
2020/9/22 00:51,1600707090,929025456,671681634
2020/9/22 00:50,1600707030,999499528,601207502
2020/9/22 00:49,1600706970,629242032,971464938
2020/9/22 00:48,1600706910,546866160,1053840750
2020/9/22 00:47,1600706850,563026944,1037679906
2020/9/22 00:46,1600706790,890731776,709975014
2020/9/22 00:45,1600706730,1141362792,459343938
2020/9/22 00:44,1600706670,1039604808,561101862
2020/9/22 00:43,1600706610,940465216,660241394
2020/9/22 00:42,1600706550,1098592104,502114446
2020/9/22 00:41,1600706490,1033949752,566756738
2020/9/22 00:40,1600706430,835294376,765412054
2020/9/22 00:39,1600706370,730085632,870620738
2020/9/22 00:38,1600706310,756747784,843958526
2020/9/22 00:37,1600706250,615334520,985371730
2020/9/22 00:36,1600706190,830263688,770442502
2020/9/22 00:35,1600706130,543480344,1057225786
2020/9/22 00:34,1600706070,513573624,1087132446
2020/9/22 00:33,1600706010,648222448,952483562
2020/9/22 00:32,1600705950,571960800,1028745150
2020/9/22 00:31,1600705890,491254464,1109451426
2020/9/22 00:30,1600705830,810636560,790069270
2020/9/22 00:29,1600705770,668954664,931751106
2020/9/22 00:28,1600705710,806372480,794333230
2020/9/22 00:27,1600705650,613768392,986937258
2020/9/22 00:26,1600705590,529405704,1071299886
2020/9/22 00:25,1600705530,529387256,1071318274
2020/9/22 00:24,1600705470,1190556448,410149022
2020/9/22 00:23,1600705410,1065659808,535045602
2020/9/22 00:22,1600705350,1042598848,558106502
2020/9/22 00:21,1600705290,813735384,786969906
2020/9/22 00:20,1600705230,480451880,1120253350
2020/9/22 00:19,1600705170,949938072,650767098
2020/9/22 00:18,1600705110,752892888,847812222
2020/9/22 00:17,1600705050,707934560,892770490
2020/9/22 00:16,1600704990,600792440,999912550
2020/9/22 00:15,1600704930,619047224,981657706
2020/9/22 00:14,1600704870,514009392,1086695478
2020/9/22 00:13,1600704810,688211640,912493170
2020/9/22 00:12,1600704750,817558592,783146158
2020/9/22 00:11,1600704690,652640272,948064418
2020/9/22 00:10,1600704630,752726464,847978166
2020/9/22 00:09,1600704570,516282360,1084422210
2020/9/22 00:08,1600704510,857991120,742713390
2020/9/22 00:07,1600704450,605209728,995494722
2020/9/22 00:06,1600704390,897693528,703010862
2020/9/22 00:05,1600704330,856629312,744075018
2020/9/22 00:04,1600704270,482610728,1118093542
2020/9/22 00:03,1600704210,436464768,1164239442
2020/9/22 00:02,1600704150,741213728,859490422
2020/9/22 00:01,1600704090,717771576,882932514
2020/9/22 00:00,1600704030,631395240,969308790
2020/9/21 23:59,1600703970,684720312,915983658
2020/9/21 23:58,1600703910,739864304,860839606
2020/9/21 23:57,1600703850,579994392,1020709458
2020/9/21 23:56,1600703790,714750320,885953470
2020/9/21 23:55,1600703730,708121840,892581890
2020/9/21 23:54,1600703670,496639464,1104064206
2020/9/21 23:53,1600703610,838303416,762400194
2020/9/21 23:52,1600703550,732421344,868282206
2020/9/21 23:51,1600703490,593512168,1007191322
2020/9/21 23:50,1600703430,676071712,924631718
2020/9/21 23:49,1600703370,538084568,1062618802
2020/9/21 23:48,1600703310,701298080,899405230
2020/9/21 23:47,1600703250,595128568,1005574682
2020/9/21 23:46,1600703190,477129800,1123573390
2020/9/21 23:45,1600703130,724780656,875922474
2020/9/21 23:44,1600703070,640700160,960002910
2020/9/21 23:43,1600703010,494599440,1106103570
2020/9/21 23:42,1600702950,822559104,778143846
2020/9/21 23:41,1600702890,781866328,818836562
2020/9/21 23:40,1600702830,704776944,895925886
2020/9/21 23:39,1600702770,674638520,926064250
2020/9/21 23:38,1600702710,481660560,1119042150
2020/9/21 23:37,1600702650,554872360,1045830290
2020/9/21 23:36,1600702590,746757840,853944750
2020/9/21 23:35,1600702530,681442928,919259602
2020/9/21 23:34,1600702470,734153136,866549334
2020/9/21 23:33,1600702410,494967280,1105735130
2020/9/21 23:32,1600702350,754328688,846373662
2020/9/21 23:31,1600702290,654007384,946694906
2020/9/21 23:30,1600702230,604583088,996119142
2020/9/21 23:29,1600702170,550235320,1050466850
2020/9/21 23:28,1600702110,774849824,825852286
2020/9/21 23:27,1600702050,575032424,1025669626
2020/9/21 23:26,1600701990,728032816,872669174
2020/9/21 23:25,1600701930,650163240,950538690
2020/9/21 23:24,1600701870,559734496,1040967374
2020/9/21 23:23,1600701810,733009712,867692098
2020/9/21 23:22,1600701750,1211449072,389252678
2020/9/21 23:21,1600701690,1007112792,593588898
2020/9/21 23:20,1600701630,639347128,961354502
2020/9/21 23:19,1600701570,593458400,1007243170
2020/9/21 23:18,1600701510,635251792,965449718
2020/9/21 23:17,1600701450,628026144,972675306
2020/9/21 23:16,1600701390,532568040,1068133350
2020/9/21 23:15,1600701330,795756568,804944762
2020/9/21 23:14,1600701270,574931520,1025769750
2020/9/21 23:13,1600701210,554598576,1046102634
2020/9/21 23:12,1600701150,733783216,866917934
2020/9/21 23:11,1600701090,591752088,1008949002
2020/9/21 23:10,1600701030,588645680,1012055350
2020/9/21 23:09,1600700970,669561488,931139482
2020/9/21 23:08,1600700910,780452600,820248310
2020/9/21 23:07,1600700850,655421832,945279018
2020/9/21 23:06,1600700790,526074352,1074626438
2020/9/21 23:05,1600700730,457133936,1143566794
2020/9/21 23:04,1600700670,473324728,1127375942
2020/9/21 23:03,1600700610,740044992,860655618
2020/9/21 23:02,1600700550,552769136,1047931414
2020/9/21 23:01,1600700490,422725504,1177974986
2020/9/21 23:00,1600700430,544005280,1056695150
2020/9/21 22:59,1600700370,404690736,1196009634
2020/9/21 22:58,1600700310,581727280,1018973030
2020/9/21 22:57,1600700250,538675456,1062024794
2020/9/21 22:56,1600700190,787247136,813453054
2020/9/21 22:55,1600700130,694856096,905844034
2020/9/21 22:54,1600700070,610528600,990171470
2020/9/21 22:53,1600700010,497592464,1103107546
2020/9/21 22:52,1600699950,735154336,865545614
2020/9/21 22:51,1600699890,587913008,1012786882
2020/9/21 22:50,1600699830,536660976,1064038854
2020/9/21 22:49,1600699770,530219520,1070480250
2020/9/21 22:48,1600699710,480815600,1119884110
2020/9/21 22:47,1600699650,469387528,1131312122
2020/9/21 22:46,1600699590,656330680,944368910
2020/9/21 22:45,1600699530,499876976,1100822554
2020/9/21 22:44,1600699470,633650376,967049094
2020/9/21 22:43,1600699410,579355400,1021344010
2020/9/21 22:42,1600699350,582037936,1018661414
2020/9/21 22:41,1600699290,608185160,992514130
2020/9/21 22:40,1600699230,498541216,1102158014
2020/9/21 22:39,1600699170,411051240,1189647930
2020/9/21 22:38,1600699110,587611304,1013087806
2020/9/21 22:37,1600699050,636378344,964320706
2020/9/21 22:36,1600698990,711704944,888994046
2020/9/21 22:35,1600698930,640956544,959742386
2020/9/21 22:34,1600698870,752912784,847786086
2020/9/21 22:33,1600698810,607231944,993466866
2020/9/21 22:32,1600698750,774454000,826244750
2020/9/21 22:31,1600698690,755569912,845128778
2020/9/21 22:30,1600698630,483283448,1117415182
2020/9/21 22:29,1600698570,596887520,1003811050
2020/9/21 22:28,1600698510,543466872,1057231638
2020/9/21 22:27,1600698450,707981472,892716978
2020/9/21 22:26,1600698390,581016632,1019681758
2020/9/21 22:25,1600698330,466406744,1134291586
2020/9/21 22:24,1600698270,488904392,1111793878
2020/9/21 22:23,1600698210,431406208,1169292002
2020/9/21 22:22,1600698150,677277664,923420486
2020/9/21 22:21,1600698090,799952336,800745754
2020/9/21 22:20,1600698030,708016584,892681446
2020/9/21 22:19,1600697970,580462992,1020234978
2020/9/21 22:18,1600697910,552231176,1048466734
2020/9/21 22:17,1600697850,554195504,1046502346
2020/9/21 22:16,1600697790,575184088,1025513702
2020/9/21 22:15,1600697730,456836344,1143861386
2020/9/21 22:14,1600697670,655994160,944703510
2020/9/21 22:13,1600697610,484055600,1116642010
2020/9/21 22:12,1600697550,816265272,784432278
2020/9/21 22:11,1600697490,624532576,976164914
2020/9/21 22:10,1600697430,514592664,1086104766
2020/9/21 22:09,1600697370,856342496,744354874
2020/9/21 22:08,1600697310,823417216,777280094
2020/9/21 22:07,1600697250,559397688,1041299562
2020/9/21 22:06,1600697190,493207232,1107489958
2020/9/21 22:05,1600697130,943996744,656700386
2020/9/21 22:04,1600697070,600227144,1000469926
2020/9/21 22:03,1600697010,479610792,1121086218
2020/9/21 22:02,1600696950,960835456,639861494
2020/9/21 22:01,1600696890,872488920,728207970
2020/9/21 22:00,1600696830,510101072,1090595758
2020/9/21 21:59,1600696770,1114071240,486625530
2020/9/21 21:58,1600696710,964240248,636456462
2020/9/21 21:57,1600696650,816418120,784278530
2020/9/21 21:56,1600696590,772169208,828527382
2020/9/21 21:55,1600696530,575041560,1025654970
2020/9/21 21:54,1600696470,930318096,670378374
2020/9/21 21:53,1600696410,858825304,741871106
2020/9/21 21:52,1600696350,753766552,846929798
2020/9/21 21:51,1600696290,693747208,906949082
2020/9/21 21:50,1600696230,762684728,838011502
2020/9/21 21:49,1600696170,679665272,921030898
2020/9/21 21:48,1600696110,644592608,956103502
2020/9/21 21:47,1600696050,494518800,1106177250
2020/9/21 21:46,1600695990,467179824,1133516166
2020/9/21 21:45,1600695930,536156800,1064539130
2020/9/21 21:44,1600695870,621058120,979637750
2020/9/21 21:43,1600695810,561080600,1039615210
2020/9/21 21:42,1600695750,665465576,935230174
2020/9/21 21:41,1600695690,590435592,1010260098
2020/9/21 21:40,1600695630,776111752,824583878
2020/9/21 21:39,1600695570,548105912,1052589658
2020/9/21 21:38,1600695510,598797872,1001897638
2020/9/21 21:37,1600695450,667494888,933200562
2020/9/21 21:36,1600695390,839784168,760911222
2020/9/21 21:35,1600695330,720903336,879791994
2020/9/21 21:34,1600695270,785277744,815417526
2020/9/21 21:33,1600695210,689238208,911457002
2020/9/21 21:32,1600695150,462224848,1138470302
2020/9/21 21:31,1600695090,480641480,1120053610
2020/9/21 21:30,1600695030,543859768,1056835262
2020/9/21 21:29,1600694970,517407904,1083287066
2020/9/21 21:28,1600694910,449205512,1151489398
2020/9/21 21:27,1600694850,605650304,995044546
2020/9/21 21:26,1600694790,719364768,881330022
2020/9/21 21:25,1600694730,456058032,1144636698
2020/9/21 21:24,1600694670,635164088,965530582
2020/9/21 21:23,1600694610,548908680,1051785930
2020/9/21 21:22,1600694550,405703176,1194991374
2020/9/21 21:21,1600694490,590434256,1010260234
2020/9/21 21:20,1600694430,694893912,905800518
2020/9/21 21:19,1600694370,455403232,1145291138
2020/9/21 21:18,1600694310,660890912,939803398
2020/9/21 21:17,1600694250,579493264,1021200986
2020/9/21 21:16,1600694190,555383600,1045310590
2020/9/21 21:15,1600694130,501831248,1098862882
2020/9/21 21:14,1600694070,406364976,1194329094
2020/9/21 21:13,1600694010,405743888,1194950122
2020/9/21 21:12,1600693950,627466624,973227326
2020/9/21 21:11,1600693890,487167792,1113526098
2020/9/21 21:10,1600693830,725196928,875496902
2020/9/21 21:09,1600693770,609836096,990857674
2020/9/21 21:08,1600693710,542981968,1057711742
2020/9/21 21:07,1600693650,714056264,886637386
2020/9/21 21:06,1600693590,564874056,1035819534
2020/9/21 21:05,1600693530,506989864,1093703666
2020/9/21 21:04,1600693470,693525160,907168310
2020/9/21 21:03,1600693410,658341224,942352186
2020/9/21 21:02,1600693350,603265704,997427646
2020/9/21 21:01,1600693290,525469928,1075223362
2020/9/21 21:00,1600693230,502897944,1097795286
2020/9/21 20:59,1600693170,477982160,1122711010
2020/9/21 20:58,1600693110,424800744,1175892366
2020/9/21 20:57,1600693050,749647592,851045458
2020/9/21 20:56,1600692990,531724080,1068968910
2020/9/21 20:55,1600692930,394978080,1205714850
2020/9/21 20:54,1600692870,661522768,939170102
2020/9/21 20:53,1600692810,567556712,1033136098
2020/9/21 20:52,1600692750,658794424,941898326
2020/9/21 20:51,1600692690,541223960,1059468730
2020/9/21 20:50,1600692630,805876816,794815814
2020/9/21 20:49,1600692570,541133976,1059558594
2020/9/21 20:48,1600692510,611093456,989599054
2020/9/21 20:47,1600692450,489940152,1110752298
2020/9/21 20:46,1600692390,509560448,1091131942
2020/9/21 20:45,1600692330,529995336,1070696994
2020/9/21 20:44,1600692270,455156352,1145535918
2020/9/21 20:43,1600692210,761468832,839223378
2020/9/21 20:42,1600692150,665512816,935179334
2020/9/21 20:41,1600692090,625425480,975266610
2020/9/21 20:40,1600692030,585775400,1014916630
2020/9/21 20:39,1600691970,1086884824,513807146
2020/9/21 20:38,1600691910,1065155856,535536054
2020/9/21 20:37,1600691850,916074952,684616898
2020/9/21 20:36,1600691790,636184304,964507486
2020/9/21 20:35,1600691730,484046968,1116644762
2020/9/21 20:34,1600691670,1125690536,475001134
2020/9/21 20:33,1600691610,1141675992,459015618
2020/9/21 20:32,1600691550,930618056,670073494
2020/9/21 20:31,1600691490,789930992,810760498
2020/9/21 20:30,1600691430,702739056,897952374
2020/9/21 20:29,1600691370,531693208,1068998162
2020/9/21 20:28,1600691310,509148936,1091542374
2020/9/21 20:27,1600691250,785829632,814861618
2020/9/21 20:26,1600691190,690389472,910301718
2020/9/21 20:25,1600691130,645879840,954811290
2020/9/21 20:24,1600691070,618585264,982105806
2020/9/21 20:23,1600691010,549637296,1051053714
2020/9/21 20:22,1600690950,528712208,1071978742
2020/9/21 20:21,1600690890,516276424,1084414466
2020/9/21 20:20,1600690830,587360424,1013330406
2020/9/21 20:19,1600690770,699363320,901327450
2020/9/21 20:18,1600690710,549240944,1051449766
2020/9/21 20:17,1600690650,506013056,1094677594
2020/9/21 20:16,1600690590,391213464,1209477126
2020/9/21 20:15,1600690530,639601680,961088850
2020/9/21 20:14,1600690470,530689480,1070000990
2020/9/21 20:13,1600690410,397299160,1203391250
2020/9/21 20:12,1600690350,592677432,1008012918
2020/9/21 20:11,1600690290,472272912,1128417378
2020/9/21 20:10,1600690230,667098616,933591614
2020/9/21 20:09,1600690170,525137664,1075552506
2020/9/21 20:08,1600690111,454200064,1146490047
2020/9/21 20:07,1600690050,758347024,842343026
2020/9/21 20:06,1600689990,571176960,1029513030
2020/9/21 20:05,1600689930,462254856,1138435074
2020/9/21 20:04,1600689870,426668912,1174020958
2020/9/21 20:03,1600689810,390371280,1210318530
2020/9/21 20:02,1600689750,611065080,989624670
2020/9/21 20:01,1600689690,441790136,1158899554
2020/9/21 20:00,1600689630,618981192,981708438
2020/9/21 19:59,1600689570,646306624,954382946
2020/9/21 19:58,1600689510,629780576,970908934
2020/9/21 19:57,1600689450,507755872,1092933578
2020/9/21 19:56,1600689390,440323256,1160366134
2020/9/21 19:55,1600689330,650027040,950662290
2020/9/21 19:54,1600689270,748004128,852685142
2020/9/21 19:53,1600689210,613810768,986878442
2020/9/21 19:52,1600689150,687803600,912885550
2020/9/21 19:51,1600689090,609530592,991158498
2020/9/21 19:50,1600689030,643151328,957537702
2020/9/21 19:49,1600688970,683980208,916708762
2020/9/21 19:48,1600688910,626059208,974629702
2020/9/21 19:47,1600688850,455701400,1144987450
2020/9/21 19:46,1600688790,579349880,1021338910
2020/9/21 19:45,1600688730,589216672,1011472058
2020/9/21 19:44,1600688670,988530520,612158150
2020/9/21 19:43,1600688610,840057632,760630978
2020/9/21 19:42,1600688550,764082080,836606470
2020/9/21 19:41,1600688490,622682952,978005538
2020/9/21 19:40,1600688430,1055627424,545061006
2020/9/21 19:39,1600688370,960449592,640238778
2020/9/21 19:38,1600688310,863719072,736969238
2020/9/21 19:37,1600688250,695568576,905119674
2020/9/21 19:36,1600688190,1236813168,363875022
2020/9/21 19:35,1600688130,1047019680,553668450
2020/9/21 19:34,1600688070,984479384,616208686
2020/9/21 19:33,1600688010,908807016,691880994
2020/9/21 19:32,1600687950,765798552,834889398
2020/9/21 19:31,1600687890,495026312,1105661578
2020/9/21 19:30,1600687830,781131552,819556278
2020/9/21 19:29,1600687770,643582936,957104834
2020/9/21 19:28,1600687710,1147873560,452814150
2020/9/21 19:27,1600687650,851934448,748753202
2020/9/21 19:26,1600687590,733842824,866844766
2020/9/21 19:25,1600687530,606534264,994153266
2020/9/21 19:24,1600687470,492066032,1108621438
2020/9/21 19:23,1600687410,515320160,1085367250
2020/9/21 19:22,1600687350,522770112,1077917238
2020/9/21 19:21,1600687290,399980040,1200707250
2020/9/21 19:20,1600687230,431146904,1169540326
2020/9/21 19:19,1600687170,551969424,1048717746
2020/9/21 19:18,1600687110,655309664,945377446
2020/9/21 19:17,1600687050,447823280,1152863770
2020/9/21 19:16,1600686990,656962616,943724374
2020/9/21 19:15,1600686930,549124200,1051562730
2020/9/21 19:14,1600686870,693148112,907538758
2020/9/21 19:13,1600686810,608790888,991895922
2020/9/21 19:12,1600686750,461267184,1139419566
2020/9/21 19:11,1600686690,545218000,1055468690
2020/9/21 19:10,1600686630,666992808,933693822
2020/9/21 19:09,1600686570,530829904,1069856666
2020/9/21 19:08,1600686510,873980808,726705702
2020/9/21 19:07,1600686450,631688720,968997730
2020/9/21 19:06,1600686390,1071415688,529270702
2020/9/21 19:05,1600686330,682590880,918095450
2020/9/21 19:04,1600686270,466095968,1134590302
2020/9/21 19:03,1600686210,854867464,745818746
2020/9/21 19:02,1600686150,590685656,1010000494
2020/9/21 19:01,1600686090,478828472,1121857618
2020/9/21 19:00,1600686030,778214384,822471646
2020/9/21 18:59,1600685970,651202568,949483402
2020/9/21 18:58,1600685910,520301296,1080384614
2020/9/21 18:57,1600685850,681885288,918800562
2020/9/21 18:56,1600685790,700006288,900679502
2020/9/21 18:55,1600685730,761691800,838993930
2020/9/21 18:54,1600685670,713234504,887451166
2020/9/21 18:53,1600685610,663747656,936937954
2020/9/21 18:52,1600685550,556768856,1043916694
2020/9/21 18:51,1600685490,1006357808,594327682
2020/9/21 18:50,1600685430,725041456,875643974
2020/9/21 18:49,1600685370,872385952,728299418
2020/9/21 18:48,1600685310,481974352,1118710958
2020/9/21 18:47,1600685250,570861888,1029823362
2020/9/21 18:46,1600685190,899412608,701272582
2020/9/21 18:45,1600685130,747691928,852993202
2020/9/21 18:44,1600685070,878296176,722388894
2020/9/21 18:43,1600685010,841784040,758900970
2020/9/21 18:42,1600684950,489800400,1110884550
2020/9/21 18:41,1600684890,388634976,1212049914
2020/9/21 18:40,1600684830,773809704,826875126
2020/9/21 18:39,1600684770,727739432,872945338
2020/9/21 18:38,1600684710,681564456,919120254
2020/9/21 18:37,1600684650,730243008,870441642
2020/9/21 18:36,1600684590,502201200,1098483390
2020/9/21 18:35,1600684530,721067984,879616546
2020/9/21 18:34,1600684470,935760088,664924382
2020/9/21 18:33,1600684410,412685520,1187998890
2020/9/21 18:32,1600684350,580695888,1019988462
2020/9/21 18:31,1600684290,681962880,918721410
2020/9/21 18:30,1600684230,448176016,1152508214
2020/9/21 18:29,1600684170,902473432,698210738
2020/9/21 18:28,1600684110,771869680,828814430
2020/9/21 18:27,1600684050,668877768,931806282
2020/9/21 18:26,1600683990,549082528,1051601462
2020/9/21 18:25,1600683930,1205222048,395461882
2020/9/21 18:24,1600683870,1049836784,550847086
2020/9/21 18:23,1600683810,925697288,674986522
2020/9/21 18:22,1600683750,783533168,817150582
2020/9/21 18:21,1600683690,743758584,856925106
2020/9/21 18:20,1600683630,643202144,957481486
2020/9/21 18:19,1600683570,598230624,1002452946
2020/9/21 18:18,1600683510,453430608,1147252902
2020/9/21 18:17,1600683450,612226448,988457002
2020/9/21 18:16,1600683390,441644240,1159039150
2020/9/21 18:15,1600683330,501976288,1098707042
2020/9/21 18:14,1600683270,464363152,1136320118
2020/9/21 18:13,1600683210,428774480,1171908730
2020/9/21 18:12,1600683150,480870752,1119812398
2020/9/21 18:11,1600683090,645255536,955427554
2020/9/21 18:10,1600683030,607951232,992731798
2020/9/21 18:09,1600682970,356550008,1244132962
2020/9/21 18:08,1600682910,561518264,1039164646
2020/9/21 18:07,1600682850,644813080,955869770
2020/9/21 18:06,1600682790,537931536,1062751254
2020/9/21 18:05,1600682730,1129059272,471623458
2020/9/21 18:04,1600682670,1077488944,523193726
2020/9/21 18:03,1600682610,984425808,616256802
2020/9/21 18:02,1600682550,692210296,908472254
2020/9/21 18:01,1600682490,626973888,973708602
2020/9/21 18:00,1600682430,579084848,1021597582
2020/9/21 17:59,1600682370,472316072,1128366298
2020/9/21 17:58,1600682310,652025808,948656502
2020/9/21 17:57,1600682250,928745480,671936770
2020/9/21 17:56,1600682190,511315608,1089366582
2020/9/21 17:55,1600682130,623609856,977072274
2020/9/21 17:54,1600682070,605270400,995411670
2020/9/21 17:53,1600682010,484972664,1115709346
2020/9/21 17:52,1600681950,457578656,1143103294
2020/9/21 17:51,1600681890,545553080,1055128810
2020/9/21 17:50,1600681830,663625312,937056518
2020/9/21 17:49,1600681770,509956816,1090724954
2020/9/21 17:48,1600681710,459141648,1141540062
2020/9/21 17:47,1600681650,560135392,1040546258
2020/9/21 17:46,1600681590,496546752,1104134838
2020/9/21 17:45,1600681530,386227304,1214454226
2020/9/21 17:44,1600681470,855871008,744810462
2020/9/21 17:43,1600681410,842034864,758646546
2020/9/21 17:42,1600681350,745481656,855199694
2020/9/21 17:41,1600681290,714896264,885785026
2020/9/21 17:40,1600681230,605314984,995366246
2020/9/21 17:39,1600681170,443411080,1157270090
2020/9/21 17:38,1600681110,651978136,948702974
2020/9/21 17:37,1600681050,474439368,1126241682
2020/9/21 17:36,1600680990,952891736,647789254
2020/9/21 17:35,1600680930,550154096,1050526834
2020/9/21 17:34,1600680870,401523984,1199156886
2020/9/21 17:33,1600680810,557175304,1043505506
2020/9/21 17:32,1600680750,539913728,1060767022
2020/9/21 17:31,1600680690,411988584,1188692106
2020/9/21 17:30,1600680630,393998848,1206681782
2020/9/21 17:29,1600680570,526466304,1074214266
2020/9/21 17:28,1600680510,479404960,1121275550
2020/9/21 17:27,1600680450,445259112,1155421338
2020/9/21 17:26,1600680390,506497248,1094183142
2020/9/21 17:25,1600680330,434098104,1166582226
2020/9/21 17:24,1600680270,352930624,1247749646
2020/9/21 17:23,1600680210,659492192,941188018
2020/9/21 17:22,1600680150,597806176,1002873974
2020/9/21 17:21,1600680090,590088600,1010591490
2020/9/21 17:20,1600680030,371415704,1229264326
2020/9/21 17:19,1600679970,822277744,778402226
2020/9/21 17:18,1600679910,376659768,1224020142
2020/9/21 17:17,1600679850,428689408,1171990442
2020/9/21 17:16,1600679790,503638056,1097041734
2020/9/21 17:15,1600679730,407520976,1193158754
2020/9/21 17:14,1600679670,477957728,1122721942
2020/9/21 17:13,1600679610,447401816,1153277794
2020/9/21 17:12,1600679550,529177608,1071501942
2020/9/21 17:11,1600679490,435421200,1165258290
2020/9/21 17:10,1600679430,399393384,1201286046
2020/9/21 17:09,1600679370,352751048,1247928322
2020/9/21 17:08,1600679310,468480080,1132199230
2020/9/21 17:07,1600679250,440202904,1160476346
2020/9/21 17:06,1600679190,770409376,830269814
2020/9/21 17:05,1600679130,684754888,915924242
2020/9/21 17:04,1600679070,590459680,1010219390
2020/9/21 17:03,1600679010,459339456,1141339554
2020/9/21 17:02,1600678950,590339176,1010339774
2020/9/21 17:01,1600678890,478984248,1121694642
2020/9/21 17:00,1600678830,644902144,955776686
2020/9/21 16:59,1600678770,612827168,987851602
2020/9/21 16:58,1600678710,425898440,1174780270
2020/9/21 16:57,1600678650,693367632,907311018
2020/9/21 16:56,1600678590,743373768,857304822
2020/9/21 16:55,1600678530,463331200,1137347330
2020/9/21 16:54,1600678470,793455312,807223158
2020/9/21 16:53,1600678410,659712064,940966346
2020/9/21 16:52,1600678350,557159560,1043518790
2020/9/21 16:51,1600678290,432184256,1168494034
2020/9/21 16:50,1600678230,777718112,822960118
2020/9/21 16:49,1600678170,719928488,880749682
2020/9/21 16:48,1600678110,471017744,1129660366
2020/9/21 16:47,1600678050,1162173656,438504394
2020/9/21 16:46,1600677990,1044871688,555806302
2020/9/21 16:45,1600677930,916352816,684325114
2020/9/21 16:44,1600677870,578830056,1021847814
2020/9/21 16:43,1600677810,609620440,991057370
2020/9/21 16:42,1600677750,648925632,951752118
2020/9/21 16:41,1600677690,616750112,983927578
2020/9/21 16:40,1600677630,480350944,1120326686
2020/9/21 16:39,1600677570,638140936,962536634
2020/9/21 16:38,1600677510,871983280,728694230
2020/9/21 16:37,1600677450,554132320,1046545130
2020/9/21 16:36,1600677390,796275016,804402374
2020/9/21 16:35,1600677330,738101752,862575578
2020/9/21 16:34,1600677270,627409928,973267342
2020/9/21 16:33,1600677210,464602584,1136074626
2020/9/21 16:32,1600677150,834566936,766110214
2020/9/21 16:31,1600677090,1023913128,576763962
2020/9/21 16:30,1600677030,1087030232,513646798
2020/9/21 16:29,1600676970,625487952,975189018
2020/9/21 16:28,1600676910,1015929936,584746974
2020/9/21 16:27,1600676850,833444008,767232842
2020/9/21 16:26,1600676790,559176184,1041500606
2020/9/21 16:25,1600676730,441785912,1158890818
2020/9/21 16:24,1600676670,1031356016,569320654
2020/9/21 16:23,1600676610,756371000,844305610
2020/9/21 16:22,1600676550,446352240,1154324310
2020/9/21 16:21,1600676490,627898280,972778210
2020/9/21 16:20,1600676430,640467816,960208614
2020/9/21 16:19,1600676370,583607312,1017069058
2020/9/21 16:18,1600676310,497734584,1102941726
2020/9/21 16:17,1600676250,575031848,1025644402
2020/9/21 16:16,1600676190,650607304,950068886
2020/9/21 16:15,1600676130,675700536,924975594
2020/9/21 16:14,1600676070,564762544,1035913526
2020/9/21 16:13,1600676010,424717992,1175958018
2020/9/21 16:12,1600675950,434447680,1166228270
2020/9/21 16:11,1600675890,604608568,996067322
2020/9/21 16:10,1600675830,443772736,1156903094
2020/9/21 16:09,1600675770,545417560,1055258210
2020/9/21 16:08,1600675710,710567720,890107990
2020/9/21 16:07,1600675650,497919864,1102755786
2020/9/21 16:06,1600675590,594590984,1006084606
2020/9/21 16:05,1600675530,363164016,1237511514
2020/9/21 16:04,1600675470,693091424,907584046
2020/9/21 16:03,1600675410,542507720,1058167690
2020/9/21 16:02,1600675350,938202248,662473102
2020/9/21 16:01,1600675290,563981304,1036693986
2020/9/21 16:00,1600675230,348791552,1251883678
2020/9/21 15:59,1600675170,658109848,942565322
2020/9/21 15:58,1600675110,534482608,1066192502
2020/9/21 15:57,1600675050,534464352,1066210698
2020/9/21 15:56,1600674990,516600464,1084074526
2020/9/21 15:55,1600674930,492097168,1108577762
2020/9/21 15:54,1600674870,510255400,1090419470
2020/9/21 15:53,1600674810,781130904,819543906
2020/9/21 15:52,1600674750,661919336,938755414
2020/9/21 15:51,1600674690,450607992,1150066698
2020/9/21 15:50,1600674630,630403696,970270934
2020/9/21 15:49,1600674570,807852920,792821650
2020/9/21 15:48,1600674510,423287560,1177386950
2020/9/21 15:47,1600674450,823267184,777407266
2020/9/21 15:46,1600674390,507557920,1093116470
2020/9/21 15:45,1600674330,787866552,812807778
2020/9/21 15:44,1600674270,569285328,1031388942
2020/9/21 15:43,1600674210,601535352,999138858
2020/9/21 15:42,1600674150,495570416,1105103734
2020/9/21 15:41,1600674090,629822200,970851890
2020/9/21 15:40,1600674030,522291728,1078382302
2020/9/21 15:39,1600673970,614276456,986397514
2020/9/21 15:38,1600673910,593463888,1007210022
2020/9/21 15:37,1600673850,765725992,834947858
2020/9/21 15:36,1600673790,625526744,975147046
2020/9/21 15:35,1600673730,492601664,1108072066
2020/9/21 15:34,1600673670,435809616,1164864054
2020/9/21 15:33,1600673610,449164392,1151509218
2020/9/21 15:32,1600673550,481555216,1119118334
2020/9/21 15:31,1600673490,790726000,809947490
2020/9/21 15:30,1600673430,425962168,1174711262
2020/9/21 15:29,1600673370,1085157392,515515978
2020/9/21 15:28,1600673310,639400448,961272862
2020/9/21 15:27,1600673250,469611912,1131061338
2020/9/21 15:26,1600673190,728564584,872108606
2020/9/21 15:25,1600673130,440656080,1160017050
2020/9/21 15:24,1600673070,576667728,1024005342
2020/9/21 15:23,1600673010,615521944,985151066
2020/9/21 15:22,1600672950,621734648,978938302
2020/9/21 15:21,1600672890,465806984,1134865906
2020/9/21 15:20,1600672830,721468040,879204790
2020/9/21 15:19,1600672770,589541512,1011131258
2020/9/21 15:18,1600672710,575395128,1025277582
2020/9/21 15:17,1600672650,362260624,1238412026
2020/9/21 15:16,1600672590,526629392,1074043198
2020/9/21 15:15,1600672530,761324456,839348074
2020/9/21 15:14,1600672470,533460088,1067212382
2020/9/21 15:13,1600672410,400820176,1199852234
2020/9/21 15:12,1600672350,341069864,1259602486
2020/9/21 15:11,1600672290,398350496,1202321794
2020/9/21 15:10,1600672230,570374032,1030298198
2020/9/21 15:09,1600672170,658812352,941859818
2020/9/21 15:08,1600672110,660709528,939962582
2020/9/21 15:07,1600672050,639270472,961401578
2020/9/21 15:06,1600671990,446470760,1154201230
2020/9/21 15:05,1600671930,651906792,948765138
2020/9/21 15:04,1600671870,444376608,1156295262
2020/9/21 15:03,1600671810,582998120,1017673690
2020/9/21 15:02,1600671750,470978320,1129693430
2020/9/21 15:01,1600671690,599341584,1001330106
2020/9/21 15:00,1600671630,501413288,1099258342
2020/9/21 14:59,1600671570,555168136,1045503434
2020/9/21 14:58,1600671510,666442376,934229134
2020/9/21 14:57,1600671450,459356848,1141314602
2020/9/21 14:56,1600671390,546628656,1054042734
2020/9/21 14:55,1600671330,611680520,988990810
2020/9/21 14:54,1600671270,347989752,1252681518
2020/9/21 14:53,1600671210,433299472,1167371738
2020/9/21 14:52,1600671150,873912368,726758782
2020/9/21 14:51,1600671090,826825864,773845226
2020/9/21 14:50,1600671030,601721536,998949494
2020/9/21 14:49,1600670970,480259800,1120411170
2020/9/21 14:48,1600670910,449162320,1151508590
2020/9/21 14:47,1600670850,565140704,1035530146
2020/9/21 14:46,1600670790,427121928,1173548862
2020/9/21 14:45,1600670730,396475984,1204194746
2020/9/21 14:44,1600670670,506184984,1094485686
2020/9/21 14:43,1600670610,417159536,1183511074
2020/9/21 14:42,1600670550,538183960,1062486590
2020/9/21 14:41,1600670490,709382888,891287602
2020/9/21 14:40,1600670430,484179440,1116490990
2020/9/21 14:39,1600670370,359352976,1241317394
2020/9/21 14:38,1600670310,505972528,1094697782
2020/9/21 14:37,1600670250,546620864,1054049386
2020/9/21 14:36,1600670190,636765616,963904574
2020/9/21 14:35,1600670130,412431576,1188238554
2020/9/21 14:34,1600670070,552986560,1047683510
2020/9/21 14:33,1600670010,484394344,1116275666
2020/9/21 14:32,1600669950,541103128,1059566822
2020/9/21 14:31,1600669890,504349296,1096320594
2020/9/21 14:30,1600669830,645683088,954986742
2020/9/21 14:29,1600669770,516434256,1084235514
2020/9/21 14:28,1600669710,403004368,1197665342
2020/9/21 14:27,1600669650,439745920,1160923730
2020/9/21 14:26,1600669590,449844688,1150824902
2020/9/21 14:25,1600669530,494006376,1106663154
2020/9/21 14:24,1600669470,846477096,754192374
2020/9/21 14:23,1600669410,402609840,1198059570
2020/9/21 14:22,1600669350,617770584,982898766
2020/9/21 14:21,1600669290,476866224,1123803066
2020/9/21 14:20,1600669230,390426440,1210242790
2020/9/21 14:19,1600669170,675929584,924739586
2020/9/21 14:18,1600669110,521999752,1078669358
2020/9/21 14:17,1600669050,417020032,1183649018
2020/9/21 14:16,1600668990,570854976,1029814014
2020/9/21 14:15,1600668930,424938336,1175730594
2020/9/21 14:14,1600668870,520025248,1080643622
2020/9/21 14:13,1600668810,387540216,1213128594
2020/9/21 14:12,1600668750,685154464,915514286
2020/9/21 14:11,1600668690,496621152,1104047538
2020/9/21 14:10,1600668630,288458784,1312209846
2020/9/21 14:09,1600668570,522143792,1078524778
2020/9/21 14:08,1600668510,493045512,1107622998
2020/9/21 14:07,1600668450,408331616,1192336834
2020/9/21 14:06,1600668390,644452808,956215582
2020/9/21 14:05,1600668330,491949000,1108719330
2020/9/21 14:04,1600668270,351829520,1248838750
2020/9/21 14:03,1600668210,616550720,984117490
2020/9/21 14:02,1600668150,674673496,925994654
2020/9/21 14:01,1600668090,704247560,896420530
2020/9/21 14:00,1600668030,600090248,1000577782
2020/9/21 13:59,1600667970,703426536,897241434
2020/9/21 13:58,1600667910,677589608,923078302
2020/9/21 13:57,1600667850,574442200,1026225650
2020/9/21 13:56,1600667790,861880808,738786982
2020/9/21 13:55,1600667730,671183848,929483882
2020/9/21 13:54,1600667670,559512144,1041155526
2020/9/21 13:53,1600667610,1070017640,530649970
2020/9/21 13:52,1600667550,861920968,738746582
2020/9/21 13:51,1600667490,629267384,971400106
2020/9/21 13:50,1600667430,1044240720,556426710
2020/9/21 13:49,1600667370,379661280,1221006090
2020/9/21 13:48,1600667310,510629112,1090038198
2020/9/21 13:47,1600667250,969369728,631297522
2020/9/21 13:46,1600667190,647614424,953052766
2020/9/21 13:45,1600667130,391035288,1209631842
2020/9/21 13:44,1600667070,1026362376,574304694
2020/9/21 13:43,1600667010,902645096,698021914
2020/9/21 13:42,1600666950,731456296,869210654
2020/9/21 13:41,1600666890,533464432,1067202458
2020/9/21 13:40,1600666830,1070960120,529706710
2020/9/21 13:39,1600666770,736352472,864314298
2020/9/21 13:38,1600666710,649768536,950898174
2020/9/21 13:37,1600666650,673846512,926820138
2020/9/21 13:36,1600666590,1108429472,492237118
2020/9/21 13:35,1600666530,661406000,939260530
2020/9/21 13:34,1600666470,1096764944,503901526
2020/9/21 13:33,1600666410,925362712,675303698
2020/9/21 13:32,1600666350,974225792,626440558
2020/9/21 13:31,1600666290,719440840,881225450
2020/9/21 13:30,1600666230,694259400,906406830
2020/9/21 13:29,1600666170,666738336,933927834
2020/9/21 13:28,1600666110,929222568,671443542
2020/9/21 13:27,1600666050,716321160,884344890
2020/9/21 13:26,1600665990,764148456,836517534
2020/9/21 13:25,1600665930,581138480,1019527450
2020/9/21 13:24,1600665870,440577432,1160088438
2020/9/21 13:23,1600665810,1149959368,450706442
2020/9/21 13:22,1600665750,887294696,713371054
2020/9/21 13:21,1600665690,916528176,684137514
2020/9/21 13:20,1600665630,589429840,1011235790
2020/9/21 13:19,1600665570,526926656,1073738914
2020/9/21 13:18,1600665510,385960352,1214705158
2020/9/21 13:17,1600665450,776952872,823712578
2020/9/21 13:16,1600665390,1106210744,494454646
2020/9/21 13:15,1600665330,1031340936,569324394
2020/9/21 13:14,1600665270,683514368,917150902
2020/9/21 13:13,1600665210,637132224,963532986
2020/9/21 13:12,1600665150,835052808,765612342
2020/9/21 13:11,1600665090,766087688,834577402
2020/9/21 13:10,1600665030,575537480,1025127550
2020/9/21 13:09,1600664970,1033113200,567551770
2020/9/21 13:08,1600664910,844471440,756193470
2020/9/21 13:07,1600664850,487714440,1112950410
2020/9/21 13:06,1600664790,426719104,1173945686
2020/9/21 13:05,1600664730,532550656,1068114074
2020/9/21 13:04,1600664670,388181808,1212482862
2020/9/21 13:03,1600664610,604867192,995797418
2020/9/21 13:02,1600664550,761005040,839659510
2020/9/21 13:01,1600664490,413224560,1187439930
2020/9/21 13:00,1600664430,638044376,962620054
2020/9/21 12:59,1600664370,409977376,1190686994
2020/9/21 12:58,1600664310,671099704,929564606
2020/9/21 12:57,1600664250,482368384,1118295866
2020/9/21 12:56,1600664190,283333688,1317330502
2020/9/21 12:55,1600664130,361576584,1239087546
2020/9/21 12:54,1600664070,514413976,1086250094
2020/9/21 12:53,1600664010,372729112,1227934898
2020/9/21 12:52,1600663950,347908336,1252755614
2020/9/21 12:51,1600663890,451187888,1149476002
2020/9/21 12:50,1600663830,342391360,1258272470
2020/9/21 12:49,1600663770,503451656,1097212114
2020/9/21 12:48,1600663710,749568056,851095654
2020/9/21 12:47,1600663650,418344280,1182319370
2020/9/21 12:46,1600663590,355378024,1245285566
2020/9/21 12:45,1600663530,818101784,782561746
2020/9/21 12:44,1600663470,771870072,828793398
2020/9/21 12:43,1600663410,511903104,1088760306
2020/9/21 12:42,1600663350,363860608,1236802742
2020/9/21 12:41,1600663290,320893144,1279770146
2020/9/21 12:40,1600663230,999320752,601342478
2020/9/21 12:39,1600663170,574598752,1026064418
2020/9/21 12:38,1600663110,344379904,1256283206
2020/9/21 12:37,1600663050,521705688,1078957362
2020/9/21 12:36,1600662990,288386576,1312276414
2020/9/21 12:35,1600662930,432796432,1167866498
2020/9/21 12:34,1600662870,468135816,1132527054
2020/9/21 12:33,1600662810,405481936,1195180874
2020/9/21 12:32,1600662750,350903112,1249759638
2020/9/21 12:31,1600662690,438925408,1161737282
2020/9/21 12:30,1600662630,409874568,1190788062
2020/9/21 12:29,1600662570,380307952,1220354618
2020/9/21 12:28,1600662510,349487712,1251174798
2020/9/21 12:27,1600662450,367761168,1232901282
2020/9/21 12:26,1600662390,492496736,1108165654
2020/9/21 12:25,1600662330,440862416,1159799914
2020/9/21 12:24,1600662270,431426336,1169235934
2020/9/21 12:23,1600662210,438013488,1162648722
2020/9/21 12:22,1600662150,591007144,1009655006
2020/9/21 12:21,1600662090,321687832,1278974258
2020/9/21 12:20,1600662030,355442376,1245219654
2020/9/21 12:19,1600661970,534800848,1065861122
2020/9/21 12:18,1600661910,447308808,1153353102
2020/9/21 12:17,1600661850,655888176,944773674
2020/9/21 12:16,1600661790,460914808,1139746982
2020/9/21 12:15,1600661730,310424568,1290237162
2020/9/21 12:14,1600661670,534605144,1066056526
2020/9/21 12:13,1600661610,426570264,1174091346
2020/9/21 12:12,1600661550,527923176,1072738374
2020/9/21 12:11,1600661490,261520552,1339140938
2020/9/21 12:10,1600661430,364850744,1235810686
2020/9/21 12:09,1600661370,464877664,1135783706
2020/9/21 12:08,1600661310,370740544,1229920766
2020/9/21 12:07,1600661250,457834880,1142826370
2020/9/21 12:06,1600661190,399669848,1200991342
2020/9/21 12:05,1600661130,368914096,1231747034
2020/9/21 12:04,1600661070,481628904,1119032166
2020/9/21 12:03,1600661010,346046024,1254614986
2020/9/21 12:02,1600660950,264828816,1335832134
2020/9/21 12:01,1600660890,272259240,1328401650
2020/9/21 12:00,1600660830,575252048,1025408782
2020/9/21 11:59,1600660770,305719080,1294941690
2020/9/21 11:58,1600660710,324419696,1276241014
2020/9/21 11:57,1600660650,440881160,1159779490
2020/9/21 11:56,1600660590,501074104,1099586486
2020/9/21 11:55,1600660530,429686592,1170973938
2020/9/21 11:54,1600660470,524274184,1076386286
2020/9/21 11:53,1600660410,489877400,1110783010
2020/9/21 11:52,1600660350,409139136,1191521214
2020/9/21 11:51,1600660290,312464256,1288196034
2020/9/21 11:50,1600660230,258191544,1342468686
2020/9/21 11:49,1600660170,429211944,1171448226
2020/9/21 11:48,1600660110,336263488,1264396622
2020/9/21 11:47,1600660050,259753840,1340906210
2020/9/21 11:46,1600659990,595655792,1005004198
2020/9/21 11:45,1600659930,407544912,1193115018
2020/9/21 11:44,1600659870,613352288,987307582
2020/9/21 11:43,1600659810,482126152,1118533658
2020/9/21 11:42,1600659750,651040160,949619590
2020/9/21 11:41,1600659690,588509376,1012150314
2020/9/21 11:40,1600659630,526938128,1073721502
2020/9/21 11:39,1600659570,647989080,952670490
2020/9/21 11:38,1600659510,344458152,1256201358
2020/9/21 11:37,1600659450,345679040,1254980410
2020/9/21 11:36,1600659390,448653568,1152005822
2020/9/21 11:35,1600659330,366246304,1234413026
2020/9/21 11:34,1600659270,452295792,1148363478
2020/9/21 11:33,1600659210,289492480,1311166730
2020/9/21 11:32,1600659150,478752408,1121906742
2020/9/21 11:31,1600659090,390746680,1209912410
2020/9/21 11:30,1600659030,443278512,1157380518
2020/9/21 11:29,1600658970,389875688,1210783282
2020/9/21 11:28,1600658910,281040424,1319618486
2020/9/21 11:27,1600658850,520533528,1080125322
2020/9/21 11:26,1600658790,748911656,851747134
2020/9/21 11:25,1600658730,320509832,1280148898
2020/9/21 11:24,1600658670,412970872,1187687798
2020/9/21 11:23,1600658610,661938608,938720002
2020/9/21 11:22,1600658550,318730400,1281928150
2020/9/21 11:21,1600658490,333578520,1267079970
2020/9/21 11:20,1600658430,404276664,1196381766
2020/9/21 11:19,1600658370,279330224,1321328146
2020/9/21 11:18,1600658310,261951488,1338706822
2020/9/21 11:17,1600658250,337628904,1263029346
2020/9/21 11:16,1600658190,494873016,1105785174
2020/9/21 11:15,1600658130,360624952,1240033178
2020/9/21 11:14,1600658070,440232008,1160426062
2020/9/21 11:13,1600658010,503612912,1097045098
2020/9/21 11:12,1600657950,677004592,923653358
2020/9/21 11:11,1600657890,313295560,1287362330
2020/9/21 11:10,1600657830,759376152,841281678
2020/9/21 11:09,1600657770,691936264,908721506
2020/9/21 11:08,1600657710,651089864,949567846
2020/9/21 11:07,1600657650,397227016,1203430634
2020/9/21 11:06,1600657590,332718176,1267939414
2020/9/21 11:05,1600657530,976736336,623921194
2020/9/21 11:04,1600657470,340065592,1260591878
2020/9/21 11:03,1600657410,379742264,1220915146
2020/9/21 11:02,1600657350,477812872,1122844478
2020/9/21 11:01,1600657290,448941720,1151715570
2020/9/21 11:00,1600657230,257255200,1343402030
2020/9/21 10:59,1600657170,570401560,1030255610
2020/9/21 10:58,1600657110,415492640,1185164470
2020/9/21 10:57,1600657050,563539976,1037117074
2020/9/21 10:56,1600656990,367176536,1233480454
2020/9/21 10:55,1600656930,653318432,947338498
2020/9/21 10:54,1600656870,572665832,1027991038
2020/9/21 10:53,1600656810,518796000,1081860810
2020/9/21 10:52,1600656750,713921984,886734766
2020/9/21 10:51,1600656690,566996896,1033659794
2020/9/21 10:50,1600656630,341093904,1259562726
2020/9/21 10:49,1600656570,371330456,1229326114
2020/9/21 10:48,1600656510,740485424,860171086
2020/9/21 10:47,1600656450,349375296,1251281154
2020/9/21 10:46,1600656390,479416400,1121239990
2020/9/21 10:45,1600656330,404584888,1196071442
2020/9/21 10:44,1600656270,326325152,1274331118
2020/9/21 10:43,1600656210,492247208,1108409002
2020/9/21 10:42,1600656150,611389200,989266950
2020/9/21 10:41,1600656090,720224128,880431962
2020/9/21 10:40,1600656030,570891336,1029764694
2020/9/21 10:39,1600655970,327525640,1273130330
2020/9/21 10:38,1600655910,573792640,1026863270
2020/9/21 10:37,1600655850,418305632,1182350218
2020/9/21 10:36,1600655790,565369432,1035286358
2020/9/21 10:35,1600655730,514300720,1086355010
2020/9/21 10:34,1600655670,519061448,1081594222
2020/9/21 10:33,1600655610,327990816,1272664794
2020/9/21 10:32,1600655550,448845504,1151810046
2020/9/21 10:31,1600655490,312532168,1288123322
2020/9/21 10:30,1600655430,744717120,855938310
2020/9/21 10:29,1600655370,599978640,1000676730
2020/9/21 10:28,1600655310,652558000,948097310
2020/9/21 10:27,1600655250,500194624,1100460626
2020/9/21 10:26,1600655190,463955344,1136699846
2020/9/21 10:25,1600655130,409686096,1190969034
2020/9/21 10:24,1600655070,336793960,1263861110
2020/9/21 10:23,1600655010,276238480,1324416530
2020/9/21 10:22,1600654950,471708104,1128946846
2020/9/21 10:21,1600654890,303811672,1296843218
2020/9/21 10:20,1600654830,627549240,973105590
2020/9/21 10:19,1600654770,652937088,947717682
2020/9/21 10:18,1600654710,566461136,1034193574
2020/9/21 10:17,1600654650,651373128,949281522
2020/9/21 10:16,1600654590,309378280,1291276310
2020/9/21 10:15,1600654530,388872600,1211781930
2020/9/21 10:14,1600654470,694760656,905893814
2020/9/21 10:13,1600654410,246350408,1354304002
2020/9/21 10:12,1600654350,743443736,857210614
2020/9/21 10:11,1600654290,431362632,1169291658
2020/9/21 10:10,1600654230,328479888,1272174342
2020/9/21 10:09,1600654170,283998104,1316656066
2020/9/21 10:08,1600654110,301496984,1299157126
2020/9/21 10:07,1600654050,631953496,968700554
2020/9/21 10:06,1600653990,380941448,1219712542
2020/9/21 10:05,1600653930,763922016,836731914
2020/9/21 10:04,1600653870,371193520,1229460350
2020/9/21 10:03,1600653810,773117312,827536498
2020/9/21 10:02,1600653750,416544216,1184109534
2020/9/21 10:01,1600653690,458677112,1141976578
2020/9/21 10:00,1600653630,418659864,1181993766
2020/9/21 09:59,1600653570,377572056,1223081514
2020/9/21 09:58,1600653510,505860232,1094793278
2020/9/21 09:57,1600653450,474914208,1125739242
2020/9/21 09:56,1600653390,321593656,1279059734
2020/9/21 09:55,1600653330,651293792,949359538
2020/9/21 09:54,1600653270,599419584,1001233686
2020/9/21 09:53,1600653210,583636800,1017016410
2020/9/21 09:52,1600653150,488192832,1112460318
2020/9/21 09:51,1600653090,296717792,1303935298
2020/9/21 09:50,1600653030,537369376,1063283654
2020/9/21 09:49,1600652970,372518776,1228134194
2020/9/21 09:48,1600652910,486067200,1114585710
2020/9/21 09:47,1600652850,221728016,1378924834
2020/9/21 09:46,1600652790,299088576,1301564214
2020/9/21 09:45,1600652730,458832568,1141820162
2020/9/21 09:44,1600652670,368062960,1232589710
2020/9/21 09:43,1600652610,555728376,1044924234
2020/9/21 09:42,1600652550,269048280,1331604270
2020/9/21 09:41,1600652490,688780048,911872442
2020/9/21 09:40,1600652430,309198600,1291453830
2020/9/21 09:39,1600652370,349976976,1250675394
2020/9/21 09:38,1600652310,509793000,1090859310
2020/9/21 09:37,1600652250,354945208,1245707042
2020/9/21 09:36,1600652190,498710928,1101941262
2020/9/21 09:35,1600652130,282543328,1318108802
2020/9/21 09:34,1600652070,361760584,1238891486
2020/9/21 09:33,1600652010,299619872,1301032138
2020/9/21 09:32,1600651950,246105688,1354546262
2020/9/21 09:31,1600651890,601463800,999188090
2020/9/21 09:30,1600651830,405288672,1195363158
2020/9/21 09:29,1600651770,541480280,1059171490
2020/9/21 09:28,1600651710,397294392,1203357318
2020/9/21 09:27,1600651650,318395056,1282256594
2020/9/21 09:26,1600651590,807076040,793575550
2020/9/21 09:25,1600651530,626548808,974102722
2020/9/21 09:24,1600651470,268473400,1332178070
2020/9/21 09:23,1600651410,634162168,966489242
2020/9/21 09:22,1600651350,646123584,954527766
2020/9/21 09:21,1600651290,539805232,1060846058
2020/9/21 09:20,1600651230,415282864,1185368366
2020/9/21 09:19,1600651170,378009944,1222641226
2020/9/21 09:18,1600651110,308114392,1292536718
2020/9/21 09:17,1600651050,601057320,999593730
2020/9/21 09:16,1600650990,866504432,734146558
2020/9/21 09:15,1600650930,532275144,1068375786
2020/9/21 09:14,1600650870,425134312,1175516558
2020/9/21 09:13,1600650810,418488304,1182162506
2020/9/21 09:12,1600650750,697867624,902783126
2020/9/21 09:11,1600650690,594907944,1005742746
2020/9/21 09:10,1600650630,535295616,1065355014
2020/9/21 09:09,1600650570,295803128,1304847442
2020/9/21 09:08,1600650510,689844968,910805542
2020/9/21 09:07,1600650450,530574648,1070075802
2020/9/21 09:06,1600650390,788461384,812189006
2020/9/21 09:05,1600650330,971670440,628979890
2020/9/21 09:04,1600650270,385544168,1215106102
2020/9/21 09:03,1600650210,328987232,1271662978
2020/9/21 09:02,1600650150,376121048,1224529102
2020/9/21 09:01,1600650090,862386016,738264074
2020/9/21 09:00,1600650030,714280896,886369134
2020/9/21 08:59,1600649970,430160584,1170489386
2020/9/21 08:58,1600649910,256931016,1343718894
2020/9/21 08:57,1600649850,232075736,1368574114
2020/9/21 08:56,1600649790,304598536,1296051254
2020/9/21 08:55,1600649730,317581752,1283067978
2020/9/21 08:54,1600649670,420015672,1180633998
2020/9/21 08:53,1600649610,299942440,1300707170
2020/9/21 08:52,1600649550,382757672,1217891878
2020/9/21 08:51,1600649490,260375472,1340274018
2020/9/21 08:50,1600649430,324380184,1276269246
2020/9/21 08:49,1600649370,284530520,1316118850
2020/9/21 08:48,1600649310,469734824,1130914486
2020/9/21 08:47,1600649250,495915112,1104734138
2020/9/21 08:46,1600649190,443664328,1156984862
2020/9/21 08:45,1600649130,284811256,1315837874
2020/9/21 08:44,1600649070,310447272,1290201798
2020/9/21 08:43,1600649010,345895184,1254753826
2020/9/21 08:42,1600648950,263145616,1337503334
2020/9/21 08:41,1600648890,273917472,1326731418
2020/9/21 08:40,1600648830,327507776,1273141054
2020/9/21 08:39,1600648770,443099936,1157548834
2020/9/21 08:38,1600648710,365072560,1235576150
2020/9/21 08:37,1600648650,487724424,1112924226
2020/9/21 08:36,1600648590,450756336,1149892254
2020/9/21 08:35,1600648530,380649208,1219999322
2020/9/21 08:34,1600648470,404637144,1196011326
2020/9/21 08:33,1600648410,396516856,1204131554
2020/9/21 08:32,1600648350,389542488,1211105862
2020/9/21 08:31,1600648290,507223032,1093425258
2020/9/21 08:30,1600648230,477957288,1122690942
2020/9/21 08:29,1600648170,335470544,1265177626
2020/9/21 08:28,1600648110,774973112,825674998
2020/9/21 08:27,1600648050,586360800,1014287250
2020/9/21 08:26,1600647990,561988976,1038659014
2020/9/21 08:25,1600647930,359441104,1241206826
2020/9/21 08:24,1600647870,260985488,1339662382
2020/9/21 08:23,1600647810,388956808,1211691002
2020/9/21 08:22,1600647750,239509272,1361138478
2020/9/21 08:21,1600647690,411336432,1189311258
2020/9/21 08:20,1600647630,345271648,1255375982
2020/9/21 08:19,1600647570,354889056,1245758514
2020/9/21 08:18,1600647510,301073424,1299574086
2020/9/21 08:17,1600647450,430636048,1170011402
2020/9/21 08:16,1600647390,350289072,1250358318
2020/9/21 08:15,1600647330,292029336,1308617994
2020/9/21 08:14,1600647270,439321216,1161326054
2020/9/21 08:13,1600647210,231031696,1369615514
2020/9/21 08:12,1600647150,199505960,1401141190
2020/9/21 08:11,1600647090,542222936,1058424154
2020/9/21 08:10,1600647030,443468288,1157178742
2020/9/21 08:09,1600646970,316624720,1284022250
2020/9/21 08:08,1600646910,304371104,1296275806
2020/9/21 08:07,1600646850,252720472,1347926378
2020/9/21 08:06,1600646790,345340176,1255306614
2020/9/21 08:05,1600646730,334221464,1266425266
2020/9/21 08:04,1600646670,323392416,1277254254
2020/9/21 08:03,1600646610,311257888,1289388722
2020/9/21 08:02,1600646550,408693120,1191953430
2020/9/21 08:01,1600646490,346457784,1254188706
2020/9/21 08:00,1600646430,327131488,1273514942
2020/9/21 07:59,1600646370,305838608,1294807762
2020/9/21 07:58,1600646310,410234224,1190412086
2020/9/21 07:57,1600646250,363141680,1237504570
2020/9/21 07:56,1600646190,381378664,1219267526
2020/9/21 07:55,1600646130,365447808,1235198322
2020/9/21 07:54,1600646070,308427472,1292218598
2020/9/21 07:53,1600646010,258231920,1342414090
2020/9/21 07:52,1600645950,364390512,1236255438
2020/9/21 07:51,1600645890,449279176,1151366714
2020/9/21 07:50,1600645830,255939120,1344706710
2020/9/21 07:49,1600645771,425397568,1175248203
2020/9/21 07:48,1600645710,307220328,1293425382
2020/9/21 07:47,1600645650,399188776,1201456874
2020/9/21 07:46,1600645590,298674984,1301970606
2020/9/21 07:45,1600645530,419206224,1181439306
2020/9/21 07:44,1600645470,272518792,1328126678
2020/9/21 07:43,1600645410,451839040,1148806370
2020/9/21 07:42,1600645350,690175240,910470110
2020/9/21 07:41,1600645290,639546424,961098866
2020/9/21 07:40,1600645230,513240856,1087404374
2020/9/21 07:39,1600645170,383027744,1217617426
2020/9/21 07:38,1600645110,369714472,1230930638
2020/9/21 07:37,1600645050,227026448,1373618602
2020/9/21 07:36,1600644990,310823320,1289821670
2020/9/21 07:35,1600644930,473433080,1127211850
2020/9/21 07:34,1600644870,304879040,1295765830
2020/9/21 07:33,1600644810,253590568,1347054242
2020/9/21 07:32,1600644750,248625520,1352019230
2020/9/21 07:31,1600644690,211914160,1388730530
2020/9/21 07:30,1600644630,450688024,1149956606
2020/9/21 07:29,1600644570,419443968,1181200602
2020/9/21 07:28,1600644510,399532224,1201112286
2020/9/21 07:27,1600644450,392247368,1208397082
2020/9/21 07:26,1600644390,363096160,1237548230
2020/9/21 07:25,1600644330,408057192,1192587138
2020/9/21 07:24,1600644270,342233584,1258410686
2020/9/21 07:23,1600644210,334238232,1266405978
2020/9/21 07:22,1600644150,265408192,1335235958
2020/9/21 07:21,1600644090,228427960,1372216130
2020/9/21 07:20,1600644030,312565256,1288078774
2020/9/21 07:19,1600643970,340503592,1260140378
2020/9/21 07:18,1600643910,275102448,1325541462
2020/9/21 07:17,1600643850,373158568,1227485282
2020/9/21 07:16,1600643790,565151776,1035492014
2020/9/21 07:15,1600643730,344540040,1256103690
2020/9/21 07:14,1600643670,252871296,1347772374
2020/9/21 07:13,1600643610,523474232,1077169378
2020/9/21 07:12,1600643550,532374176,1068269374
2020/9/21 07:11,1600643490,424564768,1176078722
2020/9/21 07:10,1600643430,485395552,1115247878
2020/9/21 07:09,1600643370,255626448,1345016922
2020/9/21 07:08,1600643310,528414632,1072228678
2020/9/21 07:07,1600643250,489466024,1111177226
2020/9/21 07:06,1600643190,606500840,994142350
2020/9/21 07:05,1600643130,586551776,1014091354
2020/9/21 07:04,1600643070,553621192,1047021878
2020/9/21 07:03,1600643010,254283624,1346359386
2020/9/21 07:02,1600642950,287443896,1313199054
2020/9/21 07:01,1600642890,486697296,1113945594
2020/9/21 07:00,1600642830,443879488,1156763342
2020/9/21 06:59,1600642770,422478080,1178164690
2020/9/21 06:58,1600642710,358733648,1241909062
2020/9/21 06:57,1600642650,372466648,1228176002
2020/9/21 06:56,1600642590,363426352,1237216238
2020/9/21 06:55,1600642530,477600840,1123041690
2020/9/21 06:54,1600642470,424450560,1176191910
2020/9/21 06:53,1600642410,428494288,1172148122
2020/9/21 06:52,1600642350,407322352,1193319998
2020/9/21 06:51,1600642290,390522208,1210120082
2020/9/21 06:50,1600642230,367206600,1233435630
2020/9/21 06:49,1600642170,321955760,1278686410
2020/9/21 06:48,1600642110,270982272,1329659838
2020/9/21 06:47,1600642050,280323896,1320318154
2020/9/21 06:46,1600641990,480121264,1120520726
2020/9/21 06:45,1600641930,373267720,1227374210
2020/9/21 06:44,1600641870,298169584,1302472286
2020/9/21 06:43,1600641810,675137600,925504210
2020/9/21 06:42,1600641750,595044928,1005596822
2020/9/21 06:41,1600641690,313719992,1286921698
2020/9/21 06:40,1600641630,691582416,909059214
2020/9/21 06:39,1600641570,564005656,1036635914
2020/9/21 06:38,1600641510,512170152,1088471358
2020/9/21 06:37,1600641450,692722024,907919426
2020/9/21 06:36,1600641390,257019544,1343621846
2020/9/21 06:35,1600641330,213591544,1387049786
2020/9/21 06:34,1600641270,305945248,1294696022
2020/9/21 06:33,1600641210,473426536,1127214674
2020/9/21 06:32,1600641150,555648968,1044992182
2020/9/21 06:31,1600641090,602500008,998141082
2020/9/21 06:30,1600641030,452595280,1148045750
2020/9/21 06:29,1600640970,421797328,1178843642
2020/9/21 06:28,1600640910,228188784,1372452126
2020/9/21 06:27,1600640850,333233592,1267407258
2020/9/21 06:26,1600640790,434828512,1165812278
2020/9/21 06:25,1600640730,235845680,1364795050
2020/9/21 06:24,1600640670,318293832,1282346838
2020/9/21 06:23,1600640610,240707840,1359932770
2020/9/21 06:22,1600640550,367007936,1233632614
2020/9/21 06:21,1600640490,356117440,1244523050
2020/9/21 06:20,1600640430,265729808,1334910622
2020/9/21 06:19,1600640370,397859696,1202780674
2020/9/21 06:18,1600640310,319862144,1280778166
2020/9/21 06:17,1600640250,567321152,1033319098
2020/9/21 06:16,1600640190,286310504,1314329686
2020/9/21 06:15,1600640130,192503080,1408137050
2020/9/21 06:14,1600640070,413009040,1187631030
2020/9/21 06:13,1600640010,311640176,1288999834
2020/9/21 06:12,1600639950,260480632,1340159318
2020/9/21 06:11,1600639890,305468808,1295171082
2020/9/21 06:10,1600639830,221762352,1378877478
2020/9/21 06:09,1600639770,194351200,1406288570
2020/9/21 06:08,1600639710,447423616,1153216094
2020/9/21 06:07,1600639650,350986376,1249653274
2020/9/21 06:06,1600639590,333858768,1266780822
2020/9/21 06:05,1600639530,366556800,1234082730
2020/9/21 06:04,1600639470,502200472,1098438998
2020/9/21 06:03,1600639410,531883200,1068756210
2020/9/21 06:02,1600639350,352693616,1247945734
2020/9/21 06:01,1600639290,400554224,1200085066
2020/9/21 06:00,1600639230,630428368,970210862
2020/9/21 05:59,1600639170,396475232,1204163938
2020/9/21 05:58,1600639110,291834944,1308804166
2020/9/21 05:57,1600639050,782180904,818458146
2020/9/21 05:56,1600638990,266439584,1334199406
2020/9/21 05:55,1600638930,495000352,1105638578
2020/9/21 05:54,1600638870,315502992,1285135878
2020/9/21 05:53,1600638810,289712784,1310926026
2020/9/21 05:52,1600638750,254515856,1346122894
2020/9/21 05:51,1600638690,222346088,1378292602
2020/9/21 05:50,1600638630,383448496,1217190134
2020/9/21 05:49,1600638570,410849248,1189789322
2020/9/21 05:48,1600638510,448688568,1151949942
2020/9/21 05:47,1600638450,314497824,1286140626
2020/9/21 05:46,1600638390,283933528,1316704862
2020/9/21 05:45,1600638330,415757248,1184881082
2020/9/21 05:44,1600638270,277573960,1323064310
2020/9/21 05:43,1600638210,419789944,1180848266
2020/9/21 05:42,1600638150,298334304,1302303846
2020/9/21 05:41,1600638090,278966712,1321671378
2020/9/21 05:40,1600638030,211878792,1388759238
2020/9/21 05:39,1600637970,356833600,1243804370
2020/9/21 05:38,1600637910,220379808,1380258102
2020/9/21 05:37,1600637850,337624488,1263013362
2020/9/21 05:36,1600637790,264015808,1336621982
2020/9/21 05:35,1600637730,253725152,1346912578
2020/9/21 05:34,1600637670,241973536,1358664134
2020/9/21 05:33,1600637610,232147256,1368490354
2020/9/21 05:32,1600637550,286357512,1314280038
2020/9/21 05:31,1600637490,203331272,1397306218
2020/9/21 05:30,1600637430,318253232,1282384198
2020/9/21 05:29,1600637370,302320264,1298317106
2020/9/21 05:28,1600637310,288263520,1312373790
2020/9/21 05:27,1600637250,290924080,1309713170
2020/9/21 05:26,1600637190,373909712,1226727478
2020/9/21 05:25,1600637130,216269232,1384367898
2020/9/21 05:24,1600637070,285905088,1314731982
2020/9/21 05:23,1600637010,273715320,1326921690
2020/9/21 05:22,1600636950,359762888,1240874062
2020/9/21 05:21,1600636890,363679992,1236956898
2020/9/21 05:20,1600636830,267178024,1333458806
2020/9/21 05:19,1600636770,248515416,1352121354
2020/9/21 05:18,1600636710,294869232,1305767478
2020/9/21 05:17,1600636650,372642624,1227994026
2020/9/21 05:16,1600636590,276690024,1323946566
2020/9/21 05:15,1600636530,268155392,1332481138
2020/9/21 05:14,1600636470,504083232,1096553238
2020/9/21 05:13,1600636410,396684472,1203951938
2020/9/21 05:12,1600636350,585048480,1015587870
2020/9/21 05:11,1600636290,279764112,1320872178
2020/9/21 05:10,1600636230,240176912,1360459318
2020/9/21 05:09,1600636170,220269576,1380366594
2020/9/21 05:08,1600636110,388267136,1212368974
2020/9/21 05:07,1600636050,232496696,1368139354
2020/9/21 05:06,1600635990,232328688,1368307302
2020/9/21 05:05,1600635930,342524200,1258111730
2020/9/21 05:04,1600635870,297144216,1303491654
2020/9/21 05:03,1600635810,233711888,1366923922
2020/9/21 05:02,1600635750,227685824,1372949926
2020/9/21 05:01,1600635690,217760936,1382874754
2020/9/21 05:00,1600635630,285919224,1314716406
2020/9/21 04:59,1600635570,188728680,1411906890
2020/9/21 04:58,1600635510,330157272,1270478238
2020/9/21 04:57,1600635450,304467304,1296168146
2020/9/21 04:56,1600635390,371132424,1229502966
2020/9/21 04:55,1600635330,441882592,1158752738
2020/9/21 04:54,1600635270,375555456,1225079814
2020/9/21 04:53,1600635210,319856008,1280779202
2020/9/21 04:52,1600635150,202236760,1398398390
2020/9/21 04:51,1600635090,289615672,1311019418
2020/9/21 04:50,1600635030,303759392,1296875638
2020/9/21 04:49,1600634970,452950800,1147684170
2020/9/21 04:48,1600634910,319237120,1281397790
2020/9/21 04:47,1600634850,204104456,1396530394
2020/9/21 04:46,1600634790,318799640,1281835150
2020/9/21 04:45,1600634730,277159224,1323475506
2020/9/21 04:44,1600634670,315599640,1285035030
2020/9/21 04:43,1600634610,279357768,1321276842
2020/9/21 04:42,1600634550,262382072,1338252478
2020/9/21 04:41,1600634490,361281200,1239353290
2020/9/21 04:40,1600634430,279172408,1321462022
2020/9/21 04:39,1600634370,246846544,1353787826
2020/9/21 04:38,1600634310,368503976,1232130334
2020/9/21 04:37,1600634250,248181504,1352452746
2020/9/21 04:36,1600634190,211544064,1389090126
2020/9/21 04:35,1600634130,296183440,1304450690
2020/9/21 04:34,1600634070,252523512,1348110558
2020/9/21 04:33,1600634010,407173072,1193460938
2020/9/21 04:32,1600633950,241611720,1359022230
2020/9/21 04:31,1600633890,355893208,1244740682
2020/9/21 04:30,1600633830,291932960,1308700870
2020/9/21 04:29,1600633770,405541864,1195091906
2020/9/21 04:28,1600633710,378513808,1222119902
2020/9/21 04:27,1600633650,280712392,1319921258
2020/9/21 04:26,1600633590,274493648,1326139942
2020/9/21 04:25,1600633530,412292128,1188341402
2020/9/21 04:24,1600633470,258159952,1342473518
2020/9/21 04:23,1600633410,397807264,1202826146
2020/9/21 04:22,1600633350,543546920,1057086430
2020/9/21 04:21,1600633290,413495264,1187138026
2020/9/21 04:20,1600633230,262313472,1338319758
2020/9/21 04:19,1600633170,679870792,920762378
2020/9/21 04:18,1600633110,645519616,955113494
2020/9/21 04:17,1600633050,308281616,1292351434
2020/9/21 04:16,1600632990,288914256,1311718734
2020/9/21 04:15,1600632930,258907224,1341725706
2020/9/21 04:14,1600632870,314990864,1285642006
2020/9/21 04:13,1600632810,210627016,1390005794
2020/9/21 04:12,1600632750,259301688,1341331062
2020/9/21 04:11,1600632690,443943456,1156689234
2020/9/21 04:10,1600632630,334261744,1266370886
2020/9/21 04:09,1600632570,194470696,1406161874
2020/9/21 04:08,1600632510,258740200,1341892310
2020/9/21 04:07,1600632450,349075304,1251557146
2020/9/21 04:06,1600632390,388288256,1212344134
2020/9/21 04:05,1600632330,300040448,1300591882
2020/9/21 04:04,1600632270,607251840,993380430
2020/9/21 04:03,1600632210,506579880,1094052330
2020/9/21 04:02,1600632150,455024688,1145607462
2020/9/21 04:01,1600632090,363487592,1237144498
2020/9/21 04:00,1600632030,480004296,1120627734
2020/9/21 03:59,1600631970,381989848,1218642122
2020/9/21 03:58,1600631910,433308528,1167323382
2020/9/21 03:57,1600631850,254475936,1346155914
2020/9/21 03:56,1600631790,393012280,1207619510
2020/9/21 03:55,1600631730,528198968,1072432762
2020/9/21 03:54,1600631670,269211952,1331419718
2020/9/21 03:53,1600631610,594066096,1006565514
2020/9/21 03:52,1600631550,409750760,1190880790
2020/9/21 03:51,1600631490,353575848,1247055642
2020/9/21 03:50,1600631430,579446936,1021184494
2020/9/21 03:49,1600631370,628901656,971729714
2020/9/21 03:48,1600631310,431441120,1169190190
2020/9/21 03:47,1600631250,663603960,937027290
2020/9/21 03:46,1600631190,508794072,1091837118
2020/9/21 03:45,1600631130,455387840,1145243290
2020/9/21 03:44,1600631070,274602176,1326028894
2020/9/21 03:43,1600631010,726529368,874101642
2020/9/21 03:42,1600630950,604923136,995707814
2020/9/21 03:41,1600630890,431148768,1169482122
2020/9/21 03:40,1600630830,461775984,1138854846
2020/9/21 03:39,1600630770,338543104,1262087666
2020/9/21 03:38,1600630710,192218248,1408412462
2020/9/21 03:37,1600630650,279042808,1321587842
2020/9/21 03:36,1600630590,268568512,1332062078
2020/9/21 03:35,1600630530,230734928,1369895602
2020/9/21 03:34,1600630470,375541872,1225088598
2020/9/21 03:33,1600630410,306587792,1294042618
2020/9/21 03:32,1600630350,381568640,1219061710
2020/9/21 03:31,1600630290,416597144,1184033146
2020/9/21 03:30,1600630230,221654248,1378975982
2020/9/21 03:29,1600630170,203582608,1397047562
2020/9/21 03:28,1600630110,586196096,1014434014
2020/9/21 03:27,1600630050,354817288,1245812762
2020/9/21 03:26,1600629990,249188320,1351441670
2020/9/21 03:25,1600629930,311330720,1289299210
2020/9/21 03:24,1600629870,200093544,1400536326
2020/9/21 03:23,1600629810,237708080,1362921730
2020/9/21 03:22,1600629750,264610312,1336019438
2020/9/21 03:21,1600629690,341564928,1259064762
2020/9/21 03:20,1600629630,250457640,1350171990
2020/9/21 03:19,1600629570,482919304,1117710266
2020/9/21 03:18,1600629510,324032096,1276597414
2020/9/21 03:17,1600629450,424697608,1175931842
2020/9/21 03:16,1600629390,235732072,1364897318
2020/9/21 03:15,1600629330,404030736,1196598594
2020/9/21 03:14,1600629270,290019400,1310609870
2020/9/21 03:13,1600629210,263310184,1337319026
2020/9/21 03:12,1600629150,172162072,1428467078
2020/9/21 03:11,1600629090,337145240,1263483850
2020/9/21 03:10,1600629030,274630064,1325998966
2020/9/21 03:09,1600628970,285530320,1315098650
2020/9/21 03:08,1600628910,195322488,1405306422
2020/9/21 03:07,1600628850,367094240,1233534610
2020/9/21 03:06,1600628790,199342976,1401285814
2020/9/21 03:05,1600628730,324682568,1275946162
2020/9/21 03:04,1600628670,253917768,1346710902
2020/9/21 03:03,1600628610,290880912,1309747698
2020/9/21 03:02,1600628550,230853960,1369774590
2020/9/21 03:01,1600628490,228631064,1371997426
2020/9/21 03:00,1600628430,318207768,1282420662
2020/9/21 02:59,1600628370,245909024,1354719346
2020/9/21 02:58,1600628310,315324048,1285304262
2020/9/21 02:57,1600628250,197452728,1403175522
2020/9/21 02:56,1600628190,203502648,1397125542
2020/9/21 02:55,1600628130,227267944,1373360186
2020/9/21 02:54,1600628070,174354864,1426273206
2020/9/21 02:53,1600628010,356573016,1244054994
2020/9/21 02:52,1600627950,255043512,1345584438
2020/9/21 02:51,1600627890,485729232,1114898658
2020/9/21 02:50,1600627830,218254176,1382373654
2020/9/21 02:49,1600627770,363806904,1236820866
2020/9/21 02:48,1600627710,230433528,1370194182
2020/9/21 02:47,1600627650,440375792,1160251858
2020/9/21 02:46,1600627590,706815024,893812566
2020/9/21 02:45,1600627530,532413992,1068213538
2020/9/21 02:44,1600627470,441390040,1159237430
2020/9/21 02:43,1600627410,330522224,1270105186
2020/9/21 02:42,1600627350,316139296,1284488054
2020/9/21 02:41,1600627290,364494432,1236132858
2020/9/21 02:40,1600627230,305483304,1295143926
2020/9/21 02:39,1600627170,322554216,1278072954
2020/9/21 02:38,1600627110,320809392,1279817718
2020/9/21 02:37,1600627050,221225472,1379401578
2020/9/21 02:36,1600626990,287358304,1313268686
2020/9/21 02:35,1600626930,274856480,1325770450
2020/9/21 02:34,1600626870,252918584,1347708286
2020/9/21 02:33,1600626810,321561728,1279065082
2020/9/21 02:32,1600626750,263366832,1337259918
2020/9/21 02:31,1600626690,351831216,1248795474
2020/9/21 02:30,1600626630,207429168,1393197462
2020/9/21 02:29,1600626570,300910680,1299715890
2020/9/21 02:28,1600626510,319070152,1281556358
2020/9/21 02:27,1600626450,221387032,1379239418
2020/9/21 02:26,1600626390,331688856,1268937534
2020/9/21 02:25,1600626330,393784976,1206841354
2020/9/21 02:24,1600626270,345767632,1254858638
2020/9/21 02:23,1600626210,239134200,1361492010
2020/9/21 02:22,1600626150,331138640,1269487510
2020/9/21 02:21,1600626090,203272648,1397353442
2020/9/21 02:20,1600626030,428255336,1172370694
2020/9/21 02:19,1600625970,481774752,1118851218
2020/9/21 02:18,1600625910,433993496,1166632414
2020/9/21 02:17,1600625850,225902360,1374723490
2020/9/21 02:16,1600625790,399165880,1201459910
2020/9/21 02:15,1600625730,247226168,1353399562
2020/9/21 02:14,1600625670,405699648,1194926022
2020/9/21 02:13,1600625610,348622664,1252002946
2020/9/21 02:12,1600625550,232120992,1368504558
2020/9/21 02:11,1600625490,221756600,1378868890
2020/9/21 02:10,1600625430,354305008,1246320422
2020/9/21 02:09,1600625370,510200672,1090424698
2020/9/21 02:08,1600625310,444068376,1156556934
2020/9/21 02:07,1600625250,258448232,1342177018
2020/9/21 02:06,1600625190,439156568,1161468622
2020/9/21 02:05,1600625130,253001208,1347623922
2020/9/21 02:04,1600625070,194951704,1405673366
2020/9/21 02:03,1600625010,243069384,1357555626
2020/9/21 02:02,1600624950,524496072,1076128878
2020/9/21 02:01,1600624890,340627504,1259997386
2020/9/21 02:00,1600624830,229172960,1371451870
2020/9/21 01:59,1600624770,326161584,1274463186
2020/9/21 01:58,1600624710,490372920,1110251790
2020/9/21 01:57,1600624650,299029864,1301594786
2020/9/21 01:56,1600624590,292841384,1307783206
2020/9/21 01:55,1600624530,231008344,1369616186
2020/9/21 01:54,1600624470,329698824,1270925646
2020/9/21 01:53,1600624410,410242448,1190381962
2020/9/21 01:52,1600624350,214859128,1385765222
2020/9/21 01:51,1600624290,404958264,1195666026
2020/9/21 01:50,1600624230,649733656,950890574
2020/9/21 01:49,1600624171,471545304,1129078867
2020/9/21 01:48,1600624110,336997744,1263626366
2020/9/21 01:47,1600624050,355761048,1244863002
2020/9/21 01:46,1600623990,255354824,1345269166
2020/9/21 01:45,1600623930,326360072,1274263858
2020/9/21 01:44,1600623870,344923336,1255700534
2020/9/21 01:43,1600623810,317852352,1282771458
2020/9/21 01:42,1600623750,453813952,1146809798
2020/9/21 01:41,1600623690,266881880,1333741810
2020/9/21 01:40,1600623630,450732544,1149891086
2020/9/21 01:39,1600623570,379746800,1220876770
2020/9/21 01:38,1600623510,567578504,1033045006
2020/9/21 01:37,1600623450,379147336,1221476114
2020/9/21 01:36,1600623390,228444976,1372178414
2020/9/21 01:35,1600623330,451447432,1149175898
2020/9/21 01:34,1600623270,266992024,1333631246
2020/9/21 01:33,1600623210,631641336,968981874
2020/9/21 01:32,1600623150,500859008,1099764142
2020/9/21 01:31,1600623090,314812136,1285810954
2020/9/21 01:30,1600623030,362635344,1237987686
2020/9/21 01:29,1600622970,442469056,1158153914
2020/9/21 01:28,1600622910,315326712,1285296198
2020/9/21 01:27,1600622850,795360240,805262610
2020/9/21 01:26,1600622790,438509824,1162112966
2020/9/21 01:25,1600622730,368849080,1231773650
2020/9/21 01:24,1600622670,836109928,764512742
2020/9/21 01:23,1600622610,602251520,998371090
2020/9/21 01:22,1600622550,419118088,1181504462
2020/9/21 01:21,1600622490,683365704,917256786
2020/9/21 01:20,1600622430,277471704,1323150726
2020/9/21 01:19,1600622370,296533688,1304088682
2020/9/21 01:18,1600622310,243324688,1357297622
2020/9/21 01:17,1600622250,344587272,1256034978
2020/9/21 01:16,1600622190,493946272,1106675918
2020/9/21 01:15,1600622130,397715944,1202906186
2020/9/21 01:14,1600622070,338954792,1261667278
2020/9/21 01:13,1600622010,185112208,1415509802
2020/9/21 01:12,1600621950,396435008,1204186942
2020/9/21 01:11,1600621890,205537928,1395083962
2020/9/21 01:10,1600621830,404339064,1196282766
2020/9/21 01:09,1600621770,313261888,1287359882
2020/9/21 01:08,1600621710,433840976,1166780734
2020/9/21 01:07,1600621650,477602904,1123018746
2020/9/21 01:06,1600621590,203391856,1397229734
2020/9/21 01:05,1600621530,452960840,1147660690
2020/9/21 01:04,1600621470,715429176,885192294
2020/9/21 01:03,1600621410,615955872,984665538
2020/9/21 01:02,1600621350,251169544,1349451806
2020/9/21 01:01,1600621290,727090368,873530922
2020/9/21 01:00,1600621230,581308920,1019312310
2020/9/21 00:59,1600621170,673326600,927294570
2020/9/21 00:58,1600621110,456039848,1144581262
2020/9/21 00:57,1600621050,205634456,1394986594
2020/9/21 00:56,1600620990,531381208,1069239782
2020/9/21 00:55,1600620930,401291656,1199329274
2020/9/21 00:54,1600620870,375112560,1225508310
2020/9/21 00:53,1600620810,374692304,1225928506
2020/9/21 00:52,1600620750,170861552,1429759198
2020/9/21 00:51,1600620690,187710672,1412910018
2020/9/21 00:50,1600620630,335427160,1265193470
2020/9/21 00:49,1600620570,331350936,1269269634
2020/9/21 00:48,1600620510,524209584,1076410926
2020/9/21 00:47,1600620450,352815392,1247805058
2020/9/21 00:46,1600620390,353466304,1247154086
2020/9/21 00:45,1600620330,230826616,1369793714
2020/9/21 00:44,1600620270,198343704,1402276566
2020/9/21 00:43,1600620210,163367552,1437252658
2020/9/21 00:42,1600620150,381815464,1218804686
2020/9/21 00:41,1600620090,403018544,1197601546
2020/9/21 00:40,1600620030,290624272,1309995758
2020/9/21 00:39,1600619970,249147672,1351472298
2020/9/21 00:38,1600619910,191103800,1409516110
2020/9/21 00:37,1600619850,226971968,1373647882
2020/9/21 00:36,1600619790,191691200,1408928590
2020/9/21 00:35,1600619730,164147496,1436472234
2020/9/21 00:34,1600619670,245208696,1355410974
2020/9/21 00:33,1600619610,170192312,1430427298
2020/9/21 00:32,1600619550,204339184,1396280366
2020/9/21 00:31,1600619490,163333000,1437286490
2020/9/21 00:30,1600619430,219759696,1380859734
2020/9/21 00:29,1600619370,294058640,1306560730
2020/9/21 00:28,1600619310,179999064,1420620246
2020/9/21 00:27,1600619250,128168008,1472451242
2020/9/21 00:26,1600619190,479551896,1121067294
2020/9/21 00:25,1600619130,188813176,1411805954
2020/9/21 00:24,1600619070,705716928,894902142
2020/9/21 00:23,1600619010,595521008,1005098002
2020/9/21 00:22,1600618950,493096048,1107522902
2020/9/21 00:21,1600618890,421572528,1179046362
2020/9/21 00:20,1600618830,390659904,1209958926
2020/9/21 00:19,1600618770,416567040,1184051730
2020/9/21 00:18,1600618710,321961000,1278657710
2020/9/21 00:17,1600618650,477636152,1122982498
2020/9/21 00:16,1600618590,316804272,1283814318
2020/9/21 00:15,1600618530,352432440,1248186090
2020/9/21 00:14,1600618470,314961088,1285657382
2020/9/21 00:13,1600618410,202517600,1398100810
2020/9/21 00:12,1600618350,130609160,1470009190
2020/9/21 00:11,1600618290,243176424,1357441866
2020/9/21 00:10,1600618230,276282280,1324335950
2020/9/21 00:09,1600618170,256017096,1344601074
2020/9/21 00:08,1600618110,317775040,1282843070
2020/9/21 00:07,1600618050,192949824,1407668226
2020/9/21 00:06,1600617990,262027896,1338590094
2020/9/21 00:05,1600617930,178048616,1422569314
2020/9/21 00:04,1600617870,267597904,1333019966
2020/9/21 00:03,1600617810,152923200,1447694610
2020/9/21 00:02,1600617750,194517248,1406100502
2020/9/21 00:01,1600617690,143861248,1456756442
2020/9/21 00:00,1600617630,496963696,1103653934
2020/9/20 23:59,1600617570,393173280,1207444290
2020/9/20 23:58,1600617510,211969248,1388648262
2020/9/20 23:57,1600617450,156778760,1443838690
2020/9/20 23:56,1600617390,219113640,1381503750
2020/9/20 23:55,1600617330,287514008,1313103322
2020/9/20 23:54,1600617270,126211488,1474405782
2020/9/20 23:53,1600617210,126162400,1474454810
2020/9/20 23:52,1600617150,174434248,1426182902
2020/9/20 23:51,1600617090,208188128,1392428962
2020/9/20 23:50,1600617030,235794440,1364822590
2020/9/20 23:49,1600616970,275304736,1325312234
2020/9/20 23:48,1600616910,246085432,1354531478
2020/9/20 23:47,1600616850,213002808,1387614042
2020/9/20 23:46,1600616790,130834040,1469782750
2020/9/20 23:45,1600616730,145555784,1455060946
2020/9/20 23:44,1600616670,256592096,1344024574
2020/9/20 23:43,1600616610,255614976,1345001634
2020/9/20 23:42,1600616550,293453360,1307163190
2020/9/20 23:41,1600616490,436343144,1164273346
2020/9/20 23:40,1600616430,198133736,1402482694
2020/9/20 23:39,1600616370,200687128,1399929242
2020/9/20 23:38,1600616310,251258808,1349357502
2020/9/20 23:37,1600616250,253245864,1347370386
2020/9/20 23:36,1600616190,265144560,1335471630
2020/9/20 23:35,1600616130,229976192,1370639938
2020/9/20 23:34,1600616070,170231448,1430384622
2020/9/20 23:33,1600616010,204207672,1396408338
2020/9/20 23:32,1600615950,261396032,1339219918
2020/9/20 23:31,1600615890,142369216,1458246674
2020/9/20 23:30,1600615830,231025752,1369590078
2020/9/20 23:29,1600615770,320885224,1279730546
2020/9/20 23:28,1600615710,231658872,1368956838
2020/9/20 23:27,1600615650,155552680,1445062970
2020/9/20 23:26,1600615590,213702456,1386913134
2020/9/20 23:25,1600615530,133735032,1466880498
2020/9/20 23:24,1600615470,492302424,1108313046
2020/9/20 23:23,1600615410,361253264,1239362146
2020/9/20 23:22,1600615350,256449672,1344165678
2020/9/20 23:21,1600615290,573261048,1027354242
2020/9/20 23:20,1600615230,433350112,1167265118
2020/9/20 23:19,1600615170,581228400,1019386770
2020/9/20 23:18,1600615110,374724216,1225890894
2020/9/20 23:17,1600615050,549203928,1051411122
2020/9/20 23:16,1600614990,293257856,1307357134
2020/9/20 23:15,1600614930,324341960,1276272970
2020/9/20 23:14,1600614870,343384880,1257229990
2020/9/20 23:13,1600614810,219777008,1380837802
2020/9/20 23:12,1600614750,151066384,1449548366
2020/9/20 23:11,1600614690,375897880,1224716810
2020/9/20 23:10,1600614630,242989376,1357625254
2020/9/20 23:09,1600614570,189242288,1411372282
2020/9/20 23:08,1600614510,171522016,1429092494
2020/9/20 23:07,1600614450,147611936,1453002514
2020/9/20 23:06,1600614390,232966680,1367647710
2020/9/20 23:05,1600614330,276679584,1323934746
2020/9/20 23:04,1600614270,339310824,1261303446
2020/9/20 23:03,1600614210,209471392,1391142818
2020/9/20 23:02,1600614150,242465736,1358148414
2020/9/20 23:01,1600614090,176165008,1424449082
2020/9/20 23:00,1600614030,325832600,1274781430
2020/9/20 22:59,1600613970,242694008,1357919962
2020/9/20 22:58,1600613910,198735664,1401878246
2020/9/20 22:57,1600613850,363126664,1237487186
2020/9/20 22:56,1600613790,309965624,1290648166
2020/9/20 22:55,1600613730,391039008,1209574722
2020/9/20 22:54,1600613670,201009600,1399604070
2020/9/20 22:53,1600613610,265283864,1335329746
2020/9/20 22:52,1600613550,349041352,1251572198
2020/9/20 22:51,1600613490,328748336,1271865154
2020/9/20 22:50,1600613430,200764128,1399849302
2020/9/20 22:49,1600613370,175202464,1425410906
2020/9/20 22:48,1600613310,292567648,1308045662
2020/9/20 22:47,1600613250,175728584,1424884666
2020/9/20 22:46,1600613190,337224376,1263388814
2020/9/20 22:45,1600613130,213444304,1387168826
2020/9/20 22:44,1600613070,106564664,1494048406
2020/9/20 22:43,1600613010,166134336,1434478674
2020/9/20 22:42,1600612950,219462856,1381150094
2020/9/20 22:41,1600612890,198331968,1402280922
2020/9/20 22:40,1600612830,113742896,1486869934
2020/9/20 22:39,1600612770,218399208,1382213562
2020/9/20 22:38,1600612710,134540928,1466071782
2020/9/20 22:37,1600612650,193147184,1407465466
2020/9/20 22:36,1600612590,173290072,1427322518
2020/9/20 22:35,1600612530,238129056,1362483474
2020/9/20 22:34,1600612470,118112744,1482499726
2020/9/20 22:33,1600612410,134840712,1465771698
2020/9/20 22:32,1600612350,120259968,1480352382
2020/9/20 22:31,1600612290,232552224,1368060066
2020/9/20 22:30,1600612230,278006336,1322605894
2020/9/20 22:29,1600612170,141724648,1458887522
2020/9/20 22:28,1600612110,188487640,1412124470
2020/9/20 22:27,1600612050,170117992,1430494058
2020/9/20 22:26,1600611990,244727960,1355884030
2020/9/20 22:25,1600611930,146814192,1453797738
2020/9/20 22:24,1600611870,113078256,1487533614
2020/9/20 22:23,1600611810,172570104,1428041706
2020/9/20 22:22,1600611750,329027712,1271584038
2020/9/20 22:21,1600611690,270039512,1330572178
2020/9/20 22:20,1600611630,165761320,1434850310
2020/9/20 22:19,1600611570,323901672,1276709898
2020/9/20 22:18,1600611510,262072432,1338539078
2020/9/20 22:17,1600611450,267255616,1333355834
2020/9/20 22:16,1600611390,376914440,1223696950
2020/9/20 22:15,1600611330,225685728,1374925602
2020/9/20 22:14,1600611270,172250776,1428360494
2020/9/20 22:13,1600611210,295025328,1305585882
2020/9/20 22:12,1600611150,209514224,1391096926
2020/9/20 22:11,1600611090,129579736,1471031354
2020/9/20 22:10,1600611030,462981456,1137629574
2020/9/20 22:09,1600610970,314905976,1285704994
2020/9/20 22:08,1600610910,176713400,1423897510
2020/9/20 22:07,1600610850,304219720,1296391130
2020/9/20 22:06,1600610790,161869168,1438741622
2020/9/20 22:05,1600610730,206959640,1393651090
2020/9/20 22:04,1600610670,189027536,1411583134
2020/9/20 22:03,1600610610,168587272,1432023338
2020/9/20 22:02,1600610550,205546248,1395064302
2020/9/20 22:01,1600610490,108667440,1491943050
2020/9/20 22:00,1600610430,199352824,1401257606
2020/9/20 21:59,1600610370,407345856,1193264514
2020/9/20 21:58,1600610310,299960472,1300649838
2020/9/20 21:57,1600610250,168110064,1432500186
2020/9/20 21:56,1600610190,391075704,1209534486
2020/9/20 21:55,1600610130,147828168,1452781962
2020/9/20 21:54,1600610070,201976704,1398633366
2020/9/20 21:53,1600610010,238338808,1362271202
2020/9/20 21:52,1600609950,157152424,1443457526
2020/9/20 21:51,1600609890,150954728,1449655162
2020/9/20 21:50,1600609830,225776488,1374833342
2020/9/20 21:49,1600609770,135441504,1465168266
2020/9/20 21:48,1600609710,269331296,1331278414
2020/9/20 21:47,1600609650,142756280,1457853370
2020/9/20 21:46,1600609590,105540304,1495069286
2020/9/20 21:45,1600609530,128914688,1471694842
2020/9/20 21:44,1600609470,213828912,1386780558
2020/9/20 21:43,1600609410,172967480,1427641930
2020/9/20 21:42,1600609350,266597520,1334011830
2020/9/20 21:41,1600609290,162939168,1437670122
2020/9/20 21:40,1600609230,114688552,1485920678
2020/9/20 21:39,1600609170,202119528,1398489642
2020/9/20 21:38,1600609110,132635872,1467973238
2020/9/20 21:37,1600609050,207662760,1392946290
2020/9/20 21:36,1600608990,187666368,1412942622
2020/9/20 21:35,1600608930,95983160,1504625770
2020/9/20 21:34,1600608870,71875680,1528733190
2020/9/20 21:33,1600608810,243034568,1357574242
2020/9/20 21:32,1600608750,94411656,1506197094
2020/9/20 21:31,1600608690,310410160,1290198530
2020/9/20 21:30,1600608630,171407872,1429200758
2020/9/20 21:29,1600608570,268685240,1331923330
2020/9/20 21:28,1600608511,243517024,1357091487
2020/9/20 21:27,1600608450,135991960,1464616490
2020/9/20 21:26,1600608390,108009248,1492599142
2020/9/20 21:25,1600608330,432463280,1168145050
2020/9/20 21:24,1600608270,280105448,1320502822
2020/9/20 21:23,1600608210,181218832,1419389378
2020/9/20 21:22,1600608150,154687800,1445920350
2020/9/20 21:21,1600608090,338947304,1261660786
2020/9/20 21:20,1600608030,594369008,1006239022
2020/9/20 21:19,1600607970,418067176,1182540794
2020/9/20 21:18,1600607910,358678112,1241929798
2020/9/20 21:17,1600607850,461718928,1138888922
2020/9/20 21:16,1600607790,532365464,1068242326
2020/9/20 21:15,1600607730,530262656,1070345074
2020/9/20 21:14,1600607670,374633728,1225973942
2020/9/20 21:13,1600607610,270225560,1330382050
2020/9/20 21:12,1600607550,199135096,1401472454
2020/9/20 21:11,1600607490,133309424,1467298066
2020/9/20 21:10,1600607430,210825464,1389781966
2020/9/20 21:09,1600607370,129007808,1471599562
2020/9/20 21:08,1600607310,369419288,1231188022
2020/9/20 21:07,1600607250,271287056,1329320194
2020/9/20 21:06,1600607190,116015912,1484591278
2020/9/20 21:05,1600607130,228644040,1371963090
2020/9/20 21:04,1600607070,270713304,1329893766
2020/9/20 21:03,1600607010,93021272,1507585738
2020/9/20 21:02,1600606950,129320848,1471286102
2020/9/20 21:01,1600606890,189379520,1411227370
2020/9/20 21:00,1600606830,96598168,1504008662
2020/9/20 20:59,1600606770,144780360,1455826410
2020/9/20 20:58,1600606710,84748408,1515858302
2020/9/20 20:57,1600606650,126053688,1474552962
2020/9/20 20:56,1600606590,251041624,1349564966
2020/9/20 20:55,1600606530,159950056,1440656474
2020/9/20 20:54,1600606470,387417424,1213189046
2020/9/20 20:53,1600606410,194047376,1406559034
2020/9/20 20:52,1600606350,113968120,1486638230
2020/9/20 20:51,1600606290,117856896,1482749394
2020/9/20 20:50,1600606230,132882040,1467724190
2020/9/20 20:49,1600606170,191046168,1409560002
2020/9/20 20:48,1600606110,79391744,1521214366
2020/9/20 20:47,1600606050,126894080,1473711970
2020/9/20 20:46,1600605990,307840424,1292765566
2020/9/20 20:45,1600605930,203899592,1396706338
2020/9/20 20:44,1600605870,318193744,1282412126
2020/9/20 20:43,1600605810,204613896,1395991914
2020/9/20 20:42,1600605750,277158728,1323447022
2020/9/20 20:41,1600605690,188998256,1411607434
2020/9/20 20:40,1600605630,270768448,1329837182
2020/9/20 20:39,1600605570,279202824,1321402746
2020/9/20 20:38,1600605510,239358880,1361246630
2020/9/20 20:37,1600605450,152981344,1447624106
2020/9/20 20:36,1600605390,185882984,1414722406
2020/9/20 20:35,1600605330,62791360,1537813970
2020/9/20 20:34,1600605270,135257160,1465348110
2020/9/20 20:33,1600605210,195437664,1405167546
2020/9/20 20:32,1600605150,165859728,1434745422
2020/9/20 20:31,1600605090,228708232,1371896858
2020/9/20 20:30,1600605030,203613864,1396991166
2020/9/20 20:29,1600604970,181309416,1419295554
2020/9/20 20:28,1600604910,333061544,1267543366
2020/9/20 20:27,1600604850,313747672,1286857178
2020/9/20 20:26,1600604790,474705392,1125899398
2020/9/20 20:25,1600604730,355642928,1244961802
2020/9/20 20:24,1600604670,330048208,1270556462
2020/9/20 20:23,1600604610,282473456,1318131154
2020/9/20 20:22,1600604550,247588456,1353016094
2020/9/20 20:21,1600604490,98760160,1501844330
2020/9/20 20:20,1600604430,358958888,1241645542
2020/9/20 20:19,1600604370,287058408,1313545962
2020/9/20 20:18,1600604310,163490528,1437113782
2020/9/20 20:17,1600604250,134388608,1466215642
2020/9/20 20:16,1600604190,320714072,1279890118
2020/9/20 20:15,1600604130,44819888,1555784242
2020/9/20 20:14,1600604070,262936504,1337667566
2020/9/20 20:13,1600604010,124165792,1476438218
2020/9/20 20:12,1600603950,178123688,1422480262
2020/9/20 20:11,1600603890,219132992,1381470898
2020/9/20 20:10,1600603830,292572096,1308031734
2020/9/20 20:09,1600603770,228374504,1372229266
2020/9/20 20:08,1600603710,324877432,1275726278
2020/9/20 20:07,1600603650,172865008,1427738642
2020/9/20 20:06,1600603590,385778704,1214824886
2020/9/20 20:05,1600603530,287089120,1313514410
2020/9/20 20:04,1600603470,266184832,1334418638
2020/9/20 20:03,1600603410,522380512,1078222898
2020/9/20 20:02,1600603350,138416096,1462187254
2020/9/20 20:01,1600603290,210712976,1389890314
2020/9/20 20:00,1600603230,149825392,1450777838
2020/9/20 19:59,1600603170,75064944,1525538226
2020/9/20 19:58,1600603110,586082376,1014520734
2020/9/20 19:57,1600603050,318816376,1281786674
2020/9/20 19:56,1600602990,411527944,1189075046
2020/9/20 19:55,1600602930,351060752,1249542178
2020/9/20 19:54,1600602870,352469928,1248132942
2020/9/20 19:53,1600602810,396428232,1204174578
2020/9/20 19:52,1600602750,308170512,1292432238
2020/9/20 19:51,1600602690,289273632,1311329058
2020/9/20 19:50,1600602630,225349512,1375253118
2020/9/20 19:49,1600602570,308345960,1292256610
2020/9/20 19:48,1600602510,271713880,1328888630
2020/9/20 19:47,1600602450,353525008,1247077442
2020/9/20 19:46,1600602390,402604448,1197997942
2020/9/20 19:45,1600602330,334923504,1265678826
2020/9/20 19:44,1600602270,543854368,1056747902
2020/9/20 19:43,1600602210,1957297824,-356695614
2020/9/20 19:42,1600602150,1836358760,-235756610
2020/9/20 19:41,1600602090,1656368152,-55766062
2020/9/20 19:40,1600602030,1472859992,127742038
2020/9/20 19:39,1600601970,1252411800,348190170
2020/9/20 19:38,1600601910,1936017432,-335415522
2020/9/20 19:37,1600601850,1490201896,110399954
2020/9/20 19:36,1600601790,1259485368,341116422
2020/9/20 19:35,1600601730,1787727912,-187126182
2020/9/20 19:34,1600601670,1754290720,-153689050
2020/9/20 19:33,1600601610,1256392008,344209602
2020/9/20 19:32,1600601550,1510865936,89735614
2020/9/20 19:31,1600601490,1437397792,163203698
2020/9/20 19:30,1600601430,1671756616,-71155186
2020/9/20 19:29,1600601370,1447726656,152874714
2020/9/20 19:28,1600601310,1949806200,-349204890
2020/9/20 19:27,1600601250,1528817096,71784154
2020/9/20 19:26,1600601190,1377821648,222779542
2020/9/20 19:25,1600601130,1750724584,-150123454
2020/9/20 19:24,1600601070,1833472864,-232871794
2020/9/20 19:23,1600601010,1364461736,236139274
2020/9/20 19:22,1600600950,1873960872,-273359922
2020/9/20 19:21,1600600890,1279905088,320695802
2020/9/20 19:20,1600600830,1742363640,-141762810
2020/9/20 19:19,1600600770,1616286824,-15686054
2020/9/20 19:18,1600600710,1519196024,81404686
2020/9/20 19:17,1600600650,1298015552,302585098
2020/9/20 19:16,1600600590,1681655512,-81054922
2020/9/20 19:15,1600600530,1482496200,118104330
2020/9/20 19:14,1600600470,1628605272,-28004802
2020/9/20 19:13,1600600410,1587991032,12609378
2020/9/20 19:12,1600600350,1265672152,334928198
2020/9/20 19:11,1600600290,1872082080,-271481790
2020/9/20 19:10,1600600230,1616917016,-16316786
2020/9/20 19:09,1600600170,1367640936,232959234
2020/9/20 19:08,1600600110,1191260640,409339470
2020/9/20 19:07,1600600050,1843568720,-242968670
2020/9/20 19:06,1600599990,1772460976,-171860986
2020/9/20 19:05,1600599930,1516825192,83774738
2020/9/20 19:04,1600599870,1282018272,318581598
2020/9/20 19:03,1600599810,1527149360,73450450
2020/9/20 19:02,1600599750,1362936968,237662782
2020/9/20 19:01,1600599690,1796928600,-196328910
2020/9/20 19:00,1600599630,1733433264,-132833634
2020/9/20 18:59,1600599570,1606109744,-5510174
2020/9/20 18:58,1600599510,1391454200,209145310
2020/9/20 18:57,1600599450,1977929840,-377330390
2020/9/20 18:56,1600599390,1311780056,288819334
2020/9/20 18:55,1600599330,2034527136,-433927806
2020/9/20 18:54,1600599270,1931176320,-330577050
2020/9/20 18:53,1600599210,1815334624,-214735414
2020/9/20 18:52,1600599150,1682293456,-81694306
2020/9/20 18:51,1600599090,1562043208,38555882
2020/9/20 18:50,1600599030,1488735992,111863038
2020/9/20 18:49,1600598970,1610466416,-9867446
2020/9/20 18:48,1600598910,1530399512,70199398
2020/9/20 18:47,1600598850,1268919096,331679754
2020/9/20 18:46,1600598790,1732646152,-132047362
2020/9/20 18:45,1600598730,1436512888,164085842
2020/9/20 18:44,1600598670,1339947952,260650718
2020/9/20 18:43,1600598610,1925655912,-325057302
2020/9/20 18:42,1600598550,1849865232,-249266682
2020/9/20 18:41,1600598490,1485857040,114741450
2020/9/20 18:40,1600598430,1388081136,212517294
2020/9/20 18:39,1600598370,1408900672,191697698
2020/9/20 18:38,1600598310,1252397992,348200318
2020/9/20 18:37,1600598250,1456471408,144126842
2020/9/20 18:36,1600598190,1338601888,261996302
2020/9/20 18:35,1600598130,1537555416,63042714
2020/9/20 18:34,1600598070,1391949808,208648262
2020/9/20 18:33,1600598010,1775181504,-174583494
2020/9/20 18:32,1600597950,1607723248,-7125298
2020/9/20 18:31,1600597890,1872563056,-271965166
2020/9/20 18:30,1600597830,1329507592,271090238
2020/9/20 18:29,1600597770,1212221104,388376666
2020/9/20 18:28,1600597710,1923810072,-323212362
2020/9/20 18:27,1600597650,1510305248,90292402
2020/9/20 18:26,1600597590,1292071384,308526206
2020/9/20 18:25,1600597530,1972434248,-371836718
2020/9/20 18:24,1600597470,1470052888,130544582
2020/9/20 18:23,1600597410,1929344232,-328746822
2020/9/20 18:22,1600597350,1316459832,284137518
2020/9/20 18:21,1600597290,1174724648,425872642
2020/9/20 18:20,1600597230,1942216632,-341619402
2020/9/20 18:19,1600597170,1261538000,339059170
2020/9/20 18:18,1600597110,1901810632,-301213522
2020/9/20 18:17,1600597050,1227831448,372765602
2020/9/20 18:16,1600596990,1702272184,-101675194
2020/9/20 18:15,1600596930,1589636312,10960618
2020/9/20 18:14,1600596870,1508536672,92060198
2020/9/20 18:13,1600596810,1545365896,55230914
2020/9/20 18:12,1600596750,1345826560,254770190
2020/9/20 18:11,1600596690,1277076232,323520458
2020/9/20 18:10,1600596630,1214833736,385762894
2020/9/20 18:09,1600596570,2020528144,-419931574
2020/9/20 18:08,1600596510,1720200912,-119604402
2020/9/20 18:07,1600596450,1954967024,-354370574
2020/9/20 18:06,1600596390,1766539992,-165943602
2020/9/20 18:05,1600596330,1503245440,97350890
2020/9/20 18:04,1600596270,1502684688,97911582
2020/9/20 18:03,1600596210,1560678464,39917746
2020/9/20 18:02,1600596150,1384142968,216453182
2020/9/20 18:01,1600596090,1976635920,-376039830
2020/9/20 18:00,1600596030,1878266840,-277670810
2020/9/20 17:59,1600595970,1833497600,-232901630
2020/9/20 17:58,1600595910,1752719984,-152124074
2020/9/20 17:57,1600595850,1567380024,33215826
2020/9/20 17:56,1600595790,1365261624,235334166
2020/9/20 17:55,1600595730,1837332984,-236737254
2020/9/20 17:54,1600595670,1735339800,-134744130
2020/9/20 17:53,1600595610,1542729848,57865762
2020/9/20 17:52,1600595550,1438313672,162281878
2020/9/20 17:51,1600595490,1920547856,-319952366
2020/9/20 17:50,1600595430,1844915832,-244320402
2020/9/20 17:49,1600595370,1972993864,-372398494
2020/9/20 17:48,1600595310,1291686368,308908942
2020/9/20 17:47,1600595250,1904030800,-303435550
2020/9/20 17:46,1600595190,1811337784,-210742594
2020/9/20 17:45,1600595130,1489625400,110969730
2020/9/20 17:44,1600595070,1442357272,158237798
2020/9/20 17:43,1600595010,1294196552,306398458
2020/9/20 17:42,1600594950,1179265760,421329190
2020/9/20 17:41,1600594890,1730053120,-129458230
2020/9/20 17:40,1600594830,1551433864,49160966
2020/9/20 17:39,1600594770,1420954472,179640298
2020/9/20 17:38,1600594710,1347107864,253486846
2020/9/20 17:37,1600594650,1600117280,477370
2020/9/20 17:36,1600594590,1440875952,159718638
2020/9/20 17:35,1600594530,1325339320,275255210
2020/9/20 17:34,1600594470,1796304944,-195710474
2020/9/20 17:33,1600594410,1759391008,-158796598
2020/9/20 17:32,1600594350,1443708080,156886270
2020/9/20 17:31,1600594290,1252008976,348585314
2020/9/20 17:30,1600594230,1873683264,-273089034
2020/9/20 17:29,1600594170,1684746920,-84152750
2020/9/20 17:28,1600594110,1899335400,-298741290
2020/9/20 17:27,1600594050,1605838624,-5244574
2020/9/20 17:26,1600593990,1845985496,-245391506
2020/9/20 17:25,1600593930,1740206104,-139612174
2020/9/20 17:24,1600593870,1658549544,-57955674
2020/9/20 17:23,1600593810,1620709584,-20115774
2020/9/20 17:22,1600593750,1238856928,361736822
2020/9/20 17:21,1600593690,1886767056,-286173366
2020/9/20 17:20,1600593630,1669589400,-68995770
2020/9/20 17:19,1600593570,1571238416,29355154
2020/9/20 17:18,1600593510,1448034752,152558758
2020/9/20 17:17,1600593450,1828250792,-227657342
2020/9/20 17:16,1600593390,1654722664,-54129274
2020/9/20 17:15,1600593330,1269581088,331012242
2020/9/20 17:14,1600593270,1592487032,8106238
2020/9/20 17:13,1600593210,1463373640,137219570
2020/9/20 17:12,1600593150,1600412592,180558
2020/9/20 17:11,1600593090,1763587176,-162994086
2020/9/20 17:10,1600593030,1299766656,300826374
2020/9/20 17:09,1600592970,1164676120,435916850
2020/9/20 17:08,1600592910,1765546576,-164953666
2020/9/20 17:07,1600592850,1580647336,19945514
2020/9/20 17:06,1600592790,1451115120,149477670
2020/9/20 17:05,1600592730,1711605728,-111012998
2020/9/20 17:04,1600592670,1587901048,12691622
2020/9/20 17:03,1600592610,1458924200,141668410
2020/9/20 17:02,1600592550,1222100288,378492262
2020/9/20 17:01,1600592490,1826144984,-225552494
2020/9/20 17:00,1600592430,1691391640,-90799210
2020/9/20 16:59,1600592370,1427387992,173204378
2020/9/20 16:58,1600592310,1895415016,-294822706
2020/9/20 16:57,1600592250,1248768616,351823634
2020/9/20 16:56,1600592190,1579085136,21507054
2020/9/20 16:55,1600592130,1663391072,-62798942
2020/9/20 16:54,1600592070,1501696784,98895286
2020/9/20 16:53,1600592010,1927653752,-327061742
2020/9/20 16:52,1600591950,1747125464,-146533514
2020/9/20 16:51,1600591890,1661638680,-61046790
2020/9/20 16:50,1600591830,1362037464,238554366
2020/9/20 16:49,1600591770,1964538896,-363947126
2020/9/20 16:48,1600591710,1987023304,-386431594
2020/9/20 16:47,1600591650,1411188656,189402994
2020/9/20 16:46,1600591590,1304865616,295725974
2020/9/20 16:45,1600591530,1248855528,351736002
2020/9/20 16:44,1600591470,1717863240,-117271770
2020/9/20 16:43,1600591410,1521960456,78630954
2020/9/20 16:42,1600591350,1408979064,191612286
2020/9/20 16:41,1600591290,1925503488,-324912198
2020/9/20 16:40,1600591230,1198938808,401652422
2020/9/20 16:39,1600591170,1855303032,-254711862
2020/9/20 16:38,1600591110,1755349168,-154758058
2020/9/20 16:37,1600591050,1488433544,112157506
2020/9/20 16:36,1600590990,1347463184,253127806
2020/9/20 16:35,1600590930,1178538856,422052074
2020/9/20 16:34,1600590870,1853204920,-252614050
2020/9/20 16:33,1600590810,1525075776,75515034
2020/9/20 16:32,1600590750,1968293024,-367702274
2020/9/20 16:31,1600590690,1847134656,-246543966
2020/9/20 16:30,1600590630,1680856352,-80265722
2020/9/20 16:29,1600590570,1338137384,262453186
2020/9/20 16:28,1600590510,1561284384,39306126
2020/9/20 16:27,1600590450,1796170176,-195579726
2020/9/20 16:26,1600590390,1443425656,157164734
2020/9/20 16:25,1600590330,1382952424,217637906
2020/9/20 16:24,1600590270,1295457784,305132486
2020/9/20 16:23,1600590210,1236633144,363957066
2020/9/20 16:22,1600590150,1277884800,322705350
2020/9/20 16:21,1600590090,1269193000,331397090
2020/9/20 16:20,1600590030,1843342072,-242752042
2020/9/20 16:19,1600589970,1500446304,100143666
2020/9/20 16:18,1600589910,1710631560,-110041650
2020/9/20 16:17,1600589850,1444412408,156177442
2020/9/20 16:16,1600589790,2011990256,-411400466
2020/9/20 16:15,1600589730,1844773896,-244184166
2020/9/20 16:14,1600589670,1296953440,303636230
2020/9/20 16:13,1600589610,1423463696,177125914
2020/9/20 16:12,1600589550,1710400328,-109810778
2020/9/20 16:11,1600589490,1541779448,58810042
2020/9/20 16:10,1600589430,1428085472,172503958
2020/9/20 16:09,1600589370,1394127496,206461874
2020/9/20 16:08,1600589310,1287484416,313104894
2020/9/20 16:07,1600589250,1677356680,-76767430
2020/9/20 16:06,1600589190,1890616896,-290027706
2020/9/20 16:05,1600589130,1237966160,362622970
2020/9/20 16:04,1600589070,1706762344,-106173274
2020/9/20 16:03,1600589010,1541707400,58881610
2020/9/20 16:02,1600588950,2037191608,-436602658
2020/9/20 16:01,1600588890,1438034936,162553954
2020/9/20 16:00,1600588830,1600122304,466526
2020/9/20 15:59,1600588770,1876085384,-275496614
2020/9/20 15:58,1600588710,1818192408,-217603698
2020/9/20 15:57,1600588650,1686069984,-85481334
2020/9/20 15:56,1600588590,1502834168,97754422
2020/9/20 15:55,1600588530,1445197680,155390850
2020/9/20 15:54,1600588470,1382029648,218558822
2020/9/20 15:53,1600588410,1971068400,-370479990
2020/9/20 15:52,1600588350,1372119880,228468470
2020/9/20 15:51,1600588290,1268502680,332085610
2020/9/20 15:50,1600588230,1684966048,-84377818
2020/9/20 15:49,1600588170,1570918264,29669906
2020/9/20 15:48,1600588110,1467099208,133488902
2020/9/20 15:47,1600588050,1809994632,-209406582
2020/9/20 15:46,1600587990,1473377080,127210910
2020/9/20 15:45,1600587930,1313614160,286973770
2020/9/20 15:44,1600587870,1912997944,-312410074
2020/9/20 15:43,1600587810,1343074680,257513130
2020/9/20 15:42,1600587750,1831843216,-231255466
2020/9/20 15:41,1600587690,2040851088,-440263398
2020/9/20 15:40,1600587630,1888076264,-287488634
2020/9/20 15:39,1600587570,1704833440,-104245870
2020/9/20 15:38,1600587510,1550226400,50361110
2020/9/20 15:37,1600587450,1868686984,-268099534
2020/9/20 15:36,1600587390,1722912088,-122324698
2020/9/20 15:35,1600587330,1393163080,207424250
2020/9/20 15:34,1600587270,1403947112,196640158
2020/9/20 15:33,1600587210,1762744120,-162156910
2020/9/20 15:32,1600587150,1734195920,-133608770
2020/9/20 15:31,1600587090,1966029984,-365442894
2020/9/20 15:30,1600587030,1664131672,-63544642
2020/9/20 15:29,1600586970,1193050488,407536482
2020/9/20 15:28,1600586910,1425015424,175571486
2020/9/20 15:27,1600586850,1225302872,375283978
2020/9/20 15:26,1600586790,1722034416,-121447626
2020/9/20 15:25,1600586730,1606829832,-6243102
2020/9/20 15:24,1600586670,1791799656,-191212986
2020/9/20 15:23,1600586610,1568978576,31608034
2020/9/20 15:22,1600586550,1410094664,190491886
2020/9/20 15:21,1600586490,1315493504,285092986
2020/9/20 15:20,1600586430,1499846512,100739918
2020/9/20 15:19,1600586370,1885408648,-284822278
2020/9/20 15:18,1600586310,1160200728,440385582
2020/9/20 15:17,1600586250,1211993600,388592650
2020/9/20 15:16,1600586190,1955175416,-354589226
2020/9/20 15:15,1600586130,1919809144,-319223014
2020/9/20 15:14,1600586070,1917490536,-316904466
2020/9/20 15:13,1600586010,1512665648,87920362
2020/9/20 15:12,1600585950,1974885576,-374299626
2020/9/20 15:11,1600585890,1353058488,247527402
2020/9/20 15:10,1600585830,1593593848,6991982
2020/9/20 15:09,1600585770,1481152864,119432906
2020/9/20 15:08,1600585710,1357600192,242985518
2020/9/20 15:07,1600585650,1169786560,430799090
2020/9/20 15:06,1600585590,1878673960,-278088370
2020/9/20 15:05,1600585530,1817405392,-216819862
2020/9/20 15:04,1600585470,1492575408,108010062
2020/9/20 15:03,1600585410,1372815128,227770282
2020/9/20 15:02,1600585350,1918511288,-317925938
2020/9/20 15:01,1600585290,1809304888,-208719598
2020/9/20 15:00,1600585230,1471143168,129442062
2020/9/20 14:59,1600585170,1401620648,198964522
2020/9/20 14:58,1600585110,1239707472,360877638
2020/9/20 14:57,1600585050,1826734160,-226149110
2020/9/20 14:56,1600584990,1395673416,204911574
2020/9/20 14:55,1600584930,1212496272,388088658
2020/9/20 14:54,1600584870,1349155888,251428982
2020/9/20 14:53,1600584810,1284317512,316267298
2020/9/20 14:52,1600584750,1182003360,418581390
2020/9/20 14:51,1600584690,1726666944,-126082254
2020/9/20 14:50,1600584630,1627741912,-27157282
2020/9/20 14:49,1600584570,1106079592,494504978
2020/9/20 14:48,1600584510,1784799464,-184214954
2020/9/20 14:47,1600584450,1618251832,-17667382
2020/9/20 14:46,1600584390,1428798128,171786262
2020/9/20 14:45,1600584330,1357314000,243270330
2020/9/20 14:44,1600584270,1737978760,-137394490
2020/9/20 14:43,1600584210,1539655640,60928570
2020/9/20 14:42,1600584150,1361771312,238812838
2020/9/20 14:41,1600584090,1384105464,216478626
2020/9/20 14:40,1600584030,1153206480,447377550
2020/9/20 14:39,1600583970,1811693104,-211109134
2020/9/20 14:38,1600583910,1726981712,-126397802
2020/9/20 14:37,1600583850,1493436392,107147458
2020/9/20 14:36,1600583790,1433383136,167200654
2020/9/20 14:35,1600583730,1267945736,332637994
2020/9/20 14:34,1600583670,1874677936,-274094266
2020/9/20 14:33,1600583610,1310162944,290420666
2020/9/20 14:32,1600583550,1149188536,451395014
2020/9/20 14:31,1600583490,1755141200,-154557710
2020/9/20 14:30,1600583430,1388506424,212077006
2020/9/20 14:29,1600583370,1432163824,168419546
2020/9/20 14:28,1600583310,1369457232,231126078
2020/9/20 14:27,1600583250,1387126984,213456266
2020/9/20 14:26,1600583190,1652819128,-52235938
2020/9/20 14:25,1600583130,1446528824,154054306
2020/9/20 14:24,1600583070,1212516440,388066630
2020/9/20 14:23,1600583010,1502001008,98582002
2020/9/20 14:22,1600582950,1732061344,-131478394
2020/9/20 14:21,1600582890,1247793784,352789106
2020/9/20 14:20,1600582830,1861877352,-261294522
2020/9/20 14:19,1600582770,1643680464,-43097694
2020/9/20 14:18,1600582710,1436949888,163632822
2020/9/20 14:17,1600582650,1430683136,169899514
2020/9/20 14:16,1600582590,1774878544,-174295954
2020/9/20 14:15,1600582530,1279205344,321377186
2020/9/20 14:14,1600582470,1388754712,211827758
2020/9/20 14:13,1600582410,1659396144,-58813734
2020/9/20 14:12,1600582350,1567300128,33282222
2020/9/20 14:11,1600582290,1232052040,368530250
2020/9/20 14:10,1600582230,1646835240,-46253010
2020/9/20 14:09,1600582170,1523320000,77262170
2020/9/20 14:08,1600582110,1386905848,213676262
2020/9/20 14:07,1600582050,1223182464,377399586
2020/9/20 14:06,1600581990,1757730168,-157148178
2020/9/20 14:05,1600581930,1525279624,75302306
2020/9/20 14:04,1600581870,1455608224,144973646
2020/9/20 14:03,1600581810,1483298176,117283634
2020/9/20 14:02,1600581750,1340160936,260420814
2020/9/20 14:01,1600581690,1351162344,249419346
2020/9/20 14:00,1600581630,1950681056,-350099426
2020/9/20 13:59,1600581570,1684769368,-84187798
2020/9/20 13:58,1600581510,1530685688,69895822
2020/9/20 13:57,1600581450,1328869816,271711634
2020/9/20 13:56,1600581390,1865068736,-264487346
2020/9/20 13:55,1600581330,1454471632,146109698
2020/9/20 13:54,1600581270,1756488616,-155907346
2020/9/20 13:53,1600581210,1139520880,461060330
2020/9/20 13:52,1600581150,1680579224,-79998074
2020/9/20 13:51,1600581090,1769381136,-168800046
2020/9/20 13:50,1600581030,1627426328,-26845298
2020/9/20 13:49,1600580970,1593754672,6826298
2020/9/20 13:48,1600580910,1528170008,72410902
2020/9/20 13:47,1600580850,1517393624,83187226
2020/9/20 13:46,1600580790,1386224528,214356262
2020/9/20 13:45,1600580730,1310740088,289840642
2020/9/20 13:44,1600580670,1864837392,-264256722
2020/9/20 13:43,1600580610,1738702408,-138121798
2020/9/20 13:42,1600580550,1462518112,138062438
2020/9/20 13:41,1600580490,1328591960,271988530
2020/9/20 13:40,1600580430,1501834304,98746126
2020/9/20 13:39,1600580370,1812055656,-211475286
2020/9/20 13:38,1600580310,1725922648,-125342338
2020/9/20 13:37,1600580250,1134420000,466160250
2020/9/20 13:36,1600580190,1619097072,-18516882
2020/9/20 13:35,1600580130,1496739144,103840986
2020/9/20 13:34,1600580070,1220118232,380461838
2020/9/20 13:33,1600580010,1876926544,-276346534
2020/9/20 13:32,1600579950,1288463040,312116910
2020/9/20 13:31,1600579890,1684490072,-83910182
2020/9/20 13:30,1600579830,1708121024,-107541194
2020/9/20 13:29,1600579770,1565894240,34685530
2020/9/20 13:28,1600579710,1256909960,343669750
2020/9/20 13:27,1600579650,1288110816,312468834
2020/9/20 13:26,1600579590,1538352536,62227054
2020/9/20 13:25,1600579530,1464629792,135949738
2020/9/20 13:24,1600579470,1371561776,229017694
2020/9/20 13:23,1600579410,1297565888,303013522
2020/9/20 13:22,1600579350,1145362608,455216742
2020/9/20 13:21,1600579290,1771545968,-170966678
2020/9/20 13:20,1600579230,1222306800,378272430
2020/9/20 13:19,1600579170,1558011984,42567186
2020/9/20 13:18,1600579110,1484575128,116003982
2020/9/20 13:17,1600579050,1570852856,29726194
2020/9/20 13:16,1600578990,1350546432,250032558
2020/9/20 13:15,1600578930,1275473472,325105458
2020/9/20 13:14,1600578870,1194756032,405822838
2020/9/20 13:13,1600578810,1967372168,-366793358
2020/9/20 13:12,1600578750,1857771112,-257192362
2020/9/20 13:11,1600578690,1305106376,295472314
2020/9/20 13:10,1600578630,1629445920,-28867290
2020/9/20 13:09,1600578570,1378483360,222095210
2020/9/20 13:08,1600578510,1506679752,93898758
2020/9/20 13:07,1600578450,1637219704,-36641254
2020/9/20 13:06,1600578390,1055169816,545408574
2020/9/20 13:05,1600578330,1342071056,258507274
2020/9/20 13:04,1600578270,1906956192,-306377922
2020/9/20 13:03,1600578210,1137993800,462584410
2020/9/20 13:02,1600578150,1865532904,-264954754
2020/9/20 13:01,1600578090,1630362384,-29784294
2020/9/20 13:00,1600578031,1575496464,25081567
2020/9/20 12:59,1600577970,1094799704,505778266
2020/9/20 12:58,1600577910,1336049968,264527942
2020/9/20 12:57,1600577850,1723009864,-122432014
2020/9/20 12:56,1600577790,1276981192,323596598
2020/9/20 12:55,1600577730,1222658936,377918794
2020/9/20 12:54,1600577670,1365179320,235398350
2020/9/20 12:53,1600577610,1205712808,394864802
2020/9/20 12:52,1600577550,1597670632,2906918
2020/9/20 12:51,1600577490,1329694744,270882746
2020/9/20 12:50,1600577430,1328192680,272384750
2020/9/20 12:49,1600577370,1551452208,49125162
2020/9/20 12:48,1600577310,1757718704,-157141394
2020/9/20 12:47,1600577250,1167171304,433405946
2020/9/20 12:46,1600577190,1676205440,-75628250
2020/9/20 12:45,1600577130,1869289736,-268712606
2020/9/20 12:44,1600577070,1305620896,294956174
2020/9/20 12:43,1600577010,1737174304,-136597294
2020/9/20 12:42,1600576950,1518650648,81926302
2020/9/20 12:41,1600576890,1653431024,-52854134
2020/9/20 12:40,1600576830,1497963288,102613542
2020/9/20 12:39,1600576770,1354492032,246084738
2020/9/20 12:38,1600576710,1547976152,52600558
2020/9/20 12:37,1600576650,1432602336,167974314
2020/9/20 12:36,1600576590,1699218616,-98642026
2020/9/20 12:35,1600576530,1446019608,154556922
2020/9/20 12:34,1600576470,1486872016,113704454
2020/9/20 12:33,1600576410,1311054024,289522386
2020/9/20 12:32,1600576350,1222275392,378300958
2020/9/20 12:31,1600576290,1868489128,-267912838
2020/9/20 12:30,1600576230,1823936104,-223359874
2020/9/20 12:29,1600576170,1790441136,-189864966
2020/9/20 12:28,1600576110,1711829536,-111253426
2020/9/20 12:27,1600576050,1329211776,271364274
2020/9/20 12:26,1600575990,1757610096,-157034106
2020/9/20 12:25,1600575930,1722870720,-122294790
2020/9/20 12:24,1600575870,1559727472,40848398
2020/9/20 12:23,1600575810,1791911032,-191335222
2020/9/20 12:22,1600575750,1725685496,-125109746
2020/9/20 12:21,1600575690,1227974512,372601178
2020/9/20 12:20,1600575630,1441825664,158749966
2020/9/20 12:19,1600575570,1289349848,311225722
2020/9/20 12:18,1600575510,1239971736,360603774
2020/9/20 12:17,1600575450,1613980952,-13405502
2020/9/20 12:16,1600575390,1679779280,-79203890
2020/9/20 12:15,1600575330,1470436400,130138930
2020/9/20 12:14,1600575270,1691901072,-91325802
2020/9/20 12:13,1600575210,1579132336,21442874
2020/9/20 12:12,1600575150,1360072744,240502406
2020/9/20 12:11,1600575090,1248060184,352514906
2020/9/20 12:10,1600575030,1304734352,295840678
2020/9/20 12:09,1600574970,1265122136,335452834
2020/9/20 12:08,1600574910,1154564344,446010566
2020/9/20 12:07,1600574850,1787983024,-187408174
2020/9/20 12:06,1600574790,1615285960,-14711170
2020/9/20 12:05,1600574730,1526139584,74435146
2020/9/20 12:04,1600574670,1443027544,157547126
2020/9/20 12:03,1600574610,1413036856,187537754
2020/9/20 12:02,1600574550,1237517040,363057510
2020/9/20 12:01,1600574490,1190257576,410316914
2020/9/20 12:00,1600574430,1320581216,279993214
2020/9/20 11:59,1600574370,1250768784,349805586
2020/9/20 11:58,1600574310,1131997312,468576998
2020/9/20 11:57,1600574250,1150767864,449806386
2020/9/20 11:56,1600574190,1472343104,128231086
2020/9/20 11:55,1600574130,1403021496,197552634
2020/9/20 11:54,1600574070,1098541392,502032678
2020/9/20 11:53,1600574010,1504887192,95686818
2020/9/20 11:52,1600573950,1350907416,249666534
2020/9/20 11:51,1600573890,1285141224,315432666
2020/9/20 11:50,1600573830,1136039704,464534126
2020/9/20 11:49,1600573770,1794743456,-194169686
2020/9/20 11:48,1600573710,1748683744,-148110034
2020/9/20 11:47,1600573650,1800170608,-199596958
2020/9/20 11:46,1600573590,1687702568,-87128978
2020/9/20 11:45,1600573530,1498141904,102431626
2020/9/20 11:44,1600573470,1459992456,140581014
2020/9/20 11:43,1600573410,1590787008,9786402
2020/9/20 11:42,1600573350,1824602248,-224028898
2020/9/20 11:41,1600573290,1246542040,354031250
2020/9/20 11:40,1600573230,1473679848,126893382
2020/9/20 11:39,1600573170,1335165152,265408018
2020/9/20 11:38,1600573110,1293082576,307490534
2020/9/20 11:37,1600573050,1266461064,334111986
2020/9/20 11:36,1600572990,1745101280,-144528290
2020/9/20 11:35,1600572930,1607446416,-6873486
2020/9/20 11:34,1600572870,1565312048,35260822
2020/9/20 11:33,1600572810,1484411688,116161122
2020/9/20 11:32,1600572750,1375741464,224831286
2020/9/20 11:31,1600572690,1455115352,145457338
2020/9/20 11:30,1600572630,1321832192,278740438
2020/9/20 11:29,1600572570,1290927936,309644634
2020/9/20 11:28,1600572510,1128910424,471662086
2020/9/20 11:27,1600572450,1302451552,298120898
2020/9/20 11:26,1600572390,1686067696,-85495306
2020/9/20 11:25,1600572330,1285257904,315314426
2020/9/20 11:24,1600572270,1168081120,432491150
2020/9/20 11:23,1600572210,1644728480,-44156270
2020/9/20 11:22,1600572150,1668005024,-67432874
2020/9/20 11:21,1600572090,1416789328,183782762
2020/9/20 11:20,1600572030,1262958816,337613214
2020/9/20 11:19,1600571970,1145676552,454895418
2020/9/20 11:18,1600571910,1089840128,510731782
2020/9/20 11:17,1600571850,1712870120,-112298270
2020/9/20 11:16,1600571790,1508720336,91851454
2020/9/20 11:15,1600571730,1238806584,361765146
2020/9/20 11:14,1600571670,1771640920,-171069250
2020/9/20 11:13,1600571610,1521981760,78589850
2020/9/20 11:12,1600571550,1466622856,133948694
2020/9/20 11:11,1600571490,1387978736,212592754
2020/9/20 11:10,1600571430,1484492024,116079406
2020/9/20 11:09,1600571370,1342354112,258217258
2020/9/20 11:08,1600571310,1744966720,-144395410
2020/9/20 11:07,1600571250,1504617416,95953834
2020/9/20 11:06,1600571190,1566204296,34366894
2020/9/20 11:05,1600571130,1291724312,308846818
2020/9/20 11:04,1600571070,1252699816,347871254
2020/9/20 11:03,1600571010,1211908224,388662786
2020/9/20 11:02,1600570950,1944272536,-343701586
2020/9/20 11:01,1600570890,1854736184,-254165294
2020/9/20 11:00,1600570830,1896233704,-295662874
2020/9/20 10:59,1600570770,1706050160,-105479390
2020/9/20 10:58,1600570710,1159614504,440956206
2020/9/20 10:57,1600570650,1688184408,-87613758
2020/9/20 10:56,1600570590,1599353856,1216734
2020/9/20 10:55,1600570531,1669211608,-68641077
2020/9/20 10:54,1600570470,1614102568,-13532098
2020/9/20 10:53,1600570410,1507544376,93026034
2020/9/20 10:52,1600570350,1521268120,79302230
2020/9/20 10:51,1600570290,1292556240,308014050
2020/9/20 10:50,1600570230,1547463680,53106550
2020/9/20 10:49,1600570170,1333287824,267282346
2020/9/20 10:48,1600570110,1411168024,189402086
2020/9/20 10:47,1600570050,1065802336,534767714
2020/9/20 10:46,1600569990,1394778392,205791598
2020/9/20 10:45,1600569930,1340214688,260355242
2020/9/20 10:44,1600569870,1268160704,332409166
2020/9/20 10:43,1600569810,1176621056,423948754
2020/9/20 10:42,1600569750,1142599104,457970646
2020/9/20 10:41,1600569690,1371365776,229203914
2020/9/20 10:40,1600569630,1350531136,250038494
2020/9/20 10:39,1600569570,1086961384,513608186
2020/9/20 10:38,1600569510,1780951032,-180381522
2020/9/20 10:37,1600569450,1666279464,-65710014
2020/9/20 10:36,1600569390,1489791656,110777734
2020/9/20 10:35,1600569330,1425056920,175512410
2020/9/20 10:34,1600569270,1296059232,304510038
2020/9/20 10:33,1600569210,1606364088,-5794878
2020/9/20 10:32,1600569150,1451011264,149557886
2020/9/20 10:31,1600569090,1038216200,562352890
2020/9/20 10:30,1600569030,1788127896,-187558866
2020/9/20 10:29,1600568970,1173076800,427492170
2020/9/20 10:28,1600568910,1694224104,-93655194
2020/9/20 10:27,1600568850,1182392240,418176610
2020/9/20 10:26,1600568790,1200195416,400373374
2020/9/20 10:25,1600568730,1113651504,486917226
2020/9/20 10:24,1600568670,1394253056,206315614
2020/9/20 10:23,1600568610,1218852520,381716090
2020/9/20 10:22,1600568550,1469243736,131324814
2020/9/20 10:21,1600568490,1693069264,-92500774
2020/9/20 10:20,1600568430,1155809840,444758590
2020/9/20 10:19,1600568370,1270977560,329590810
2020/9/20 10:18,1600568310,1221943872,378624438
2020/9/20 10:17,1600568250,1383915280,216652970
2020/9/20 10:16,1600568190,1232237856,368330334
2020/9/20 10:15,1600568130,1086137064,514431066
2020/9/20 10:14,1600568070,1412150088,188417982
2020/9/20 10:13,1600568010,1871515328,-270947318
2020/9/20 10:12,1600567950,1433549256,167018694
2020/9/20 10:11,1600567890,1306150312,294417578
2020/9/20 10:10,1600567830,1259410728,341157102
2020/9/20 10:09,1600567770,1280447000,320120770
2020/9/20 10:08,1600567710,1104113016,496454694
2020/9/20 10:07,1600567650,1193850736,406716914
2020/9/20 10:06,1600567590,1410998232,189569358
2020/9/20 10:05,1600567530,1228902136,371665394
2020/9/20 10:04,1600567470,1190877256,409690214
2020/9/20 10:03,1600567410,1125804208,474763202
2020/9/20 10:02,1600567350,1582286704,18280646
2020/9/20 10:01,1600567290,1468143464,132423826
2020/9/20 10:00,1600567230,1835751632,-235184402
2020/9/20 09:59,1600567170,1073770984,526796186
2020/9/20 09:58,1600567110,1707992720,-107425610
2020/9/20 09:57,1600567050,1488936560,111630490
2020/9/20 09:56,1600566990,1444777064,155789926
2020/9/20 09:55,1600566930,1223206760,377360170
2020/9/20 09:54,1600566870,1201087768,399479102
2020/9/20 09:53,1600566810,1389986064,210580746
2020/9/20 09:52,1600566750,1349432584,251134166
2020/9/20 09:51,1600566690,1123542312,477024378
2020/9/20 09:50,1600566630,1053191856,547374774
2020/9/20 09:49,1600566570,1025136064,575430506
2020/9/20 09:48,1600566510,1661865576,-61299066
2020/9/20 09:47,1600566450,1541166936,59399514
2020/9/20 09:46,1600566390,1809853424,-209287034
2020/9/20 09:45,1600566330,1635066608,-34500278
2020/9/20 09:44,1600566270,1606525448,-5959178
2020/9/20 09:43,1600566210,1284811672,315754538
2020/9/20 09:42,1600566150,1323281552,277284598
2020/9/20 09:41,1600566090,1173272384,427293706
2020/9/20 09:40,1600566030,1141653296,458912734
2020/9/20 09:39,1600565970,1816205384,-215639414
2020/9/20 09:38,1600565910,1497320000,103245910
2020/9/20 09:37,1600565850,1437841008,162724842
2020/9/20 09:36,1600565790,1340667504,259898286
2020/9/20 09:35,1600565730,1308924736,291640994
2020/9/20 09:34,1600565670,1877491304,-276925634
2020/9/20 09:33,1600565610,1770465328,-169899718
2020/9/20 09:32,1600565550,1601753720,-1188170
2020/9/20 09:31,1600565490,1630364584,-29799094
2020/9/20 09:30,1600565430,1639691504,-39126074
2020/9/20 09:29,1600565370,1291154536,309410834
2020/9/20 09:28,1600565310,1502819360,97745950
2020/9/20 09:27,1600565250,1284557512,316007738
2020/9/20 09:26,1600565190,1228162072,372403118
2020/9/20 09:25,1600565130,1629377488,-28812358
2020/9/20 09:24,1600565070,1579235152,21329918
2020/9/20 09:23,1600565010,1176729504,423835506
2020/9/20 09:22,1600564950,1043724616,556840334
2020/9/20 09:21,1600564890,1594204232,6360658
2020/9/20 09:20,1600564830,1433064216,167500614
2020/9/20 09:19,1600564770,1272117424,328447346
2020/9/20 09:18,1600564710,1162235936,438328774
2020/9/20 09:17,1600564650,1556951000,43613650
2020/9/20 09:16,1600564590,1750916496,-150351906
2020/9/20 09:15,1600564530,1661501904,-60937374
2020/9/20 09:14,1600564470,1564811352,35753118
2020/9/20 09:13,1600564410,1709884944,-109320534
2020/9/20 09:12,1600564350,1614490704,-13926354
2020/9/20 09:11,1600564290,1294432880,306131410
2020/9/20 09:10,1600564230,1179274608,421289622
2020/9/20 09:09,1600564170,1109911384,490652786
2020/9/20 09:08,1600564110,1395593768,204970342
2020/9/20 09:07,1600564050,1323198464,277365586
2020/9/20 09:06,1600563990,1576679224,23884766
2020/9/20 09:05,1600563930,1519745824,80818106
2020/9/20 09:04,1600563870,1171674728,428889142
2020/9/20 09:03,1600563810,1144359560,456204250
2020/9/20 09:02,1600563750,1957087992,-356524242
2020/9/20 09:01,1600563690,1789068248,-188504558
2020/9/20 09:00,1600563630,1151127824,449435806
2020/9/20 08:59,1600563570,1369718976,230844594
2020/9/20 08:58,1600563510,1159237008,441326502
2020/9/20 08:57,1600563450,1205877624,394685826
2020/9/20 08:56,1600563390,1720520504,-119957114
2020/9/20 08:55,1600563330,1680809664,-80246334
2020/9/20 08:54,1600563270,1679923048,-79359778
2020/9/20 08:53,1600563210,1198498192,402065018
2020/9/20 08:52,1600563150,1751422352,-150859202
2020/9/20 08:51,1600563090,1186873824,413689266
2020/9/20 08:50,1600563030,1335280200,265282830
2020/9/20 08:49,1600562970,1328760432,271802538
2020/9/20 08:48,1600562910,1273979768,326583142
2020/9/20 08:47,1600562850,1535846104,64716746
2020/9/20 08:46,1600562790,1254203528,346359262
2020/9/20 08:45,1600562730,1469889816,130672914
2020/9/20 08:44,1600562670,1297341824,303220846
2020/9/20 08:43,1600562610,1118515832,482046778
2020/9/20 08:42,1600562550,1145902560,454659990
2020/9/20 08:41,1600562490,1025854440,574708050
2020/9/20 08:40,1600562430,1093956096,506606334
2020/9/20 08:39,1600562370,1424722528,175839842
2020/9/20 08:38,1600562310,1314427904,286134406
2020/9/20 08:37,1600562250,1456217704,144344546
2020/9/20 08:36,1600562190,1225265416,375296774
2020/9/20 08:35,1600562130,1164545616,436016514
2020/9/20 08:34,1600562070,1150703528,449858542
2020/9/20 08:33,1600562010,1129961312,470600698
2020/9/20 08:32,1600561950,1138883376,461678574
2020/9/20 08:31,1600561890,1661787712,-61225822
2020/9/20 08:30,1600561830,1369179104,231382726
2020/9/20 08:29,1600561770,1481502408,119059362
2020/9/20 08:28,1600561710,1392575840,207985870
2020/9/20 08:27,1600561650,1185424160,415137490
2020/9/20 08:26,1600561590,1978908376,-378346786
2020/9/20 08:25,1600561530,1740417744,-139856214
2020/9/20 08:24,1600561470,1651391024,-50829554
2020/9/20 08:23,1600561410,1592893072,7668338
2020/9/20 08:22,1600561350,1522041200,78520150
2020/9/20 08:21,1600561290,1428906032,171655258
2020/9/20 08:20,1600561230,1736052000,-135490770
2020/9/20 08:19,1600561170,1692314984,-91753814
2020/9/20 08:18,1600561110,1596685552,3875558
2020/9/20 08:17,1600561050,1524388112,76172938
2020/9/20 08:16,1600560990,1458298432,142262558
2020/9/20 08:15,1600560930,1319209640,281351290
2020/9/20 08:14,1600560870,1615499712,-14938842
2020/9/20 08:13,1600560810,1473873448,126687362
2020/9/20 08:12,1600560750,1066073816,534486934
2020/9/20 08:11,1600560690,1594872064,5688626
2020/9/20 08:10,1600560630,1498423512,102137118
2020/9/20 08:09,1600560570,1478611064,121949506
2020/9/20 08:08,1600560510,1440373800,160186710
2020/9/20 08:07,1600560450,1244061352,356499098
2020/9/20 08:06,1600560390,1166899688,433660702
2020/9/20 08:05,1600560330,1738868008,-138307678
2020/9/20 08:04,1600560270,1689605256,-89044986
2020/9/20 08:03,1600560210,1094167000,506393210
2020/9/20 08:02,1600560150,1521397904,79162246
2020/9/20 08:01,1600560090,1489417752,111142338
2020/9/20 08:00,1600560030,1379292304,221267726
2020/9/20 07:59,1600559970,1277707088,322852882
2020/9/20 07:58,1600559910,1080470176,520089734
2020/9/20 07:57,1600559850,1378691824,221868026
2020/9/20 07:56,1600559790,1534717224,65842566
2020/9/20 07:55,1600559730,1392105232,208454498
2020/9/20 07:54,1600559670,1175397632,425162038
2020/9/20 07:53,1600559610,1136487008,464072602
2020/9/20 07:52,1600559550,1632233096,-31673546
2020/9/20 07:51,1600559490,1587547344,13012146
2020/9/20 07:50,1600559430,1249755320,350804110
2020/9/20 07:49,1600559370,1138123120,462436250
2020/9/20 07:48,1600559310,1115993472,484565838
2020/9/20 07:47,1600559250,1352301056,248258194
2020/9/20 07:46,1600559190,1117230952,483328238
2020/9/20 07:45,1600559130,1222308472,378250658
2020/9/20 07:44,1600559070,1176574168,423984902
2020/9/20 07:43,1600559010,1157291792,443267218
2020/9/20 07:42,1600558950,1101840528,498718422
2020/9/20 07:41,1600558890,1749862224,-149303334
2020/9/20 07:40,1600558830,1872719752,-272160922
2020/9/20 07:39,1600558770,1797266944,-196708174
2020/9/20 07:38,1600558710,1656044240,-55485530
2020/9/20 07:37,1600558650,1152388520,448170130
2020/9/20 07:36,1600558590,1545152440,55406150
2020/9/20 07:35,1600558530,1494235608,106322922
2020/9/20 07:34,1600558470,1417750616,182807854
2020/9/20 07:33,1600558410,1248790136,351768274
2020/9/20 07:32,1600558350,1168711016,431847334
2020/9/20 07:31,1600558290,1057517648,543040642
2020/9/20 07:30,1600558230,1066573464,533984766
2020/9/20 07:29,1600558170,1741079440,-140521270
2020/9/20 07:28,1600558110,1688270360,-87712250
2020/9/20 07:27,1600558050,1503655080,96902970
2020/9/20 07:26,1600557990,1531498632,69059358
2020/9/20 07:25,1600557930,1309167944,291389986
2020/9/20 07:24,1600557870,1212939552,387618318
2020/9/20 07:23,1600557810,1129221384,471336426
2020/9/20 07:22,1600557750,1080526592,520031158
2020/9/20 07:21,1600557690,1656948672,-56390982
2020/9/20 07:20,1600557630,1601283792,-726162
2020/9/20 07:19,1600557570,1281703520,318854050
2020/9/20 07:18,1600557510,1138082208,462475302
2020/9/20 07:17,1600557450,1307242456,293314994
2020/9/20 07:16,1600557390,1544969184,55588206
2020/9/20 07:15,1600557330,1485177384,115379946
2020/9/20 07:14,1600557270,1403301712,197255558
2020/9/20 07:13,1600557210,1346706144,253851066
2020/9/20 07:12,1600557150,1207265232,393291918
2020/9/20 07:11,1600557090,1055773656,544783434
2020/9/20 07:10,1600557030,1467140312,133416718
2020/9/20 07:09,1600556970,1550933672,49623298
2020/9/20 07:08,1600556910,1115797872,484759038
2020/9/20 07:07,1600556850,1729954800,-129397950
2020/9/20 07:06,1600556790,1352877776,247679014
2020/9/20 07:05,1600556730,1215292776,385263954
2020/9/20 07:04,1600556670,1136516616,464040054
2020/9/20 07:03,1600556610,1815177360,-214620750
2020/9/20 07:02,1600556550,1147465928,453090622
2020/9/20 07:01,1600556490,1710036600,-109480110
2020/9/20 07:00,1600556430,1518468024,82088406
2020/9/20 06:59,1600556370,1492988640,107567730
2020/9/20 06:58,1600556310,1861591992,-261035682
2020/9/20 06:57,1600556250,1729227920,-128671670
2020/9/20 06:56,1600556190,1286709648,313846542
2020/9/20 06:55,1600556130,1324269968,276286162
2020/9/20 06:54,1600556070,1539612456,60943614
2020/9/20 06:53,1600556010,1565480176,35075834
2020/9/20 06:52,1600555950,1779916744,-179360794
2020/9/20 06:51,1600555890,1625383944,-24828054
2020/9/20 06:50,1600555830,1466429312,134126518
2020/9/20 06:49,1600555770,1447440008,153115762
2020/9/20 06:48,1600555710,1637648536,-37092826
2020/9/20 06:47,1600555650,1293150480,307405170
2020/9/20 06:46,1600555590,1261145864,339409726
2020/9/20 06:45,1600555530,1191661408,408894122
2020/9/20 06:44,1600555470,1177709160,422846310
2020/9/20 06:43,1600555410,1441478288,159077122
2020/9/20 06:42,1600555350,1240995960,359559390
2020/9/20 06:41,1600555290,1312675672,287879618
2020/9/20 06:40,1600555230,1664202832,-63647602
2020/9/20 06:39,1600555170,1560835344,39719826
2020/9/20 06:38,1600555110,1268629816,331925294
2020/9/20 06:37,1600555050,1894885944,-294330894
2020/9/20 06:36,1600554990,1712435160,-111880170
2020/9/20 06:35,1600554930,1331999152,268555778
2020/9/20 06:34,1600554870,1342025896,258528974
2020/9/20 06:33,1600554810,1250883176,349671634
2020/9/20 06:32,1600554750,1197118608,403436142
2020/9/20 06:31,1600554690,1157136632,443418058
2020/9/20 06:30,1600554630,1090133992,510420638
2020/9/20 06:29,1600554570,1326247280,274307290
2020/9/20 06:28,1600554510,1312940888,287613622
2020/9/20 06:27,1600554450,1380452256,220102194
2020/9/20 06:26,1600554390,1444157112,156397278
2020/9/20 06:25,1600554330,1146533640,454020690
2020/9/20 06:24,1600554270,1540078720,60475550
2020/9/20 06:23,1600554210,1390730272,209823938
2020/9/20 06:22,1600554150,1361066432,239487718
2020/9/20 06:21,1600554090,1324532424,276021666
2020/9/20 06:20,1600554030,1245757960,354796070
2020/9/20 06:19,1600553970,1184167448,416386522
2020/9/20 06:18,1600553910,1092290224,508263686
2020/9/20 06:17,1600553850,1796066608,-195512758
2020/9/20 06:16,1600553790,1165897376,434656414
2020/9/20 06:15,1600553730,1354023160,246530570
2020/9/20 06:14,1600553670,1274757632,325796038
2020/9/20 06:13,1600553610,1210837056,389716554
2020/9/20 06:12,1600553550,1507416080,93137470
2020/9/20 06:11,1600553490,1063178864,537374626
2020/9/20 06:10,1600553430,1126213792,474339638
2020/9/20 06:09,1600553370,1645155712,-44602342
2020/9/20 06:08,1600553310,1452809576,147743734
2020/9/20 06:07,1600553250,1693254232,-92700982
2020/9/20 06:06,1600553190,1287334784,313218406
2020/9/20 06:05,1600553130,1175857424,424695706
2020/9/20 06:04,1600553070,1098451208,502101862
2020/9/20 06:03,1600553010,1199590128,400962882
2020/9/20 06:02,1600552950,1725730712,-125177762
2020/9/20 06:01,1600552890,1565298624,35254266
2020/9/20 06:00,1600552830,1504160744,96392086
2020/9/20 05:59,1600552770,1349440112,251112658
2020/9/20 05:58,1600552710,1703554952,-103002242
2020/9/20 05:57,1600552650,1533720856,66831794
2020/9/20 05:56,1600552590,1417013424,183539166
2020/9/20 05:55,1600552530,1291822848,308729682
2020/9/20 05:54,1600552470,1845848024,-245295554
2020/9/20 05:53,1600552410,1450730104,149822306
2020/9/20 05:52,1600552350,1276820256,323732094
2020/9/20 05:51,1600552290,1163526928,437025362
2020/9/20 05:50,1600552230,1073108624,527443606
2020/9/20 05:49,1600552170,1571216680,29335490
2020/9/20 05:48,1600552110,1520164864,80387246
2020/9/20 05:47,1600552050,1033236552,567315498
2020/9/20 05:46,1600551990,1210648680,389903310
2020/9/20 05:45,1600551930,1584102632,16449298
2020/9/20 05:44,1600551870,1427471880,173079990
2020/9/20 05:43,1600551810,1248695240,351856570
2020/9/20 05:42,1600551750,1041324584,559227166
2020/9/20 05:41,1600551690,1071898312,528653378
2020/9/20 05:40,1600551630,1038096024,562455606
2020/9/20 05:39,1600551570,1515443152,85108418
2020/9/20 05:38,1600551510,1167931520,432619990
2020/9/20 05:37,1600551450,1176963216,423588234
2020/9/20 05:36,1600551390,1373654088,226897302
2020/9/20 05:35,1600551330,1137733240,462818090
2020/9/20 05:34,1600551270,1143705072,456846198
2020/9/20 05:33,1600551210,1108303000,492248210
2020/9/20 05:32,1600551150,1065192064,535359086
2020/9/20 05:31,1600551090,1183496112,417054978
2020/9/20 05:30,1600551030,1275023192,325527838
2020/9/20 05:29,1600550970,1140438304,460112666
2020/9/20 05:28,1600550910,1851211248,-250660338
2020/9/20 05:27,1600550850,1620789752,-20238902
2020/9/20 05:26,1600550790,1431126240,169424550
2020/9/20 05:25,1600550730,1370436528,230114202
2020/9/20 05:24,1600550670,1378372928,222177742
2020/9/20 05:23,1600550610,1318766128,281784482
2020/9/20 05:22,1600550550,1131102112,469448438
2020/9/20 05:21,1600550490,1227898936,372651554
2020/9/20 05:20,1600550430,1159429568,441120862
2020/9/20 05:19,1600550370,1001253456,599296914
2020/9/20 05:18,1600550310,1047790064,552760246
2020/9/20 05:17,1600550250,1804510936,-203960686
2020/9/20 05:16,1600550190,1236521328,364028862
2020/9/20 05:15,1600550130,1477130816,123419314
2020/9/20 05:14,1600550070,1476748560,123801510
2020/9/20 05:13,1600550010,1090130672,510419338
2020/9/20 05:12,1600549950,1060265936,540284014
2020/9/20 05:11,1600549890,1550353456,50196434
2020/9/20 05:10,1600549830,1482315000,118234830
2020/9/20 05:09,1600549770,1238043440,362506330
2020/9/20 05:08,1600549710,1440392720,160156990
2020/9/20 05:07,1600549650,1194154552,406395098
2020/9/20 05:06,1600549590,1085825832,514723758
2020/9/20 05:05,1600549530,1016510656,584038874
2020/9/20 05:04,1600549470,1576157168,24392302
2020/9/20 05:03,1600549410,1720098656,-119549246
2020/9/20 05:02,1600549350,1624292800,-23743450
2020/9/20 05:01,1600549290,1653281096,-52731806
2020/9/20 05:00,1600549230,1337660712,262888518
2020/9/20 04:59,1600549170,1153525416,447023754
2020/9/20 04:58,1600549110,1298045656,302503454
2020/9/20 04:57,1600549050,1550512400,50036650
2020/9/20 04:56,1600548990,1357359888,243189102
2020/9/20 04:55,1600548930,1193310520,407238410
2020/9/20 04:54,1600548870,1421660528,178888342
2020/9/20 04:53,1600548810,1182406256,418142554
2020/9/20 04:52,1600548750,1481554752,118993998
2020/9/20 04:51,1600548690,1342889464,257659226
2020/9/20 04:50,1600548630,1245512096,355036534
2020/9/20 04:49,1600548570,1220409376,380139194
2020/9/20 04:48,1600548510,1082910760,517637750
2020/9/20 04:47,1600548450,1455441360,145107090
2020/9/20 04:46,1600548390,1339436568,261111822
2020/9/20 04:45,1600548331,1312570648,287977683
2020/9/20 04:44,1600548270,1370085320,230462950
2020/9/20 04:43,1600548210,1248181464,352366746
2020/9/20 04:42,1600548150,1205450536,395097614
2020/9/20 04:41,1600548090,1382412424,218135666
2020/9/20 04:40,1600548030,1168349624,432198406
2020/9/20 04:39,1600547970,1824357640,-223809670
2020/9/20 04:38,1600547910,1714323320,-113775410
2020/9/20 04:37,1600547850,1236607088,363940762
2020/9/20 04:36,1600547790,1416272704,184275086
2020/9/20 04:35,1600547730,1339717208,260830522
2020/9/20 04:34,1600547670,1267500216,333047454
2020/9/20 04:33,1600547610,1210311080,390236530
2020/9/20 04:32,1600547550,1456035928,144511622
2020/9/20 04:31,1600547490,1121457008,479090482
2020/9/20 04:30,1600547430,1562296424,38251006
2020/9/20 04:29,1600547370,1493709224,106838146
2020/9/20 04:28,1600547310,1451209856,149337454
2020/9/20 04:27,1600547250,1262949480,337597770
2020/9/20 04:26,1600547190,1723073768,-122526578
2020/9/20 04:25,1600547130,1682904104,-82356974
2020/9/20 04:24,1600547070,1554248832,46298238
2020/9/20 04:23,1600547010,1532385640,68161370
2020/9/20 04:22,1600546950,1367355040,233191910
2020/9/20 04:21,1600546890,1725577424,-125030534
2020/9/20 04:20,1600546830,1447539496,153007334
2020/9/20 04:19,1600546770,1189570392,410976378
2020/9/20 04:18,1600546710,1509360232,91186478
2020/9/20 04:17,1600546650,1413117640,187429010
2020/9/20 04:16,1600546590,988441048,612105542
2020/9/20 04:15,1600546530,1696124896,-95578366
2020/9/20 04:14,1600546470,1126118256,474428214
2020/9/20 04:13,1600546410,1881176480,-280630070
2020/9/20 04:12,1600546350,1783916560,-183370210
2020/9/20 04:11,1600546290,1636154192,-35607902
2020/9/20 04:10,1600546230,1450878112,149668118
2020/9/20 04:09,1600546170,1192076560,408469610
2020/9/20 04:08,1600546110,1484562584,115983526
2020/9/20 04:07,1600546050,1558025112,42520938
2020/9/20 04:06,1600545990,995558696,604987294
2020/9/20 04:05,1600545930,1450717304,149828626
2020/9/20 04:04,1600545870,1207014000,393531870
2020/9/20 04:03,1600545810,1085169256,515376554
2020/9/20 04:02,1600545750,1571491864,29053886
2020/9/20 04:01,1600545690,1087373392,513172298
2020/9/20 04:00,1600545630,1497142088,103403542
2020/9/20 03:59,1600545570,1561451400,39094170
2020/9/20 03:58,1600545510,1316560704,283984806
2020/9/20 03:57,1600545450,1010433896,590111554
2020/9/20 03:56,1600545390,1521388328,79157062
2020/9/20 03:55,1600545330,1190597904,409947426
2020/9/20 03:54,1600545270,1434516208,166029062
2020/9/20 03:53,1600545210,1314244920,286300290
2020/9/20 03:52,1600545150,1487775648,112769502
2020/9/20 03:51,1600545090,1242506152,358038938
2020/9/20 03:50,1600545030,1580113928,20431102
2020/9/20 03:49,1600544970,1548495840,52049130
2020/9/20 03:48,1600544910,1357655848,242889062
2020/9/20 03:47,1600544850,1205168808,395376042
2020/9/20 03:46,1600544790,1060289808,540254982
2020/9/20 03:45,1600544730,1664430104,-63885374
2020/9/20 03:44,1600544670,1049724800,550819870
2020/9/20 03:43,1600544610,1759428232,-158883622
2020/9/20 03:42,1600544550,1139027080,461517470
2020/9/20 03:41,1600544490,1041038664,559505826
2020/9/20 03:40,1600544430,1708046104,-107501674
2020/9/20 03:39,1600544370,1644351656,-43807286
2020/9/20 03:38,1600544310,1366967272,233577038
2020/9/20 03:37,1600544250,1711625360,-111081110
2020/9/20 03:36,1600544190,1506101216,94442974
2020/9/20 03:35,1600544130,1430126480,170417650
2020/9/20 03:34,1600544070,1296549584,303994486
2020/9/20 03:33,1600544010,1206841304,393702706
2020/9/20 03:32,1600543950,1118599808,481944142
2020/9/20 03:31,1600543890,1077668144,522875746
2020/9/20 03:30,1600543830,1049628208,550915622
2020/9/20 03:29,1600543770,966939904,633603866
2020/9/20 03:28,1600543710,1613523928,-12980218
2020/9/20 03:27,1600543650,1082964208,517579442
2020/9/20 03:26,1600543590,1519775952,80767638
2020/9/20 03:25,1600543530,1404862928,195680602
2020/9/20 03:24,1600543470,1305334776,295208694
2020/9/20 03:23,1600543410,1197347464,403195946
2020/9/20 03:22,1600543350,1373541888,227001462
2020/9/20 03:21,1600543290,1304286880,296256410
2020/9/20 03:20,1600543230,1378142584,222400646
2020/9/20 03:19,1600543170,1313773848,286769322
2020/9/20 03:18,1600543110,1503984648,96558462
2020/9/20 03:17,1600543050,1116693728,483849322
2020/9/20 03:16,1600542990,1485068328,115474662
2020/9/20 03:15,1600542930,1456279448,144263482
2020/9/20 03:14,1600542870,1154954168,445588702
2020/9/20 03:13,1600542810,1082468368,518074442
2020/9/20 03:12,1600542750,1789086272,-188543522
2020/9/20 03:11,1600542690,1537786848,62755842
2020/9/20 03:10,1600542630,1067808192,532734438
2020/9/20 03:09,1600542570,966126752,634415818
2020/9/20 03:08,1600542510,1318300336,282242174
2020/9/20 03:07,1600542450,1371519848,229022602
2020/9/20 03:06,1600542390,1347591888,252950502
2020/9/20 03:05,1600542330,1218725184,381817146
2020/9/20 03:04,1600542270,1198972992,401569278
2020/9/20 03:03,1600542210,1180137656,420404554
2020/9/20 03:02,1600542150,1163145616,437396534
2020/9/20 03:01,1600542090,1236512080,364030010
2020/9/20 03:00,1600542030,1008578032,591963998
2020/9/20 02:59,1600541970,1604868496,-4326526
2020/9/20 02:58,1600541910,1509959640,90582270
2020/9/20 02:57,1600541850,1455031128,145510722
2020/9/20 02:56,1600541790,1294713344,305828446
2020/9/20 02:55,1600541730,1268328088,332213642
2020/9/20 02:54,1600541670,1215752752,384788918
2020/9/20 02:53,1600541610,1190389672,410151938
2020/9/20 02:52,1600541550,1160552160,439989390
2020/9/20 02:51,1600541490,1102872504,497668986
2020/9/20 02:50,1600541430,1073976296,526565134
2020/9/20 02:49,1600541370,1421255744,179285626
2020/9/20 02:48,1600541310,1297931840,302609470
2020/9/20 02:47,1600541250,1581072048,19469202
2020/9/20 02:46,1600541190,1097172256,503368934
2020/9/20 02:45,1600541130,1558083216,42457914
2020/9/20 02:44,1600541070,1427273648,173267422
2020/9/20 02:43,1600541010,1325829312,274711698
2020/9/20 02:42,1600540950,1555005720,45535230
2020/9/20 02:41,1600540890,1426934104,173606786
2020/9/20 02:40,1600540830,1312032616,288508214
2020/9/20 02:39,1600540770,1274161656,326379114
2020/9/20 02:38,1600540710,1196996144,403544566
2020/9/20 02:37,1600540650,1747976608,-147435958
2020/9/20 02:36,1600540590,1233107216,367433374
2020/9/20 02:35,1600540530,1662615968,-62075438
2020/9/20 02:34,1600540470,1494691416,105849054
2020/9/20 02:33,1600540410,1053975000,546565410
2020/9/20 02:32,1600540350,1196566544,403973806
2020/9/20 02:31,1600540290,1083012744,517527546
2020/9/20 02:30,1600540230,1519399288,81140942
2020/9/20 02:29,1600540170,1389491152,211049018
2020/9/20 02:28,1600540110,1497097368,103442742
2020/9/20 02:27,1600540050,1230292152,370247898
2020/9/20 02:26,1600539990,1673484632,-72944642
2020/9/20 02:25,1600539930,1217484576,383055354
2020/9/20 02:24,1600539870,1301436088,299103782
2020/9/20 02:23,1600539810,1132441088,468098722
2020/9/20 02:22,1600539750,1251778744,348761006
2020/9/20 02:21,1600539690,1049963704,550575986
2020/9/20 02:20,1600539630,987869808,612669822
2020/9/20 02:19,1600539570,1616516688,-15977118
2020/9/20 02:18,1600539510,1442521104,158018406
2020/9/20 02:17,1600539450,1092311888,508227562
2020/9/20 02:16,1600539390,1414666128,185873262
2020/9/20 02:15,1600539330,1428815760,171723570
2020/9/20 02:14,1600539270,1607538464,-6999194
2020/9/20 02:13,1600539210,1484004440,116534770
2020/9/20 02:12,1600539150,1422343728,178195422
2020/9/20 02:11,1600539090,974752544,625786546
2020/9/20 02:10,1600539030,937926712,662612318
2020/9/20 02:09,1600538970,1342893768,257645202
2020/9/20 02:08,1600538910,1295809616,304729294
2020/9/20 02:07,1600538850,1424696128,175842722
2020/9/20 02:06,1600538790,1598683696,1855094
2020/9/20 02:05,1600538730,1496437000,104101730
2020/9/20 02:04,1600538670,1382771544,217767126
2020/9/20 02:03,1600538610,1322607744,277930866
2020/9/20 02:02,1600538550,1702929144,-102390594
2020/9/20 02:01,1600538490,1174688416,425850074
2020/9/20 02:00,1600538430,1560896032,39642398
2020/9/20 01:59,1600538370,1101355288,499183082
2020/9/20 01:58,1600538310,1570887456,29650854
2020/9/20 01:57,1600538250,1183806336,416731914
2020/9/20 01:56,1600538190,1126072096,474466094
2020/9/20 01:55,1600538130,1660012128,-59473998
2020/9/20 01:54,1600538070,1321789968,278748102
2020/9/20 01:53,1600538010,1072825536,527712474
2020/9/20 01:52,1600537950,1746706728,-146168778
2020/9/20 01:51,1600537890,1535443080,65094810
2020/9/20 01:50,1600537830,1262791584,337746246
2020/9/20 01:49,1600537770,1694478568,-93940798
2020/9/20 01:48,1600537710,1070463352,530074358
2020/9/20 01:47,1600537650,1161865456,438672194
2020/9/20 01:46,1600537590,1469298632,131238958
2020/9/20 01:45,1600537530,1209520368,391017162
2020/9/20 01:44,1600537470,1127190752,473346718
2020/9/20 01:43,1600537410,1321613104,278924306
2020/9/20 01:42,1600537350,1513594408,86942942
2020/9/20 01:41,1600537290,1085756848,514780442
2020/9/20 01:40,1600537230,1704032680,-103495450
2020/9/20 01:39,1600537170,1516472544,84064626
2020/9/20 01:38,1600537110,1324588264,275948846
2020/9/20 01:37,1600537050,1100808448,499728602
2020/9/20 01:36,1600536990,1111138096,489398894
2020/9/20 01:35,1600536930,1483822920,116714010
2020/9/20 01:34,1600536870,1637972560,-37435690
2020/9/20 01:33,1600536810,1450771656,149765154
2020/9/20 01:32,1600536750,1391801016,208735734
2020/9/20 01:31,1600536690,1255831032,344705658
2020/9/20 01:30,1600536630,1183919464,416617166
2020/9/20 01:29,1600536570,1100588736,499947834
2020/9/20 01:28,1600536510,1545862088,54674422
2020/9/20 01:27,1600536450,1074698136,525838314
2020/9/20 01:26,1600536390,1281977216,318559174
2020/9/20 01:25,1600536330,1049677000,550859330
2020/9/20 01:24,1600536270,1576512704,24023566
2020/9/20 01:23,1600536210,1202353360,398182850
2020/9/20 01:22,1600536150,1517191888,83344262
2020/9/20 01:21,1600536090,1457381456,143154634
2020/9/20 01:20,1600536030,1063846784,536689246
2020/9/20 01:19,1600535970,1390985200,209550770
2020/9/20 01:18,1600535910,1442645296,157890614
2020/9/20 01:17,1600535850,1314341000,286194850
2020/9/20 01:16,1600535790,1187665264,412870526
2020/9/20 01:15,1600535730,1096491816,504043914
2020/9/20 01:14,1600535670,1506872136,93663534
2020/9/20 01:13,1600535610,1113582320,486953290
2020/9/20 01:12,1600535550,935025312,665510238
2020/9/20 01:11,1600535490,1330768376,269767114
2020/9/20 01:10,1600535430,1219968936,380566494
2020/9/20 01:09,1600535370,1104701216,495834154
2020/9/20 01:08,1600535310,1118846040,481689270
2020/9/20 01:07,1600535250,1066314352,534220898
2020/9/20 01:06,1600535190,1797646576,-197111386
2020/9/20 01:05,1600535130,1353933160,246601970
2020/9/20 01:04,1600535070,1679924656,-79389586
2020/9/20 01:03,1600535010,1215781136,384753874
2020/9/20 01:02,1600534950,1095670168,504864782
2020/9/20 01:01,1600534890,1477078008,123456882
2020/9/20 01:00,1600534830,1242195576,358339254
2020/9/20 00:59,1600534770,1172001224,428533546
2020/9/20 00:58,1600534710,1127495792,473038918
2020/9/20 00:57,1600534650,1398526920,202007730
2020/9/20 00:56,1600534590,1143472128,457062462
2020/9/20 00:55,1600534530,1083166824,517367706
2020/9/20 00:54,1600534470,1051437120,549097350
2020/9/20 00:53,1600534410,1244834376,355700034
2020/9/20 00:52,1600534350,1559556400,40977950
2020/9/20 00:51,1600534290,1461001208,139533082
2020/9/20 00:50,1600534230,1472128120,128406110
2020/9/20 00:49,1600534170,1364577056,235957114
2020/9/20 00:48,1600534110,1333303464,267230646
2020/9/20 00:47,1600534050,1083069464,517464586
2020/9/20 00:46,1600533990,1343228016,257305974
2020/9/20 00:45,1600533930,1304304960,296228970
2020/9/20 00:44,1600533870,1298760384,301773486
2020/9/20 00:43,1600533810,1248403536,352130274
2020/9/20 00:42,1600533750,1178388024,422145726
2020/9/20 00:41,1600533690,1523777992,76755698
2020/9/20 00:40,1600533630,1536009280,64524350
2020/9/20 00:39,1600533570,1080661720,519871850
2020/9/20 00:38,1600533510,1355894840,244638670
2020/9/20 00:37,1600533450,947617192,652916258
2020/9/20 00:36,1600533390,1440170728,160362662
2020/9/20 00:35,1600533330,1376873448,223659882
2020/9/20 00:34,1600533270,1128536152,471997118
2020/9/20 00:33,1600533210,1646140448,-45607238
2020/9/20 00:32,1600533150,1164566896,435966254
2020/9/20 00:31,1600533090,1062992248,537540842
2020/9/20 00:30,1600533030,1082867592,517665438
2020/9/20 00:29,1600532970,1034297536,566235434
2020/9/20 00:28,1600532910,1326402496,274130414
2020/9/20 00:27,1600532850,1311835280,288697570
2020/9/20 00:26,1600532790,1242045616,358487174
2020/9/20 00:25,1600532730,1031125192,569407538
2020/9/20 00:24,1600532670,1251799864,348732806
2020/9/20 00:23,1600532610,1097220064,503312546
2020/9/20 00:22,1600532550,1616382736,-15850186
2020/9/20 00:21,1600532490,1211789832,388742658
2020/9/20 00:20,1600532430,1220059328,380473102
2020/9/20 00:19,1600532370,1146360616,454171754
2020/9/20 00:18,1600532310,993320120,607212190
2020/9/20 00:17,1600532250,1242734216,357798034
2020/9/20 00:16,1600532190,1128260000,472272190
2020/9/20 00:15,1600532130,988545096,611987034
2020/9/20 00:14,1600532070,1814104816,-213572746
2020/9/20 00:13,1600532010,1136761712,463770298
2020/9/20 00:12,1600531950,1203703048,396828902
2020/9/20 00:11,1600531890,1154265272,446266618
2020/9/20 00:10,1600531830,1617848536,-17316706
2020/9/20 00:09,1600531770,1456582728,143949042
2020/9/20 00:08,1600531710,1551437632,49094078
2020/9/20 00:07,1600531650,1047739400,552792250
2020/9/20 00:06,1600531590,1720699352,-120167762
2020/9/20 00:05,1600531530,1619527864,-18996334
2020/9/20 00:04,1600531470,1159406064,441125406
2020/9/20 00:03,1600531410,1503699912,96831498
2020/9/20 00:02,1600531350,996129592,604401758
2020/9/20 00:01,1600531290,1347434016,253097274
2020/9/20 00:00,1600531230,1145199208,455332022
2020/9/19 23:59,1600531170,1072519648,528011522
2020/9/19 23:58,1600531110,1162261664,438269446
2020/9/19 23:57,1600531050,1358169816,242361234
2020/9/19 23:56,1600530990,1436096256,164434734
2020/9/19 23:55,1600530930,1356227424,244303506
2020/9/19 23:54,1600530870,1004298136,596232734
2020/9/19 23:53,1600530810,1167529728,433001082
2020/9/19 23:52,1600530750,1079445264,521085486
2020/9/19 23:51,1600530690,1220287648,380243042
2020/9/19 23:50,1600530630,1245748216,354782414
2020/9/19 23:49,1600530570,930287080,670243490
2020/9/19 23:48,1600530510,1233931112,366599398
2020/9/19 23:47,1600530450,1261457600,339072850
2020/9/19 23:46,1600530390,1145291568,455238822
2020/9/19 23:45,1600530330,1790238600,-189708270
2020/9/19 23:44,1600530270,1451717864,148812406
2020/9/19 23:43,1600530210,1362671224,237858986
2020/9/19 23:42,1600530150,1234266128,366264022
2020/9/19 23:41,1600530090,1384860904,215669186
2020/9/19 23:40,1600530030,1026241248,574288782
2020/9/19 23:39,1600529970,1144442152,456087818
2020/9/19 23:38,1600529910,1421252912,179276998
2020/9/19 23:37,1600529850,1120430672,480099178
2020/9/19 23:36,1600529790,1572586672,27943118
2020/9/19 23:35,1600529730,1190860568,409669162
2020/9/19 23:34,1600529670,1474477048,126052622
2020/9/19 23:33,1600529610,1314512576,286017034
2020/9/19 23:32,1600529550,1272990088,327539462
2020/9/19 23:31,1600529490,1206023840,394505650
2020/9/19 23:30,1600529430,1664684960,-64155530
2020/9/19 23:29,1600529370,1252051952,348477418
2020/9/19 23:28,1600529310,1366574432,233954878
2020/9/19 23:27,1600529250,1178422192,422107058
2020/9/19 23:26,1600529190,1184674960,415854230
2020/9/19 23:25,1600529130,1425571224,174957906
2020/9/19 23:24,1600529070,1147985552,452543518
2020/9/19 23:23,1600529010,1604302344,-3773334
2020/9/19 23:22,1600528950,1511079744,89449206
2020/9/19 23:21,1600528890,1162055136,438473754
2020/9/19 23:20,1600528830,1230057952,370470878
2020/9/19 23:19,1600528770,1051195936,549332834
2020/9/19 23:18,1600528710,1319560504,280968206
2020/9/19 23:17,1600528650,1193987776,406540874
2020/9/19 23:16,1600528590,999151264,601377326
2020/9/19 23:15,1600528530,1545388056,55140474
2020/9/19 23:14,1600528470,1685129832,-84601362
2020/9/19 23:13,1600528410,1142132472,458395938
2020/9/19 23:12,1600528350,1066057424,534470926
2020/9/19 23:11,1600528290,1117894272,482634018
2020/9/19 23:10,1600528230,1247028208,353500022
2020/9/19 23:09,1600528170,1090446048,510082122
2020/9/19 23:08,1600528110,940241224,660286886
2020/9/19 23:07,1600528050,1351386856,249141194
2020/9/19 23:06,1600527990,1147348792,453179198
2020/9/19 23:05,1600527930,1018281224,582246706
2020/9/19 23:04,1600527870,989946480,610581390
2020/9/19 23:03,1600527810,1035805664,564722146
2020/9/19 23:02,1600527750,1544122344,56405406
2020/9/19 23:01,1600527690,1390509408,210018282
2020/9/19 23:00,1600527630,1013793592,586734038
2020/9/19 22:59,1600527570,1043603928,556923642
2020/9/19 22:58,1600527510,1832941680,-232414170
2020/9/19 22:57,1600527450,1328781072,271746378
2020/9/19 22:56,1600527390,1292415360,308112030
2020/9/19 22:55,1600527330,1421910512,178616818
2020/9/19 22:54,1600527270,1674137752,-73610482
2020/9/19 22:53,1600527210,1395645704,204881506
2020/9/19 22:52,1600527150,1194023296,406503854
2020/9/19 22:51,1600527090,1478692160,121834930
2020/9/19 22:50,1600527030,1367365144,233161886
2020/9/19 22:49,1600526970,1256018240,344508730
2020/9/19 22:48,1600526910,1685044272,-84517362
2020/9/19 22:47,1600526850,1310296448,290230402
2020/9/19 22:46,1600526790,1458037944,142488846
2020/9/19 22:45,1600526730,1508697792,91828938
2020/9/19 22:44,1600526670,1156794120,443732550
2020/9/19 22:43,1600526610,1430993096,169533514
2020/9/19 22:42,1600526550,1104230920,496295630
2020/9/19 22:41,1600526490,1626777392,-26250902
2020/9/19 22:40,1600526430,943496992,657029438
2020/9/19 22:39,1600526370,1426261232,174265138
2020/9/19 22:38,1600526310,1187822872,412703438
2020/9/19 22:37,1600526250,1014888656,585637594
2020/9/19 22:36,1600526190,1093340928,507185262
2020/9/19 22:35,1600526130,1681957640,-81431510
2020/9/19 22:34,1600526070,1588802896,11723174
2020/9/19 22:33,1600526010,1281948592,318577418
2020/9/19 22:32,1600525950,1491457592,109068358
2020/9/19 22:31,1600525890,1158564280,441961610
2020/9/19 22:30,1600525830,1700236672,-99710842
2020/9/19 22:29,1600525770,1629678832,-29153062
2020/9/19 22:28,1600525710,1482031600,118494110
2020/9/19 22:27,1600525650,1085913976,514611674
2020/9/19 22:26,1600525590,1373469856,227055734
2020/9/19 22:25,1600525530,1277490856,323034674
2020/9/19 22:24,1600525470,1462036864,138488606
2020/9/19 22:23,1600525410,1346563632,253961778
2020/9/19 22:22,1600525350,1273232664,327292686
2020/9/19 22:21,1600525290,955382096,645143194
2020/9/19 22:20,1600525230,1348237136,252288094
2020/9/19 22:19,1600525170,1263831800,336693370
2020/9/19 22:18,1600525110,1172845280,427679830
2020/9/19 22:17,1600525050,1074622488,525902562
2020/9/19 22:16,1600524990,1732943440,-132418450
2020/9/19 22:15,1600524930,1614871152,-14346222
2020/9/19 22:14,1600524870,1519927448,80597422
2020/9/19 22:13,1600524810,1380194456,220330354
2020/9/19 22:12,1600524750,1334616192,265908558
2020/9/19 22:11,1600524690,1248809928,351714762
2020/9/19 22:10,1600524630,1365832328,234692302
2020/9/19 22:09,1600524570,1274632440,325892130
2020/9/19 22:08,1600524510,1353940976,246583534
2020/9/19 22:07,1600524450,1475978376,124546074
2020/9/19 22:06,1600524390,1040421280,560103110
2020/9/19 22:05,1600524330,1761394344,-160870014
2020/9/19 22:04,1600524270,1673638760,-73114490
2020/9/19 22:03,1600524210,1527506584,73017626
2020/9/19 22:02,1600524150,1640226768,-39702618
2020/9/19 22:01,1600524090,1448256016,152268074
2020/9/19 22:00,1600524030,1328583936,271940094
2020/9/19 21:59,1600523970,1259974360,340549610
2020/9/19 21:58,1600523910,1053352264,547171646
2020/9/19 21:57,1600523850,952267816,648256034
2020/9/19 21:56,1600523790,1201142848,399380942
2020/9/19 21:55,1600523730,1557594184,42929546
2020/9/19 21:54,1600523670,1387461144,213062526
2020/9/19 21:53,1600523610,1336070200,264453410
2020/9/19 21:52,1600523550,1227752856,372770694
2020/9/19 21:51,1600523490,1538569640,61953850
2020/9/19 21:50,1600523430,1671985880,-71462450
2020/9/19 21:49,1600523370,1754963856,-154440486
2020/9/19 21:48,1600523310,1180046360,420476950
2020/9/19 21:47,1600523250,1742407720,-141884470
2020/9/19 21:46,1600523190,1566368216,34154974
2020/9/19 21:45,1600523130,1253801496,346721634
2020/9/19 21:44,1600523070,1731054472,-130531402
2020/9/19 21:43,1600523010,1204602040,395920970
2020/9/19 21:42,1600522950,1107805768,492717182
2020/9/19 21:41,1600522890,1620784264,-20261374
2020/9/19 21:40,1600522830,1132770920,467751910
2020/9/19 21:39,1600522770,1246176528,354346242
2020/9/19 21:38,1600522710,1025609688,574913022
2020/9/19 21:37,1600522650,1439224136,161298514
2020/9/19 21:36,1600522590,1095812184,504710406
2020/9/19 21:35,1600522530,1282097008,318425522
2020/9/19 21:34,1600522470,1654616808,-54094338
2020/9/19 21:33,1600522410,1324100920,276421490
2020/9/19 21:32,1600522350,1216556816,383965534
2020/9/19 21:31,1600522290,1436920056,163602234
2020/9/19 21:30,1600522230,1473067984,127454246
2020/9/19 21:29,1600522170,1383056704,217465466
2020/9/19 21:28,1600522110,1732283200,-131761090
2020/9/19 21:27,1600522050,1546374656,54147394
2020/9/19 21:26,1600521990,1368874472,231647518
2020/9/19 21:25,1600521930,1255508720,345013210
2020/9/19 21:24,1600521870,1150722016,449799854
2020/9/19 21:23,1600521810,1030622648,569899162
2020/9/19 21:22,1600521750,1612570240,-12048490
2020/9/19 21:21,1600521690,1772622488,-172100798
2020/9/19 21:20,1600521630,1599731480,790150
2020/9/19 21:19,1600521570,1397475496,203046074
2020/9/19 21:18,1600521510,1091410768,509110742
2020/9/19 21:17,1600521450,1612974976,-12453526
2020/9/19 21:16,1600521390,1008727272,591794118
2020/9/19 21:15,1600521330,1560304440,40216890
2020/9/19 21:14,1600521270,1222756416,377764854
2020/9/19 21:13,1600521210,1022457752,578063458
2020/9/19 21:12,1600521150,1392539384,207981766
2020/9/19 21:11,1600521090,1251309224,349211866
2020/9/19 21:10,1600521030,1575792040,24728990
2020/9/19 21:09,1600520970,1617981800,-17460830
2020/9/19 21:08,1600520910,1076807432,523713478
2020/9/19 21:07,1600520850,1314441824,286079026
2020/9/19 21:06,1600520790,1136715672,463805118
2020/9/19 21:05,1600520730,1686627040,-86106310
2020/9/19 21:04,1600520670,1492395912,108124758
2020/9/19 21:03,1600520610,1421143632,179376978
2020/9/19 21:02,1600520550,1306279432,294241118
2020/9/19 21:01,1600520490,1237125544,363394946
2020/9/19 21:00,1600520430,1182401704,418118726
2020/9/19 20:59,1600520370,1114764728,485755642
2020/9/19 20:58,1600520310,1451064120,149456190
2020/9/19 20:57,1600520250,1606565136,-6044886
2020/9/19 20:56,1600520190,1532141720,68378470
2020/9/19 20:55,1600520130,1006530176,593989954
2020/9/19 20:54,1600520070,952903360,647616710
2020/9/19 20:53,1600520010,1427657112,172862898
2020/9/19 20:52,1600519950,967652760,632867190
2020/9/19 20:51,1600519890,1442052024,158467866
2020/9/19 20:50,1600519830,1571455128,29064702
2020/9/19 20:49,1600519770,1508076552,92443218
2020/9/19 20:48,1600519710,1031131200,569388510
2020/9/19 20:47,1600519650,1143443184,457076466
2020/9/19 20:46,1600519590,952125880,648393710
2020/9/19 20:45,1600519530,1607835912,-7316382
2020/9/19 20:44,1600519470,1510901360,89618110
2020/9/19 20:43,1600519410,1217838264,382681146
2020/9/19 20:42,1600519350,1502150408,98368942
2020/9/19 20:41,1600519290,947910944,652608346
2020/9/19 20:40,1600519230,1072426504,528092726
2020/9/19 20:39,1600519170,1128672552,471846618
2020/9/19 20:38,1600519110,1159379632,441139478
2020/9/19 20:37,1600519050,1439989128,160529922
2020/9/19 20:36,1600518990,1174054640,426464350
2020/9/19 20:35,1600518930,1257987192,342531738
2020/9/19 20:34,1600518870,1085481560,515037310
2020/9/19 20:33,1600518810,925776192,674742618
2020/9/19 20:32,1600518750,967394528,633124222
2020/9/19 20:31,1600518690,1129166384,471352306
2020/9/19 20:30,1600518630,1247794224,352724406
2020/9/19 20:29,1600518570,1128913544,471605026
2020/9/19 20:28,1600518510,1107723080,492795430
2020/9/19 20:27,1600518450,925082552,675435898
2020/9/19 20:26,1600518390,1286790768,313727622
2020/9/19 20:25,1600518330,1223475864,377042466
2020/9/19 20:24,1600518270,1197157064,403361206
2020/9/19 20:23,1600518210,1148769976,451748234
2020/9/19 20:22,1600518150,1008686360,591831790
2020/9/19 20:21,1600518090,874570552,725947538
2020/9/19 20:20,1600518030,1134188112,466329918
2020/9/19 20:19,1600517970,1411615448,188902522
2020/9/19 20:18,1600517910,1306612344,293905566
2020/9/19 20:17,1600517850,923242888,677274962
2020/9/19 20:16,1600517790,1096718072,503799718
2020/9/19 20:15,1600517730,924513440,676004290
2020/9/19 20:14,1600517670,1551056736,49460934
2020/9/19 20:13,1600517610,1103652304,496865306
2020/9/19 20:12,1600517550,1389095568,211421982
2020/9/19 20:11,1600517490,1184614384,415903106
2020/9/19 20:10,1600517430,1360120512,240396918
2020/9/19 20:09,1600517370,1114673200,485844170
2020/9/19 20:08,1600517310,925306264,675211046
2020/9/19 20:07,1600517250,1539294848,61222402
2020/9/19 20:06,1600517190,1395367240,205149950
2020/9/19 20:05,1600517130,1381957080,218560050
2020/9/19 20:04,1600517070,1372998504,227518566
2020/9/19 20:03,1600517010,1032067848,568449162
2020/9/19 20:02,1600516950,1472735544,127781406
2020/9/19 20:01,1600516890,1338522424,261994466
2020/9/19 20:00,1600516830,1309541944,290974886
2020/9/19 19:59,1600516770,1276175056,324341714
2020/9/19 19:58,1600516710,1068146056,532370654
2020/9/19 19:57,1600516650,1494841992,105674658
2020/9/19 19:56,1600516590,1326501936,274014654
2020/9/19 19:55,1600516530,1142579152,457937378
2020/9/19 19:54,1600516470,1103619200,496897270
2020/9/19 19:53,1600516410,1154839144,445677266
2020/9/19 19:52,1600516350,1540058448,60457902
2020/9/19 19:51,1600516290,1336948568,263567722
2020/9/19 19:50,1600516230,1300311832,300204398
2020/9/19 19:49,1600516170,1141915080,458601090
2020/9/19 19:48,1600516110,960677352,639838758
2020/9/19 19:47,1600516050,1091585704,508930346
2020/9/19 19:46,1600515990,1320810456,279705534
2020/9/19 19:45,1600515930,1043662496,556853434
2020/9/19 19:44,1600515870,991571520,608944350
2020/9/19 19:43,1600515810,1321642328,278873482
2020/9/19 19:42,1600515750,1267656280,332859470
2020/9/19 19:41,1600515690,1084669792,515845898
2020/9/19 19:40,1600515630,929693232,670822398
2020/9/19 19:39,1600515570,859237320,741278250
2020/9/19 19:38,1600515510,994099744,606415766
2020/9/19 19:37,1600515450,1551775352,48740098
2020/9/19 19:36,1600515390,1360743848,239771542
2020/9/19 19:35,1600515330,1201857752,398657578
2020/9/19 19:34,1600515270,1453703568,146811702
2020/9/19 19:33,1600515210,1089197112,511318098
2020/9/19 19:32,1600515150,1071619528,528895622
2020/9/19 19:31,1600515090,1228218384,372296706
2020/9/19 19:30,1600515030,1179863976,420651054
2020/9/19 19:29,1600514970,998536456,601978514
2020/9/19 19:28,1600514910,930528408,669986502
2020/9/19 19:27,1600514850,1030665048,569849802
2020/9/19 19:26,1600514790,1271737984,328776806
2020/9/19 19:25,1600514730,919054488,681460242
2020/9/19 19:24,1600514670,1287367480,313147190
2020/9/19 19:23,1600514610,1070887272,529627338
2020/9/19 19:22,1600514550,855269568,745244982
2020/9/19 19:21,1600514490,1282156976,318357514
2020/9/19 19:20,1600514430,1629332800,-28818370
2020/9/19 19:19,1600514370,937204576,663309794
2020/9/19 19:18,1600514310,1300980512,299533798
2020/9/19 19:17,1600514250,1314651600,285862650
2020/9/19 19:16,1600514190,1036011840,564502350
2020/9/19 19:15,1600514130,935615648,664898482
2020/9/19 19:14,1600514070,1289984672,310529398
2020/9/19 19:13,1600514010,1534879768,65634242
2020/9/19 19:12,1600513950,1383213008,217300942
2020/9/19 19:11,1600513890,1205811936,394701954
2020/9/19 19:10,1600513830,1172054016,428459814
2020/9/19 19:09,1600513770,1069032768,531481002
2020/9/19 19:08,1600513710,1028432008,572081702
2020/9/19 19:07,1600513650,1322146056,278367594
2020/9/19 19:06,1600513590,1157073984,443439606
2020/9/19 19:05,1600513530,1097291072,503222458
2020/9/19 19:04,1600513470,1292635792,307877678
2020/9/19 19:03,1600513410,1034076072,566437338
2020/9/19 19:02,1600513350,928624904,671888446
2020/9/19 19:01,1600513290,1338257216,262256074
2020/9/19 19:00,1600513230,1014595504,585917726
2020/9/19 18:59,1600513170,922019856,678493314
2020/9/19 18:58,1600513110,1023582760,576930350
2020/9/19 18:57,1600513050,1077381552,523131498
2020/9/19 18:56,1600512990,1176747264,423765726
2020/9/19 18:55,1600512930,920889720,679623210
2020/9/19 18:54,1600512870,1636028456,-35515586
2020/9/19 18:53,1600512810,1044945360,555567450
2020/9/19 18:52,1600512750,1037724904,562787846
2020/9/19 18:51,1600512690,1676501208,-75988518
2020/9/19 18:50,1600512630,1430195232,170317398
2020/9/19 18:49,1600512570,1330690672,269821898
2020/9/19 18:48,1600512510,1241291656,359220854
2020/9/19 18:47,1600512450,1202875840,397636610
2020/9/19 18:46,1600512390,889510680,711001710
2020/9/19 18:45,1600512330,1085071552,515440778
2020/9/19 18:44,1600512270,1328435456,272076814
2020/9/19 18:43,1600512210,1460544496,139967714
2020/9/19 18:42,1600512150,1210670576,389841574
2020/9/19 18:41,1600512090,1319160888,281351202
2020/9/19 18:40,1600512030,969083408,631428622
2020/9/19 18:39,1600511970,1152998624,447513346
2020/9/19 18:38,1600511910,924270664,676241246
2020/9/19 18:37,1600511850,1320341440,280170410
2020/9/19 18:36,1600511790,1266452696,334059094
2020/9/19 18:35,1600511730,994612984,605898746
2020/9/19 18:34,1600511670,1091801168,508710502
2020/9/19 18:33,1600511610,992191080,608320530
2020/9/19 18:32,1600511550,1272222760,328288790
2020/9/19 18:31,1600511490,1099460104,501051386
2020/9/19 18:30,1600511430,946833464,653677966
2020/9/19 18:29,1600511370,1107394736,493116634
2020/9/19 18:28,1600511310,1067275624,533235686
2020/9/19 18:27,1600511250,855778296,744732954
2020/9/19 18:26,1600511190,1117091848,483419342
2020/9/19 18:25,1600511130,1016636512,583874618
2020/9/19 18:24,1600511070,875667472,724843598
2020/9/19 18:23,1600511010,848026600,752484410
2020/9/19 18:22,1600510950,1278173984,322336966
2020/9/19 18:21,1600510890,1192229960,408280930
2020/9/19 18:20,1600510830,1405690592,194820238
2020/9/19 18:19,1600510770,1316099904,284410866
2020/9/19 18:18,1600510710,1508544760,91965950
2020/9/19 18:17,1600510650,1226900584,373610066
2020/9/19 18:16,1600510590,995631160,604879430
2020/9/19 18:15,1600510530,967822304,632688226
2020/9/19 18:14,1600510470,936552688,663957782
2020/9/19 18:13,1600510410,898811832,701698578
2020/9/19 18:12,1600510350,1338183592,262326758
2020/9/19 18:11,1600510290,1264964360,335545930
2020/9/19 18:10,1600510230,1166255520,434254710
2020/9/19 18:09,1600510170,1046274536,554235634
2020/9/19 18:08,1600510110,924801584,675708526
2020/9/19 18:07,1600510050,1189701008,410809042
2020/9/19 18:06,1600509990,1118169440,482340550
2020/9/19 18:05,1600509930,998201688,602308242
2020/9/19 18:04,1600509870,1372393760,228116110
2020/9/19 18:03,1600509810,1185873256,414636554
2020/9/19 18:02,1600509750,1082026896,518482854
2020/9/19 18:01,1600509690,1017301776,583207914
2020/9/19 18:00,1600509630,1031478856,569030774
2020/9/19 17:59,1600509570,1463720064,136789506
2020/9/19 17:58,1600509510,1300824256,299685254
2020/9/19 17:57,1600509450,1611856928,-11347478
2020/9/19 17:56,1600509390,971735456,628773934
2020/9/19 17:55,1600509330,1457641912,142867418
2020/9/19 17:54,1600509270,1428919776,171589494
2020/9/19 17:53,1600509210,1364510184,235999026
2020/9/19 17:52,1600509150,1451920168,148588982
2020/9/19 17:51,1600509090,1349275208,251233882
2020/9/19 17:50,1600509030,1282781456,317727574
2020/9/19 17:49,1600508970,1143632200,456876770
2020/9/19 17:48,1600508910,1033508456,567000454
2020/9/19 17:47,1600508850,1283889064,316619786
2020/9/19 17:46,1600508790,1184778176,415730614
2020/9/19 17:45,1600508730,1361884936,238623794
2020/9/19 17:44,1600508670,1102835624,497673046
2020/9/19 17:43,1600508610,920678304,679830306
2020/9/19 17:42,1600508550,887805128,712703422
2020/9/19 17:41,1600508490,856118408,744390082
2020/9/19 17:40,1600508430,838926720,761581710
2020/9/19 17:39,1600508370,1188178280,412330090
2020/9/19 17:38,1600508310,908875016,691633294
2020/9/19 17:37,1600508250,790273880,810234370
2020/9/19 17:36,1600508190,1422286224,178221966
2020/9/19 17:35,1600508130,1207464424,393043706
2020/9/19 17:34,1600508070,1111183848,489324222
2020/9/19 17:33,1600508010,1036070464,564437546
2020/9/19 17:32,1600507950,1377229520,223278430
2020/9/19 17:31,1600507890,1316200968,284306922
2020/9/19 17:30,1600507830,927733128,672774702
2020/9/19 17:29,1600507770,908036216,692471554
2020/9/19 17:28,1600507710,1262650728,337856982
2020/9/19 17:27,1600507650,1079558296,520949354
2020/9/19 17:26,1600507590,1207760000,392747590
2020/9/19 17:25,1600507530,1088399800,512107730
2020/9/19 17:24,1600507470,1027154456,573353014
2020/9/19 17:23,1600507410,1009691840,590815570
2020/9/19 17:22,1600507350,961245456,639261894
2020/9/19 17:21,1600507290,1007679608,592827682
2020/9/19 17:20,1600507230,942921704,657585526
2020/9/19 17:19,1600507170,920517112,679990058
2020/9/19 17:18,1600507110,1227783160,372723950
2020/9/19 17:17,1600507050,1065810280,534696770
2020/9/19 17:16,1600506990,881129928,719377062
2020/9/19 17:15,1600506930,1316072352,284434578
2020/9/19 17:14,1600506870,917515752,682991118
2020/9/19 17:13,1600506810,1359061208,241445602
2020/9/19 17:12,1600506750,1306030592,294476158
2020/9/19 17:11,1600506690,1094701664,505805026
2020/9/19 17:10,1600506630,959547144,640959486
2020/9/19 17:09,1600506570,932026064,668480506
2020/9/19 17:08,1600506510,1299891136,300615374
2020/9/19 17:07,1600506450,950382008,650124442
2020/9/19 17:06,1600506390,894343512,706162878
2020/9/19 17:05,1600506330,1345011016,255495314
2020/9/19 17:04,1600506270,1272070688,328435582
2020/9/19 17:03,1600506210,1150805464,449700746
2020/9/19 17:02,1600506150,1093820432,506685718
2020/9/19 17:01,1600506090,1361217416,239288674
2020/9/19 17:00,1600506030,1164309312,436196718
2020/9/19 16:59,1600505970,892590448,707915522
2020/9/19 16:58,1600505910,1076120408,524385502
2020/9/19 16:57,1600505850,902394040,698111810
2020/9/19 16:56,1600505790,1344883816,255621974
2020/9/19 16:55,1600505730,1221229008,379276722
2020/9/19 16:54,1600505670,1073303400,527202270
2020/9/19 16:53,1600505610,918103784,682401826
2020/9/19 16:52,1600505550,1272532200,327973350
2020/9/19 16:51,1600505490,1151293248,449212242
2020/9/19 16:50,1600505430,1073070192,527435238
2020/9/19 16:49,1600505370,977194160,623311210
2020/9/19 16:48,1600505310,933092480,667412830
2020/9/19 16:47,1600505250,1290095328,310409922
2020/9/19 16:46,1600505190,1278933792,321571398
2020/9/19 16:45,1600505130,956259232,644245898
2020/9/19 16:44,1600505070,1172659024,427846046
2020/9/19 16:43,1600505010,1009492992,591012018
2020/9/19 16:42,1600504950,1504501168,96003782
2020/9/19 16:41,1600504890,1532589088,67915802
2020/9/19 16:40,1600504830,1092106248,508398582
2020/9/19 16:39,1600504770,1075093344,525411426
2020/9/19 16:38,1600504710,1054351400,546153310
2020/9/19 16:37,1600504650,1461750224,138754426
2020/9/19 16:36,1600504590,1662567424,-62062834
2020/9/19 16:35,1600504530,1500773808,99730722
2020/9/19 16:34,1600504470,1417945352,182559118
2020/9/19 16:33,1600504410,1383142344,217362066
2020/9/19 16:32,1600504350,1157364304,443140046
2020/9/19 16:31,1600504290,1008215304,592288986
2020/9/19 16:30,1600504230,1405210688,195293542
2020/9/19 16:29,1600504170,1328760496,271743674
2020/9/19 16:28,1600504110,1221687176,378816934
2020/9/19 16:27,1600504050,1285676736,314827314
2020/9/19 16:26,1600503990,995287552,605216438
2020/9/19 16:25,1600503930,959130976,641372954
2020/9/19 16:24,1600503870,893851232,706652638
2020/9/19 16:23,1600503810,1080800480,519703330
2020/9/19 16:22,1600503750,911744576,688759174
2020/9/19 16:21,1600503690,1240751792,359751898
2020/9/19 16:20,1600503630,1080687512,519816118
2020/9/19 16:19,1600503570,978557016,621946554
2020/9/19 16:18,1600503511,893998128,706505383
2020/9/19 16:17,1600503450,1028289920,572213530
2020/9/19 16:16,1600503390,1014657120,585846270
2020/9/19 16:15,1600503330,1331331608,269171722
2020/9/19 16:14,1600503270,1514075192,86428078
2020/9/19 16:13,1600503210,1334614232,265888978
2020/9/19 16:12,1600503150,1526807128,73696022
2020/9/19 16:11,1600503090,1131540592,468962498
2020/9/19 16:10,1600503030,1238240224,362262806
2020/9/19 16:09,1600502970,1377011240,223491730
2020/9/19 16:08,1600502910,1010713568,589789342
2020/9/19 16:07,1600502850,1397720360,202782490
2020/9/19 16:06,1600502790,1212798736,387704054
2020/9/19 16:05,1600502730,1138705056,461797674
2020/9/19 16:04,1600502670,977942152,622560518
2020/9/19 16:03,1600502610,910446144,690056466
2020/9/19 16:02,1600502550,1356571160,243931390
2020/9/19 16:01,1600502490,1122725672,477776818
2020/9/19 16:00,1600502430,1128697792,471804638
2020/9/19 15:59,1600502370,1000688792,599813578
2020/9/19 15:58,1600502310,926868064,673634246
2020/9/19 15:57,1600502250,1196855480,403646770
2020/9/19 15:56,1600502190,983360120,617142070
2020/9/19 15:55,1600502130,1522870952,77631178
2020/9/19 15:54,1600502070,1361937688,238564382
2020/9/19 15:53,1600502010,1154699624,445802386
2020/9/19 15:52,1600501950,985435888,615066062
2020/9/19 15:51,1600501890,986145216,614356674
2020/9/19 15:50,1600501830,1010355048,590146782
2020/9/19 15:49,1600501770,1319015584,281486186
2020/9/19 15:48,1600501710,1297300272,303201438
2020/9/19 15:47,1600501650,1273963344,326538306
2020/9/19 15:46,1600501590,1299063328,301438262
2020/9/19 15:45,1600501530,1334203792,266297738
2020/9/19 15:44,1600501470,1223341072,377160398
2020/9/19 15:43,1600501410,1012071856,588429554
2020/9/19 15:42,1600501350,913874000,686627350
2020/9/19 15:41,1600501290,978646256,621855034
2020/9/19 15:40,1600501230,1287833616,312667614
2020/9/19 15:39,1600501170,1389389296,211111874
2020/9/19 15:38,1600501110,1019003768,581497342
2020/9/19 15:37,1600501050,1012834640,587666410
2020/9/19 15:36,1600500990,1180367064,420133926
2020/9/19 15:35,1600500930,1106642592,493858338
2020/9/19 15:34,1600500870,920962904,679537966
2020/9/19 15:33,1600500810,1066319536,534181274
2020/9/19 15:32,1600500750,932201608,668299142
2020/9/19 15:31,1600500690,991067952,609432738
2020/9/19 15:30,1600500630,939476192,661024438
2020/9/19 15:29,1600500570,1255578424,344922146
2020/9/19 15:28,1600500510,875378184,725122326
2020/9/19 15:27,1600500450,1070907368,529593082
2020/9/19 15:26,1600500390,907432752,693067638
2020/9/19 15:25,1600500330,1374276664,226223666
2020/9/19 15:24,1600500270,1180074880,420425390
2020/9/19 15:23,1600500210,1183025240,417474970
2020/9/19 15:22,1600500150,893935432,706564718
2020/9/19 15:21,1600500090,1231277688,369222402
2020/9/19 15:20,1600500030,930856640,669643390
2020/9/19 15:19,1600499970,834438800,766061170
2020/9/19 15:18,1600499910,1214850120,385649790
2020/9/19 15:17,1600499850,1045804640,554695210
2020/9/19 15:16,1600499790,1199498368,401001422
2020/9/19 15:15,1600499730,1181624624,418875106
2020/9/19 15:14,1600499670,988587312,611912358
2020/9/19 15:13,1600499610,1581038128,19461482
2020/9/19 15:12,1600499550,975809272,624690278
2020/9/19 15:11,1600499490,990549632,609949858
2020/9/19 15:10,1600499430,1068800728,531698702
2020/9/19 15:09,1600499370,1416771304,183728066
2020/9/19 15:08,1600499310,1199625720,400873590
2020/9/19 15:07,1600499250,1156682920,443816330
2020/9/19 15:06,1600499190,1071231520,529267670
2020/9/19 15:05,1600499130,911352032,689147098
2020/9/19 15:04,1600499070,923989456,676509614
2020/9/19 15:03,1600499010,945287152,655211858
2020/9/19 15:02,1600498950,1100407816,500091134
2020/9/19 15:01,1600498890,937970064,662528826
2020/9/19 15:00,1600498830,1161557080,438941750
2020/9/19 14:59,1600498770,1050628224,549870546
2020/9/19 14:58,1600498710,886866680,713632030
2020/9/19 14:57,1600498650,861359384,739139266
2020/9/19 14:56,1600498590,1024855248,575643342
2020/9/19 14:55,1600498530,1287949928,312548602
2020/9/19 14:54,1600498470,1102425256,498073214
2020/9/19 14:53,1600498410,935773712,664724698
2020/9/19 14:52,1600498350,1042088720,558409630
2020/9/19 14:51,1600498290,1453619552,146878738
2020/9/19 14:50,1600498230,1212368456,388129774
2020/9/19 14:49,1600498170,1039952992,560545178
2020/9/19 14:48,1600498110,823135072,777363038
2020/9/19 14:47,1600498050,909586720,690911330
2020/9/19 14:46,1600497990,1018206248,582291742
2020/9/19 14:45,1600497930,1402243224,198254706
2020/9/19 14:44,1600497870,1082415552,518082318
2020/9/19 14:43,1600497810,1234845608,365652202
2020/9/19 14:42,1600497750,1203894736,396603014
2020/9/19 14:41,1600497690,1140980088,459517602
2020/9/19 14:40,1600497630,1004839184,595658446
2020/9/19 14:39,1600497570,1123113944,477383626
2020/9/19 14:38,1600497510,984927936,615569574
2020/9/19 14:37,1600497450,1203234952,397262498
2020/9/19 14:36,1600497390,1265884856,334612534
2020/9/19 14:35,1600497330,1348450016,252047314
2020/9/19 14:34,1600497270,1148183712,452313558
2020/9/19 14:33,1600497210,940856400,659640810
2020/9/19 14:32,1600497150,1322856208,277640942
2020/9/19 14:31,1600497090,1152923784,447573306
2020/9/19 14:30,1600497030,1238597936,361899094
2020/9/19 14:29,1600496970,1097694104,502802866
2020/9/19 14:28,1600496910,958638688,641858222
2020/9/19 14:27,1600496850,1365579776,234917074
2020/9/19 14:26,1600496790,1175830184,424666606
2020/9/19 14:25,1600496730,1189381400,411115330
2020/9/19 14:24,1600496670,897606688,702889982
2020/9/19 14:23,1600496610,1047862168,552634442
2020/9/19 14:22,1600496550,1003222344,597274206
2020/9/19 14:21,1600496490,956771896,643724594
2020/9/19 14:20,1600496430,1133281008,467215422
2020/9/19 14:19,1600496370,991975848,608520522
2020/9/19 14:18,1600496310,816883560,783612750
2020/9/19 14:17,1600496250,1070797800,529698450
2020/9/19 14:16,1600496190,1249578072,350918118
2020/9/19 14:15,1600496130,984468520,616027610
2020/9/19 14:14,1600496070,1517308424,83187646
2020/9/19 14:13,1600496010,1345690032,254805978
2020/9/19 14:12,1600495951,1074752216,525743735
2020/9/19 14:11,1600495890,1295814200,304681690
2020/9/19 14:10,1600495830,1055690096,544805734
2020/9/19 14:09,1600495770,1583196224,17299546
2020/9/19 14:08,1600495710,902798904,697696806
2020/9/19 14:07,1600495650,1166335512,434160138
2020/9/19 14:06,1600495590,929332416,671163174
2020/9/19 14:05,1600495530,1181592616,418902914
2020/9/19 14:04,1600495470,1119423280,481072190
2020/9/19 14:03,1600495410,921454568,679040842
2020/9/19 14:02,1600495350,1239223160,361272190
2020/9/19 14:01,1600495290,1072035080,528460210
2020/9/19 14:00,1600495230,908994128,691501102
2020/9/19 13:59,1600495170,1317199552,283295618
2020/9/19 13:58,1600495110,1155124024,445371086
2020/9/19 13:57,1600495050,910117960,690377090
2020/9/19 13:56,1600494990,949572648,650922342
2020/9/19 13:55,1600494930,770997392,829497538
2020/9/19 13:54,1600494870,924290720,676204150
2020/9/19 13:53,1600494810,1178448664,422046146
2020/9/19 13:52,1600494750,915299008,685195742
2020/9/19 13:51,1600494690,1041188256,559306434
2020/9/19 13:50,1600494630,1158838832,441655798
2020/9/19 13:49,1600494570,984966912,615527658
2020/9/19 13:48,1600494510,1365370776,235123734
2020/9/19 13:47,1600494450,1150701816,449792634
2020/9/19 13:46,1600494390,1206784064,393710326
2020/9/19 13:45,1600494330,1003020568,597473762
2020/9/19 13:44,1600494270,1608369952,-7875682
2020/9/19 13:43,1600494210,1035298056,565196154
2020/9/19 13:42,1600494150,923190640,677303510
2020/9/19 13:41,1600494090,1206933688,393560402
2020/9/19 13:40,1600494030,1189982000,410512030
2020/9/19 13:39,1600493970,1070995776,529498194
2020/9/19 13:38,1600493910,1344467288,256026622
2020/9/19 13:37,1600493850,953883648,646610202
2020/9/19 13:36,1600493790,1221011352,379482438
2020/9/19 13:35,1600493730,1091119848,509373882
2020/9/19 13:34,1600493670,1065244280,535249390
2020/9/19 13:33,1600493610,1033426224,567067386
2020/9/19 13:32,1600493550,930260792,670232758
2020/9/19 13:31,1600493490,1223306856,377186634
2020/9/19 13:30,1600493430,1272240208,328253222
2020/9/19 13:29,1600493370,1209717168,390776202
2020/9/19 13:28,1600493310,1089132664,511360646
2020/9/19 13:27,1600493250,876593496,723899754
2020/9/19 13:26,1600493190,857317640,743175550
2020/9/19 13:25,1600493130,1403762816,196730314
2020/9/19 13:24,1600493070,1324743440,275749630
2020/9/19 13:23,1600493010,1032641656,567851354
2020/9/19 13:22,1600492950,1323184232,277308718
2020/9/19 13:21,1600492890,1218825328,381667562
2020/9/19 13:20,1600492830,805135368,795357462
2020/9/19 13:19,1600492770,1210740696,389752074
2020/9/19 13:18,1600492710,1183409744,417082966
2020/9/19 13:17,1600492650,1000866856,599625794
2020/9/19 13:16,1600492590,741013184,859479406
2020/9/19 13:15,1600492530,1483537104,116955426
2020/9/19 13:14,1600492470,1620102120,-19609650
2020/9/19 13:13,1600492410,1539191432,61300978
2020/9/19 13:12,1600492350,1427362864,173129486
2020/9/19 13:11,1600492290,1228263800,372228490
2020/9/19 13:10,1600492230,1057252408,543239822
2020/9/19 13:09,1600492170,839293608,761198562
2020/9/19 13:08,1600492110,1393492784,206999326
2020/9/19 13:07,1600492050,1513089608,87402442
2020/9/19 13:06,1600491990,1005259472,595232518
2020/9/19 13:05,1600491930,1546006984,54484946
2020/9/19 13:04,1600491870,918832576,681659294
2020/9/19 13:03,1600491810,1234570840,365920970
2020/9/19 13:02,1600491750,1061266864,539224886
2020/9/19 13:01,1600491690,891030720,709460970
2020/9/19 13:00,1600491630,853749208,746742422
2020/9/19 12:59,1600491570,970010440,630481130
2020/9/19 12:58,1600491510,826348400,774143110
2020/9/19 12:57,1600491450,1148567368,451924082
2020/9/19 12:56,1600491390,1005628376,594863014
2020/9/19 12:55,1600491330,927824616,672666714
2020/9/19 12:54,1600491270,919454824,681036446
2020/9/19 12:53,1600491210,825907664,774583546
2020/9/19 12:52,1600491150,1138433056,462058094
2020/9/19 12:51,1600491090,1078076896,522414194
2020/9/19 12:50,1600491030,1050232304,550258726
2020/9/19 12:49,1600490970,1022640320,577850650
2020/9/19 12:48,1600490910,1078222880,522268030
2020/9/19 12:47,1600490850,888283216,712207634
2020/9/19 12:46,1600490790,1443784624,156706166
2020/9/19 12:45,1600490730,1013177360,587313370
2020/9/19 12:44,1600490670,917792200,682698470
2020/9/19 12:43,1600490610,1296121304,304369306
2020/9/19 12:42,1600490550,1094091784,506398766
2020/9/19 12:41,1600490490,965606400,634884090
2020/9/19 12:40,1600490430,1087453800,513036630
2020/9/19 12:39,1600490370,994173848,606316522
2020/9/19 12:38,1600490310,1446270240,154220070
2020/9/19 12:37,1600490250,1276073176,324417074
2020/9/19 12:36,1600490190,1207243584,393246606
2020/9/19 12:35,1600490130,973587840,626902290
2020/9/19 12:34,1600490070,845847872,754642198
2020/9/19 12:33,1600490010,792246368,808243642
2020/9/19 12:32,1600489950,1046227016,554262934
2020/9/19 12:31,1600489890,1353933976,246555914
2020/9/19 12:30,1600489830,1278002712,322487118
2020/9/19 12:29,1600489770,767036664,833453106
2020/9/19 12:28,1600489710,1495708072,104781638
2020/9/19 12:27,1600489650,1306866368,293623282
2020/9/19 12:26,1600489590,1283944072,316545518
2020/9/19 12:25,1600489530,1262227112,338262418
2020/9/19 12:24,1600489470,1224013992,376475478
2020/9/19 12:23,1600489410,1189374888,411114522
2020/9/19 12:22,1600489350,1133326936,467162414
2020/9/19 12:21,1600489290,1016109088,584380202
2020/9/19 12:20,1600489230,1565132040,35357190
2020/9/19 12:19,1600489170,1198663712,401825458
2020/9/19 12:18,1600489110,1159693280,440795830
2020/9/19 12:17,1600489050,1099772512,500716538
2020/9/19 12:16,1600488990,910910504,689578486
2020/9/19 12:15,1600488930,1027370336,573118594
2020/9/19 12:14,1600488870,1068868808,531620062
2020/9/19 12:13,1600488810,1493415688,107073122
2020/9/19 12:12,1600488750,928726240,671762510
2020/9/19 12:11,1600488690,1476049160,124439530
2020/9/19 12:10,1600488630,1193294648,407193982
2020/9/19 12:09,1600488570,1076340632,524147938
2020/9/19 12:08,1600488510,1170612576,429875934
2020/9/19 12:07,1600488450,992770728,607717722
2020/9/19 12:06,1600488390,1167892256,432596134
2020/9/19 12:05,1600488330,852831544,747656786
2020/9/19 12:04,1600488270,1459302048,141186222
2020/9/19 12:03,1600488210,1074728584,525759626
2020/9/19 12:02,1600488150,1478285600,122202550
2020/9/19 12:01,1600488090,1443136256,157351834
2020/9/19 12:00,1600488030,1190362632,410125398
2020/9/19 11:59,1600487970,892938240,707549730
2020/9/19 11:58,1600487910,1193295944,407191966
2020/9/19 11:57,1600487850,878857680,721630170
2020/9/19 11:56,1600487790,1413233616,187254174
2020/9/19 11:55,1600487730,836551616,763936114
2020/9/19 11:54,1600487670,854178952,746308718
2020/9/19 11:53,1600487610,1328668448,271819162
2020/9/19 11:52,1600487550,1088027624,512459926
2020/9/19 11:51,1600487490,1479119024,121368466
2020/9/19 11:50,1600487430,1100118232,500369198
2020/9/19 11:49,1600487370,912483840,688003530
2020/9/19 11:48,1600487310,804503976,795983334
2020/9/19 11:47,1600487250,1213771600,386715650
2020/9/19 11:46,1600487190,1380201192,220285998
2020/9/19 11:45,1600487130,904532504,695954626
2020/9/19 11:44,1600487070,845759208,754727862
2020/9/19 11:43,1600487010,1139585680,460901330
2020/9/19 11:42,1600486950,1018866624,581620326
2020/9/19 11:41,1600486890,871828240,728658650
2020/9/19 11:40,1600486830,1384465720,216021110
2020/9/19 11:39,1600486770,1479858960,120627810
2020/9/19 11:38,1600486710,1466986912,133499798
2020/9/19 11:37,1600486650,1256392496,344094154
2020/9/19 11:36,1600486590,952219544,648267046
2020/9/19 11:35,1600486530,851951624,748534906
2020/9/19 11:34,1600486470,810501120,789985350
2020/9/19 11:33,1600486410,1443638424,156847986
2020/9/19 11:32,1600486350,1073542832,526943518
2020/9/19 11:31,1600486290,822156264,778330026
2020/9/19 11:30,1600486230,1221626080,378860150
2020/9/19 11:29,1600486170,872176456,728309714
2020/9/19 11:28,1600486110,1361774376,238711734
2020/9/19 11:27,1600486050,1250739424,349746626
2020/9/19 11:26,1600485990,1185535152,414950838
2020/9/19 11:25,1600485930,1164474304,436011626
2020/9/19 11:24,1600485870,1105050136,495435734
2020/9/19 11:23,1600485810,1046591000,553894810
2020/9/19 11:22,1600485750,1010250624,590235126
2020/9/19 11:21,1600485690,983468280,617017410
2020/9/19 11:20,1600485630,1105921768,494563862
2020/9/19 11:19,1600485570,859884816,740600754
2020/9/19 11:18,1600485510,1163529160,436956350
2020/9/19 11:17,1600485450,795582096,804903354
2020/9/19 11:16,1600485390,1119877200,480608190
2020/9/19 11:15,1600485330,981196576,619288754
2020/9/19 11:14,1600485270,950516304,649968966
2020/9/19 11:13,1600485210,1153198584,447286626
2020/9/19 11:12,1600485150,1107663176,492821974
2020/9/19 11:11,1600485090,1002397192,598087898
2020/9/19 11:10,1600485030,944717136,655767894
2020/9/19 11:09,1600484970,860395888,740089082
2020/9/19 11:08,1600484910,1089324496,511160414
2020/9/19 11:07,1600484850,1331783728,268701122
2020/9/19 11:06,1600484790,1106264448,494220342
2020/9/19 11:05,1600484730,1313107752,287376978
2020/9/19 11:04,1600484670,1170458360,430026310
2020/9/19 11:03,1600484610,1123871248,476613362
2020/9/19 11:02,1600484550,999645584,600838966
2020/9/19 11:01,1600484490,935605384,664879106
2020/9/19 11:00,1600484430,800213760,800270670
2020/9/19 10:59,1600484370,1368606272,231878098
2020/9/19 10:58,1600484310,943304256,657180054
2020/9/19 10:57,1600484250,1372000440,228483810
2020/9/19 10:56,1600484190,1023045728,577438462
2020/9/19 10:55,1600484130,1307412688,293071442
2020/9/19 10:54,1600484070,1195963008,404521062
2020/9/19 10:53,1600484010,1008344328,592139682
2020/9/19 10:52,1600483950,1155569240,444914710
2020/9/19 10:51,1600483890,1437443024,163040866
2020/9/19 10:50,1600483830,1209955048,390528782
2020/9/19 10:49,1600483770,1106600240,493883530
2020/9/19 10:48,1600483710,1487094112,113389598
2020/9/19 10:47,1600483650,840918264,759565386
2020/9/19 10:46,1600483590,1269267080,331216510
2020/9/19 10:45,1600483530,1140139000,460344530
2020/9/19 10:44,1600483470,828563984,771919486
2020/9/19 10:43,1600483410,1036577600,563905810
2020/9/19 10:42,1600483350,841355624,759127726
2020/9/19 10:41,1600483290,1146521072,453962218
2020/9/19 10:40,1600483230,1036078880,564404350
2020/9/19 10:39,1600483170,957655920,642827250
2020/9/19 10:38,1600483110,1078804304,521678806
2020/9/19 10:37,1600483050,795029712,805453338
2020/9/19 10:36,1600482990,999513680,600969310
2020/9/19 10:35,1600482930,900989056,699493874
2020/9/19 10:34,1600482870,782766048,817716822
2020/9/19 10:33,1600482810,1051077736,549405074
2020/9/19 10:32,1600482750,966805568,633677182
2020/9/19 10:31,1600482690,881479256,719003434
2020/9/19 10:30,1600482630,811655600,788827030
2020/9/19 10:29,1600482570,1083536168,516946402
2020/9/19 10:28,1600482510,938334856,662147654
2020/9/19 10:27,1600482450,1661594960,-61112510
2020/9/19 10:26,1600482390,1150845648,449636742
2020/9/19 10:25,1600482330,1342703960,257778370
2020/9/19 10:24,1600482270,1075524728,524957542
2020/9/19 10:23,1600482210,1399579528,200902682
2020/9/19 10:22,1600482150,1281267384,319214766
2020/9/19 10:21,1600482090,1160522168,439959922
2020/9/19 10:20,1600482030,854116048,746365982
2020/9/19 10:19,1600481970,1208278448,392203522
2020/9/19 10:18,1600481910,1030211968,570269942
2020/9/19 10:17,1600481850,1114615792,485866058
2020/9/19 10:16,1600481790,943747456,656734334
2020/9/19 10:15,1600481730,1464391736,136089994
2020/9/19 10:14,1600481670,949623112,650858558
2020/9/19 10:13,1600481610,828995432,771486178
2020/9/19 10:12,1600481550,968187688,632293862
2020/9/19 10:11,1600481490,1276130416,324351074
2020/9/19 10:10,1600481430,1196861296,403620134
2020/9/19 10:09,1600481370,863036232,737445138
2020/9/19 10:08,1600481310,1339599272,260882038
2020/9/19 10:07,1600481250,1250511248,349970002
2020/9/19 10:06,1600481190,1071950504,528530686
2020/9/19 10:05,1600481130,900537608,699943522
2020/9/19 10:04,1600481070,1447039664,153441406
2020/9/19 10:03,1600481010,984285664,616195346
2020/9/19 10:02,1600480950,1419910464,180570486
2020/9/19 10:01,1600480890,1315198304,285282586
2020/9/19 10:00,1600480830,1207870904,392609926
2020/9/19 09:59,1600480770,1290880792,309599978
2020/9/19 09:58,1600480710,1186452472,414028238
2020/9/19 09:57,1600480650,923583560,676897090
2020/9/19 09:56,1600480590,802254992,798225598
2020/9/19 09:55,1600480530,1076203096,524277434
2020/9/19 09:54,1600480470,958255232,642225238
2020/9/19 09:53,1600480410,795885656,804594754
2020/9/19 09:52,1600480350,1438789920,161690430
2020/9/19 09:51,1600480290,1250677336,349802954
2020/9/19 09:50,1600480230,885942792,714537438
2020/9/19 09:49,1600480170,1222902432,377577738
2020/9/19 09:48,1600480110,1084682592,515797518
2020/9/19 09:47,1600480050,963935344,636544706
2020/9/19 09:46,1600479990,1222259792,378220198
2020/9/19 09:45,1600479930,946793080,653686850
2020/9/19 09:44,1600479870,818819608,781660262
2020/9/19 09:43,1600479810,976358352,624121458
2020/9/19 09:42,1600479750,1316570016,283909734
2020/9/19 09:41,1600479690,1230860880,369618810
2020/9/19 09:40,1600479630,1305947520,294532110
2020/9/19 09:39,1600479570,1225900848,374578722
2020/9/19 09:38,1600479510,1195627872,404851638
2020/9/19 09:37,1600479450,991613288,608866162
2020/9/19 09:36,1600479390,926847168,673632222
2020/9/19 09:35,1600479330,896676472,703802858
2020/9/19 09:34,1600479270,1409952656,190526614
2020/9/19 09:33,1600479210,858722696,741756514
2020/9/19 09:32,1600479150,1086668816,513810334
2020/9/19 09:31,1600479090,997430008,603049082
2020/9/19 09:30,1600479030,955505416,644973614
2020/9/19 09:29,1600478970,1192883712,407595258
2020/9/19 09:28,1600478910,1081485776,518993134
2020/9/19 09:27,1600478850,834217520,766261330
2020/9/19 09:26,1600478790,1157551976,442926814
2020/9/19 09:25,1600478730,1079066256,521412474
2020/9/19 09:24,1600478670,876322288,724156382
2020/9/19 09:23,1600478610,1217225152,383253458
2020/9/19 09:22,1600478550,1061615336,538863214
2020/9/19 09:21,1600478490,908800704,691677786
2020/9/19 09:20,1600478430,1283889472,316588958
2020/9/19 09:19,1600478370,1138854240,461624130
2020/9/19 09:18,1600478310,1067489360,532988950
2020/9/19 09:17,1600478250,943064512,657413738
2020/9/19 09:16,1600478190,999787376,600690814
2020/9/19 09:15,1600478130,924031576,676446554
2020/9/19 09:14,1600478070,1028006864,572471206
2020/9/19 09:13,1600478010,1449649184,150828826
2020/9/19 09:12,1600477950,1333817160,266660790
2020/9/19 09:11,1600477890,930111008,670366882
2020/9/19 09:10,1600477830,949278744,651199086
2020/9/19 09:09,1600477770,843716272,756761498
2020/9/19 09:08,1600477710,1440035048,160442662
2020/9/19 09:07,1600477650,1112787704,487689946
2020/9/19 09:06,1600477590,752243840,848233750
2020/9/19 09:05,1600477530,1217095240,383382290
2020/9/19 09:04,1600477470,749696728,850780742
2020/9/19 09:03,1600477410,998371968,602105442
2020/9/19 09:02,1600477350,815824424,784652926
2020/9/19 09:01,1600477290,1190052200,410425090
2020/9/19 09:00,1600477230,1216479216,383998014
2020/9/19 08:59,1600477170,932073416,668403754
2020/9/19 08:58,1600477110,1392256240,208220870
2020/9/19 08:57,1600477050,1445267688,155209362
2020/9/19 08:56,1600476990,1343320824,257156166
2020/9/19 08:55,1600476930,1190911232,409565698
2020/9/19 08:54,1600476870,977220784,623256086
2020/9/19 08:53,1600476810,1107982888,492493922
2020/9/19 08:52,1600476750,1391106464,209370286
2020/9/19 08:51,1600476690,848070480,752406210
2020/9/19 08:50,1600476630,776530272,823946358
2020/9/19 08:49,1600476570,1343308256,257168314
2020/9/19 08:48,1600476510,814182584,786293926
2020/9/19 08:47,1600476450,1113933032,486543418
2020/9/19 08:46,1600476390,1215796760,384679630
2020/9/19 08:45,1600476330,1102781192,497695138
2020/9/19 08:44,1600476270,1058754032,541722238
2020/9/19 08:43,1600476210,958475280,642000930
2020/9/19 08:42,1600476150,925517816,674958334
2020/9/19 08:41,1600476090,835029464,765446626
2020/9/19 08:40,1600476030,777006512,823469518
2020/9/19 08:39,1600475970,1205486688,394989282
2020/9/19 08:38,1600475910,1087986544,512489366
2020/9/19 08:37,1600475850,1068893560,531582290
2020/9/19 08:36,1600475790,888151976,712323814
2020/9/19 08:35,1600475730,1039434224,561041506
2020/9/19 08:34,1600475670,999481320,600994350
2020/9/19 08:33,1600475610,957294704,643180906
2020/9/19 08:32,1600475550,854599000,745876550
2020/9/19 08:31,1600475490,1311419656,289055834
2020/9/19 08:30,1600475430,1291714432,308760998
2020/9/19 08:29,1600475370,1229260312,371215058
2020/9/19 08:28,1600475310,991605952,608869358
2020/9/19 08:27,1600475250,956307976,644167274
2020/9/19 08:26,1600475190,771473968,829001222
2020/9/19 08:25,1600475130,1278914888,321560242
2020/9/19 08:24,1600475070,1225120936,375354134
2020/9/19 08:23,1600475010,815619344,784855666
2020/9/19 08:22,1600474950,777786568,822688382
2020/9/19 08:21,1600474890,853551824,746923066
2020/9/19 08:20,1600474830,836425952,764048878
2020/9/19 08:19,1600474770,881485672,718989098
2020/9/19 08:18,1600474710,768960448,831514262
2020/9/19 08:17,1600474650,1462343984,138130666
2020/9/19 08:16,1600474590,1103959904,496514686
2020/9/19 08:15,1600474530,1090734376,509740154
2020/9/19 08:14,1600474470,1076686752,523787718
2020/9/19 08:13,1600474410,1324092040,276382370
2020/9/19 08:12,1600474350,888062792,712411558
2020/9/19 08:11,1600474290,1426998472,173475818
2020/9/19 08:10,1600474230,1188330872,412143358
2020/9/19 08:09,1600474170,1110654664,489819506
2020/9/19 08:08,1600474110,1295427192,305046918
2020/9/19 08:07,1600474050,953313616,647160434
2020/9/19 08:06,1600473990,791780640,808693350
2020/9/19 08:05,1600473930,762657960,837815970
2020/9/19 08:04,1600473870,1311036928,289436942
2020/9/19 08:03,1600473810,1287210456,313263354
2020/9/19 08:02,1600473750,1129876104,470597646
2020/9/19 08:01,1600473690,978283488,622190202
2020/9/19 08:00,1600473630,924930968,675542662
2020/9/19 07:59,1600473570,988431128,612042442
2020/9/19 07:58,1600473510,1204349208,396124302
2020/9/19 07:57,1600473450,1021624608,578848842
2020/9/19 07:56,1600473390,1030180248,570293142
2020/9/19 07:55,1600473330,1323606720,276866610
2020/9/19 07:54,1600473270,1162585944,437887326
2020/9/19 07:53,1600473210,1324922744,275550466
2020/9/19 07:52,1600473150,1198872712,401600438
2020/9/19 07:51,1600473090,1091638576,508834514
2020/9/19 07:50,1600473030,994709184,605763846
2020/9/19 07:49,1600472970,1026463312,574009658
2020/9/19 07:48,1600472910,1268795288,331677622
2020/9/19 07:47,1600472850,908618736,691854114
2020/9/19 07:46,1600472790,1063694552,536778238
2020/9/19 07:45,1600472730,1056323440,544149290
2020/9/19 07:44,1600472670,853284096,747188574
2020/9/19 07:43,1600472610,839621224,760851386
2020/9/19 07:42,1600472550,810107544,790365006
2020/9/19 07:41,1600472490,775098272,825374218
2020/9/19 07:40,1600472430,992540864,607931566
2020/9/19 07:39,1600472370,809627848,790844522
2020/9/19 07:38,1600472310,1286331912,314140398
2020/9/19 07:37,1600472250,1026610344,573861906
2020/9/19 07:36,1600472190,863869328,736602862
2020/9/19 07:35,1600472130,794159440,806312690
2020/9/19 07:34,1600472070,1323849520,276622550
2020/9/19 07:33,1600472010,1159692432,440779578
2020/9/19 07:32,1600471950,1077250392,523221558
2020/9/19 07:31,1600471890,944397672,656074218
2020/9/19 07:30,1600471830,926594520,673877310
2020/9/19 07:29,1600471770,908396152,692075618
2020/9/19 07:28,1600471710,837291160,763180550
2020/9/19 07:27,1600471650,1159476552,440995098
2020/9/19 07:26,1600471590,709667040,890804550
2020/9/19 07:25,1600471530,965596720,634874810
2020/9/19 07:24,1600471470,938505048,661966422
2020/9/19 07:23,1600471410,1054578272,545893138
2020/9/19 07:22,1600471350,857730288,742741062
2020/9/19 07:21,1600471290,770444536,830026754
2020/9/19 07:20,1600471230,1389333752,211137478
2020/9/19 07:19,1600471170,1210392840,390078330
2020/9/19 07:18,1600471110,1117249152,483221958
2020/9/19 07:17,1600471050,1314627656,285843394
2020/9/19 07:16,1600470990,1166386480,434084510
2020/9/19 07:15,1600470930,1093349912,507121018
2020/9/19 07:14,1600470870,936382032,664088838
2020/9/19 07:13,1600470810,906629776,693841034
2020/9/19 07:12,1600470750,845518928,754951822
2020/9/19 07:11,1600470690,1485272992,115197698
2020/9/19 07:10,1600470630,865782088,734688542
2020/9/19 07:09,1600470570,1215769312,384701258
2020/9/19 07:08,1600470510,948528560,651941950
2020/9/19 07:07,1600470450,1335565184,264905266
2020/9/19 07:06,1600470390,1305552184,294918206
2020/9/19 07:05,1600470330,1180296952,420173378
2020/9/19 07:04,1600470270,1558185200,42285070
2020/9/19 07:03,1600470210,1389902808,210567402
2020/9/19 07:02,1600470150,1275168632,325301518
2020/9/19 07:01,1600470090,1237019840,363450250
2020/9/19 07:00,1600470030,1136115480,464354550
2020/9/19 06:59,1600469970,1099095016,501374954
2020/9/19 06:58,1600469910,1525465440,75004470
2020/9/19 06:57,1600469850,1326709424,273760426
2020/9/19 06:56,1600469790,1217225400,383244390
2020/9/19 06:55,1600469730,1106515120,493954610
2020/9/19 06:54,1600469670,1282633264,317836406
2020/9/19 06:53,1600469610,1263270312,337199298
2020/9/19 06:52,1600469550,1118012736,482456814
2020/9/19 06:51,1600469490,946005608,654463882
2020/9/19 06:50,1600469430,776755160,823714270
2020/9/19 06:49,1600469370,1580096672,20372698
2020/9/19 06:48,1600469310,902560672,697908638
2020/9/19 06:47,1600469250,938813312,661655938
2020/9/19 06:46,1600469190,1482999552,117469638
2020/9/19 06:45,1600469130,1473123088,127346042
2020/9/19 06:44,1600469070,1246547904,353921166
2020/9/19 06:43,1600469010,1509776136,90692874
2020/9/19 06:42,1600468950,1401398192,199070758
2020/9/19 06:41,1600468890,1018527792,581941098
2020/9/19 06:40,1600468830,1540426896,60041934
2020/9/19 06:39,1600468770,1506779904,93688866
2020/9/19 06:38,1600468710,1375729176,224739534
2020/9/19 06:37,1600468650,1278836488,321632162
2020/9/19 06:36,1600468590,1288285360,312183230
2020/9/19 06:35,1600468530,854296312,746172218
2020/9/19 06:34,1600468470,972787784,627680686
2020/9/19 06:33,1600468410,959797456,640670954
2020/9/19 06:32,1600468350,891157544,709310806
2020/9/19 06:31,1600468290,699644808,900823482
2020/9/19 06:30,1600468230,1447455968,153012262
2020/9/19 06:29,1600468170,1012804432,587663738
2020/9/19 06:28,1600468110,1173578008,426890102
2020/9/19 06:27,1600468050,889590704,710877346
2020/9/19 06:26,1600467990,1589634432,10833558
2020/9/19 06:25,1600467930,835957544,764510386
2020/9/19 06:24,1600467870,1192835752,407632118
2020/9/19 06:23,1600467810,1398334008,202133802
2020/9/19 06:22,1600467750,1374937016,225530734
2020/9/19 06:21,1600467690,1264334608,336133082
2020/9/19 06:20,1600467630,1227679960,372787670
2020/9/19 06:19,1600467570,1210570840,389896730
2020/9/19 06:18,1600467510,1392625392,207842118
2020/9/19 06:17,1600467450,996314744,604152706
2020/9/19 06:16,1600467390,933405456,667061934
2020/9/19 06:15,1600467330,851767240,748700090
2020/9/19 06:14,1600467270,968917712,631549558
2020/9/19 06:13,1600467210,1545820688,54646522
2020/9/19 06:12,1600467150,1217214392,383252758
2020/9/19 06:11,1600467090,1109166144,491300946
2020/9/19 06:10,1600467030,811858432,788608598
2020/9/19 06:09,1600466970,1407524704,192942266
2020/9/19 06:08,1600466910,1310344272,290122638
2020/9/19 06:07,1600466850,1066805112,533661738
2020/9/19 06:06,1600466790,800572888,799893902
2020/9/19 06:05,1600466730,797092304,803374426
2020/9/19 06:04,1600466670,1513362736,87103934
2020/9/19 06:03,1600466610,1261188872,339277738
2020/9/19 06:02,1600466550,1097465096,503001454
2020/9/19 06:01,1600466490,1018367336,582099154
2020/9/19 06:00,1600466430,830713824,769752606
2020/9/19 05:59,1600466370,1142609056,457857314
2020/9/19 05:58,1600466310,1073463784,527002526
2020/9/19 05:57,1600466250,1614691344,-14225094
2020/9/19 05:56,1600466190,1140803312,459662878
2020/9/19 05:55,1600466130,1023985192,576480938
2020/9/19 05:54,1600466070,1553672384,46793686
2020/9/19 05:53,1600466010,949858208,650607802
2020/9/19 05:52,1600465950,814890576,785575374
2020/9/19 05:51,1600465890,1387666384,212799506
2020/9/19 05:50,1600465830,819843056,780622774
2020/9/19 05:49,1600465770,1431254632,169211138
2020/9/19 05:48,1600465710,1270487136,329978574
2020/9/19 05:47,1600465650,1133054888,467410762
2020/9/19 05:46,1600465590,910792128,689673462
2020/9/19 05:45,1600465530,1530018352,70447178
2020/9/19 05:44,1600465470,1411674120,188791350
2020/9/19 05:43,1600465410,968345616,632119794
2020/9/19 05:42,1600465350,1287817048,312648302
2020/9/19 05:41,1600465290,1117741880,482723410
2020/9/19 05:40,1600465230,1081321240,519143990
2020/9/19 05:39,1600465170,1044105840,556359330
2020/9/19 05:38,1600465110,1370659184,229805926
2020/9/19 05:37,1600465050,1451688080,148776970
2020/9/19 05:36,1600464990,1121758280,478706710
2020/9/19 05:35,1600464930,1126711016,473753914
2020/9/19 05:34,1600464870,752243728,848221142
2020/9/19 05:33,1600464810,1074699376,525765434
2020/9/19 05:32,1600464750,1067344480,533120270
2020/9/19 05:31,1600464690,1076105368,524359322
2020/9/19 05:30,1600464630,930103776,670360854
2020/9/19 05:29,1600464570,898040232,702424338
2020/9/19 05:28,1600464510,1445270904,155193606
2020/9/19 05:27,1600464450,1233362496,367101954
2020/9/19 05:26,1600464390,932056576,668407814
2020/9/19 05:25,1600464330,887265624,713198706
2020/9/19 05:24,1600464270,765720056,834744214
2020/9/19 05:23,1600464210,1139652824,460811386
2020/9/19 05:22,1600464150,749696752,850767398
2020/9/19 05:21,1600464090,1047482544,552981546
2020/9/19 05:20,1600464030,1005547112,594916918
2020/9/19 05:19,1600463970,1049411264,551052706
2020/9/19 05:18,1600463910,1048075664,552388246
2020/9/19 05:17,1600463850,845860880,754602970
2020/9/19 05:16,1600463790,1305026504,295437286
2020/9/19 05:15,1600463730,742238768,858224962
2020/9/19 05:14,1600463670,1468869424,131594246
2020/9/19 05:13,1600463610,1040938512,559525098
2020/9/19 05:12,1600463550,1418332552,182130998
2020/9/19 05:11,1600463490,790636920,809826570
2020/9/19 05:10,1600463430,1371402640,229060790
2020/9/19 05:09,1600463370,914918928,685544442
2020/9/19 05:08,1600463310,864781664,735681646
2020/9/19 05:07,1600463250,789438176,811025074
2020/9/19 05:06,1600463190,1377212632,223250558
2020/9/19 05:05,1600463130,1201242968,399220162
2020/9/19 05:04,1600463070,1097496904,502966166
2020/9/19 05:03,1600463010,1300653648,299809362
2020/9/19 05:02,1600462950,899816496,700646454
2020/9/19 05:01,1600462890,1124027312,476435578
2020/9/19 05:00,1600462830,728047056,872415774
2020/9/19 04:59,1600462770,856409600,744053170
2020/9/19 04:58,1600462710,898721072,701741638
2020/9/19 04:57,1600462650,983820024,616642626
2020/9/19 04:56,1600462590,1136694008,463768582
2020/9/19 04:55,1600462530,924037144,676425386
2020/9/19 04:54,1600462470,784232872,816229598
2020/9/19 04:53,1600462410,1118053832,482408578
2020/9/19 04:52,1600462350,928349824,672112526
2020/9/19 04:51,1600462290,903661608,696800682
2020/9/19 04:50,1600462231,686905480,913556751
2020/9/19 04:49,1600462170,935340328,665121842
2020/9/19 04:48,1600462110,809272008,791190102
2020/9/19 04:47,1600462050,1052556776,547905274
2020/9/19 04:46,1600461990,841554368,758907622
2020/9/19 04:45,1600461930,796882480,803579450
2020/9/19 04:44,1600461870,1176562224,423899646
2020/9/19 04:43,1600461810,1146331976,454129834
2020/9/19 04:42,1600461750,1013188392,587273358
2020/9/19 04:41,1600461690,920356352,680105338
2020/9/19 04:40,1600461630,725247344,875214286
2020/9/19 04:39,1600461570,1053179928,547281642
2020/9/19 04:38,1600461510,899888336,700573174
2020/9/19 04:37,1600461450,827536656,772924794
2020/9/19 04:36,1600461390,1238159984,362301406
2020/9/19 04:35,1600461330,1214522352,385938978
2020/9/19 04:34,1600461270,1062645048,537816222
2020/9/19 04:33,1600461210,1002362680,598098530
2020/9/19 04:32,1600461150,805626240,794834910
2020/9/19 04:31,1600461090,907257648,693203442
2020/9/19 04:30,1600461030,859383160,741077870
2020/9/19 04:29,1600460970,827880336,772580634
2020/9/19 04:28,1600460910,1029171864,571289046
2020/9/19 04:27,1600460850,788324056,812136794
2020/9/19 04:26,1600460790,1109240448,491220342
2020/9/19 04:25,1600460730,1067956752,532503978
2020/9/19 04:24,1600460670,1018187528,582273142
2020/9/19 04:23,1600460610,1056059936,544400674
2020/9/19 04:22,1600460550,872905936,727554614
2020/9/19 04:21,1600460490,985544552,614915938
2020/9/19 04:20,1600460430,1192939376,407521054
2020/9/19 04:19,1600460370,1086259024,514201346
2020/9/19 04:18,1600460310,1046392416,554067894
2020/9/19 04:17,1600460250,959771944,640688306
2020/9/19 04:16,1600460190,1112050152,488410038
2020/9/19 04:15,1600460130,1072429232,528030898
2020/9/19 04:14,1600460070,1252767832,347692238
2020/9/19 04:13,1600460010,1268196736,332263274
2020/9/19 04:12,1600459950,928794888,671665062
2020/9/19 04:11,1600459890,1204377304,396082586
2020/9/19 04:10,1600459830,1255310792,345149038
2020/9/19 04:09,1600459770,1194228224,406231546
2020/9/19 04:08,1600459710,1508684048,91775662
2020/9/19 04:07,1600459650,1418815648,181644002
2020/9/19 04:06,1600459590,1225553040,374906550
2020/9/19 04:05,1600459530,1086583816,513875714
2020/9/19 04:04,1600459470,932432328,668027142
2020/9/19 04:03,1600459410,1172791080,427668330
2020/9/19 04:02,1600459350,949648352,650810998
2020/9/19 04:01,1600459290,721362960,879096330
2020/9/19 04:00,1600459230,787114112,813345118
2020/9/19 03:59,1600459170,1388354808,212104362
2020/9/19 03:58,1600459110,1295476072,304983038
2020/9/19 03:57,1600459050,1006154744,594304306
2020/9/19 03:56,1600458990,1216605800,383853190
2020/9/19 03:55,1600458930,819290672,781168258
2020/9/19 03:54,1600458870,876622080,723836790
2020/9/19 03:53,1600458810,739701728,860757082
2020/9/19 03:52,1600458750,866666672,733792078
2020/9/19 03:51,1600458690,938683928,661774762
2020/9/19 03:50,1600458630,1321048640,279409990
2020/9/19 03:49,1600458570,990066664,610391906
2020/9/19 03:48,1600458510,742400696,858057814
2020/9/19 03:47,1600458450,1252360352,348098098
2020/9/19 03:46,1600458390,1092616208,507842182
2020/9/19 03:45,1600458330,933816960,666641370
2020/9/19 03:44,1600458270,867296600,733161670
2020/9/19 03:43,1600458210,909038400,691419810
2020/9/19 03:42,1600458150,961889488,638568662
2020/9/19 03:41,1600458090,1330438768,270019322
2020/9/19 03:40,1600458030,896087264,704370766
2020/9/19 03:39,1600457970,746036608,854421362
2020/9/19 03:38,1600457910,880589656,719868254
2020/9/19 03:37,1600457850,994981840,605476010
2020/9/19 03:36,1600457790,1199702912,400754878
2020/9/19 03:35,1600457730,1144519344,455938386
2020/9/19 03:34,1600457670,1037797672,562659998
2020/9/19 03:33,1600457610,896322592,704135018
2020/9/19 03:32,1600457550,793240896,807216654
2020/9/19 03:31,1600457490,1112644640,487812850
2020/9/19 03:30,1600457430,949720272,650737158
2020/9/19 03:29,1600457370,820745784,779711586
2020/9/19 03:28,1600457310,1134265776,466191534
2020/9/19 03:27,1600457250,1004154656,596302594
2020/9/19 03:26,1600457190,774302936,826154254
2020/9/19 03:25,1600457130,1192659104,407798026
2020/9/19 03:24,1600457070,1024738760,575718310
2020/9/19 03:23,1600457010,981465248,618991762
2020/9/19 03:22,1600456950,1042454224,558002726
2020/9/19 03:21,1600456890,802525992,797930898
2020/9/19 03:20,1600456830,1036221640,564235190
2020/9/19 03:19,1600456770,1343757296,256699474
2020/9/19 03:18,1600456710,941481320,658975390
2020/9/19 03:17,1600456650,1082197688,518258962
2020/9/19 03:16,1600456590,962820632,637635958
2020/9/19 03:15,1600456530,1007898648,592557882
2020/9/19 03:14,1600456470,798358016,802098454
2020/9/19 03:13,1600456410,1254851216,345605194
2020/9/19 03:12,1600456350,1168984128,431472222
2020/9/19 03:11,1600456290,1094697408,505758882
2020/9/19 03:10,1600456230,1033247944,567208286
2020/9/19 03:09,1600456170,932086128,668370042
2020/9/19 03:08,1600456110,781452600,819003510
2020/9/19 03:07,1600456050,1424830392,175625658
2020/9/19 03:06,1600455990,784795248,815660742
2020/9/19 03:05,1600455930,1241153728,359302202
2020/9/19 03:04,1600455870,1027031608,573424262
2020/9/19 03:03,1600455810,845026408,755429402
2020/9/19 03:02,1600455750,1441180864,159274886
2020/9/19 03:01,1600455690,891913664,708542026
2020/9/19 03:00,1600455630,1217013912,383441718
2020/9/19 02:59,1600455570,1338544208,261911362
2020/9/19 02:58,1600455510,1165795576,434659934
2020/9/19 02:57,1600455450,1517338544,83116906
2020/9/19 02:56,1600455390,1225758384,374697006
2020/9/19 02:55,1600455330,991946224,608509106
2020/9/19 02:54,1600455270,1358920736,241534534
2020/9/19 02:53,1600455210,1297997816,302457394
2020/9/19 02:52,1600455150,1150091168,450363982
2020/9/19 02:51,1600455090,936254224,664200866
2020/9/19 02:50,1600455030,1106999544,493455486
2020/9/19 02:49,1600454970,1106857928,493597042
2020/9/19 02:48,1600454910,1421916952,178537958
2020/9/19 02:47,1600454850,1086161256,514293594
2020/9/19 02:46,1600454790,932489304,667965486
2020/9/19 02:45,1600454730,985875048,614579682
2020/9/19 02:44,1600454670,1289138224,311316446
2020/9/19 02:43,1600454610,1102660504,497794106
2020/9/19 02:42,1600454550,939770432,660684118
2020/9/19 02:41,1600454490,829135328,771319162
2020/9/19 02:40,1600454430,1406667528,193786902
2020/9/19 02:39,1600454370,1310712944,289741426
2020/9/19 02:38,1600454310,774155656,826298654
2020/9/19 02:37,1600454250,1098275000,502179250
2020/9/19 02:36,1600454190,867483504,732970686
2020/9/19 02:35,1600454130,1251674664,348779466
2020/9/19 02:34,1600454070,1197940032,402514038
2020/9/19 02:33,1600454010,954984840,645469170
2020/9/19 02:32,1600453950,1358536448,241917502
2020/9/19 02:31,1600453890,1292153064,308300826
2020/9/19 02:30,1600453830,1206161872,394291958
2020/9/19 02:29,1600453770,789433816,811019954
2020/9/19 02:28,1600453710,1037064184,563389526
2020/9/19 02:27,1600453650,1065622232,534831418
2020/9/19 02:26,1600453590,893850128,706603462
2020/9/19 02:25,1600453530,758254360,842199170
2020/9/19 02:24,1600453470,1148775344,451678126
2020/9/19 02:23,1600453410,1080602704,519850706
2020/9/19 02:22,1600453350,872634368,727818982
2020/9/19 02:21,1600453290,916235184,684218106
2020/9/19 02:20,1600453230,989553920,610899310
2020/9/19 02:19,1600453170,796886032,803567138
2020/9/19 02:18,1600453110,650593320,949859790
2020/9/19 02:17,1600453050,1012490312,587962738
2020/9/19 02:16,1600452990,667063456,933389534
2020/9/19 02:15,1600452930,1033404408,567048522
2020/9/19 02:14,1600452870,770214056,830238814
2020/9/19 02:13,1600452810,1169206328,431246482
2020/9/19 02:12,1600452750,922658824,677793926
2020/9/19 02:11,1600452690,786367288,814085402
2020/9/19 02:10,1600452630,989438744,611013886
2020/9/19 02:09,1600452570,875416576,725035994
2020/9/19 02:08,1600452510,686451608,914000902
2020/9/19 02:07,1600452450,1444468640,155983810
2020/9/19 02:06,1600452390,1099364576,501087814
2020/9/19 02:05,1600452330,1024476792,575975538
2020/9/19 02:04,1600452270,941165176,659287094
2020/9/19 02:03,1600452210,874980760,725471450
2020/9/19 02:02,1600452150,1161657480,438794670
2020/9/19 02:01,1600452090,877376768,723075322
2020/9/19 02:00,1600452030,1155191952,445260078
2020/9/19 01:59,1600451970,961982576,638469394
2020/9/19 01:58,1600451910,1040273816,560178094
2020/9/19 01:57,1600451850,816670016,783781834
2020/9/19 01:56,1600451790,1372062536,228389254
2020/9/19 01:55,1600451730,1243543240,356908490
2020/9/19 01:54,1600451670,909077008,691374662
2020/9/19 01:53,1600451610,1002175160,598276450
2020/9/19 01:52,1600451550,1257551496,342900054
2020/9/19 01:51,1600451490,989761744,610689746
2020/9/19 01:50,1600451430,970828592,629622838
2020/9/19 01:49,1600451370,682058760,918392610
2020/9/19 01:48,1600451310,1016275256,584176054
2020/9/19 01:47,1600451250,903995656,696455594
2020/9/19 01:46,1600451190,808086568,792364622
2020/9/19 01:45,1600451130,807948120,792503010
2020/9/19 01:44,1600451070,731741968,868709102
2020/9/19 01:43,1600451010,1034031616,566419394
2020/9/19 01:42,1600450950,851519792,748931158
2020/9/19 01:41,1600450890,753725864,846725026
2020/9/19 01:40,1600450830,649723408,950727422
2020/9/19 01:39,1600450770,983571520,616879250
2020/9/19 01:38,1600450710,782317968,818132742
2020/9/19 01:37,1600450650,883864032,716586618
2020/9/19 01:36,1600450590,675522520,924928070
2020/9/19 01:35,1600450530,1137876040,462574490
2020/9/19 01:34,1600450470,1033194064,567256406
2020/9/19 01:33,1600450410,982243600,618206810
2020/9/19 01:32,1600450350,928907288,671543062
2020/9/19 01:31,1600450290,871335576,729114714
2020/9/19 01:30,1600450230,753730720,846719510
2020/9/19 01:29,1600450170,1212143872,388306298
2020/9/19 01:28,1600450110,1051080600,549369510
2020/9/19 01:27,1600450050,865483536,734966514
2020/9/19 01:26,1600449990,709138872,891311118
2020/9/19 01:25,1600449930,1060600368,539849562
2020/9/19 01:24,1600449870,823062760,777387110
2020/9/19 01:23,1600449810,834428992,766020818
2020/9/19 01:22,1600449750,1119006344,481443406
2020/9/19 01:21,1600449690,927096216,673353474
2020/9/19 01:20,1600449630,1000571032,599878598
2020/9/19 01:19,1600449570,854066816,746382754
2020/9/19 01:18,1600449510,790047712,810401798
2020/9/19 01:17,1600449450,1251455048,348994402
2020/9/19 01:16,1600449390,1149478440,450970950
2020/9/19 01:15,1600449330,1113431328,487018002
2020/9/19 01:14,1600449270,1037060800,563388470
2020/9/19 01:13,1600449210,998581256,601867954
2020/9/19 01:12,1600449150,996650272,603798878
2020/9/19 01:11,1600449090,926171352,674277738
2020/9/19 01:10,1600449030,808102920,792346110
2020/9/19 01:09,1600448970,734431768,866017202
2020/9/19 01:08,1600448910,694074976,906373934
2020/9/19 01:07,1600448850,1048644952,551803898
2020/9/19 01:06,1600448790,1010026912,590421878
2020/9/19 01:05,1600448730,650285760,950162970
2020/9/19 01:04,1600448670,735101104,865347566
2020/9/19 01:03,1600448610,1080433944,520014666
2020/9/19 01:02,1600448550,1008504144,591944406
2020/9/19 01:01,1600448490,800070744,800377746
2020/9/19 01:00,1600448430,895743112,704705318
2020/9/19 00:59,1600448370,863634240,736814130
2020/9/19 00:58,1600448310,1019513264,580935046
2020/9/19 00:57,1600448250,801616360,798831890
2020/9/19 00:56,1600448190,1094753616,505694574
2020/9/19 00:55,1600448130,736410088,864038042
2020/9/19 00:54,1600448070,804557216,795890854
2020/9/19 00:53,1600448010,672252320,928195690
2020/9/19 00:52,1600447950,996412384,604035566
2020/9/19 00:51,1600447890,935062192,665385698
2020/9/19 00:50,1600447830,915342448,685105382
2020/9/19 00:49,1600447770,741345096,859102674
2020/9/19 00:48,1600447710,671532088,928915622
2020/9/19 00:47,1600447650,1095936072,504511578
2020/9/19 00:46,1600447590,907415976,693031614
2020/9/19 00:45,1600447530,733013456,867434074
2020/9/19 00:44,1600447470,1088745176,511702294
2020/9/19 00:43,1600447410,1061657552,538789858
2020/9/19 00:42,1600447350,1007384480,593062870
2020/9/19 00:41,1600447290,784010896,816436394
2020/9/19 00:40,1600447230,1013943080,586504150
2020/9/19 00:39,1600447170,855273616,745173554
2020/9/19 00:38,1600447110,1246138176,354308934
2020/9/19 00:37,1600447050,1015123560,585323490
2020/9/19 00:36,1600446990,900659344,699787646
2020/9/19 00:35,1600446930,1213268912,387178018
2020/9/19 00:34,1600446870,1078366936,522079934
2020/9/19 00:33,1600446810,1033787208,566659602
2020/9/19 00:32,1600446750,848961656,751485094
2020/9/19 00:31,1600446690,683273808,917172882
2020/9/19 00:30,1600446630,1075610008,524836622
2020/9/19 00:29,1600446570,925061304,675385266
2020/9/19 00:28,1600446510,936247536,664198974
2020/9/19 00:27,1600446450,732859240,867587210
2020/9/19 00:26,1600446390,667905352,932541038
2020/9/19 00:25,1600446330,773547672,826898658
2020/9/19 00:24,1600446270,714954312,885491958
2020/9/19 00:23,1600446210,662090688,938355522
2020/9/19 00:22,1600446150,920438440,680007710
2020/9/19 00:21,1600446090,658063680,942382410
2020/9/19 00:20,1600446030,984700896,615745134
2020/9/19 00:19,1600445970,797011008,803434962
2020/9/19 00:18,1600445910,783173192,817272718
2020/9/19 00:17,1600445850,741530048,858915802
2020/9/19 00:16,1600445790,783585448,816860342
2020/9/19 00:15,1600445730,900037448,700408282
2020/9/19 00:14,1600445670,798303280,802142390
2020/9/19 00:13,1600445610,678399960,922045650
2020/9/19 00:12,1600445550,701753112,898692438
2020/9/19 00:11,1600445490,911966264,688479226
2020/9/19 00:10,1600445430,1331813376,268632054
2020/9/19 00:09,1600445370,828119176,772326194
2020/9/19 00:08,1600445310,1120225296,480220014
2020/9/19 00:07,1600445250,959581536,640863714
2020/9/19 00:06,1600445190,912671544,687773646
2020/9/19 00:05,1600445130,1086519320,513925810
2020/9/19 00:04,1600445070,902262616,698182454
2020/9/19 00:03,1600445010,797961256,802483754
2020/9/19 00:02,1600444950,869339976,731104974
2020/9/19 00:01,1600444890,733396088,867048802
2020/9/19 00:00,1600444830,991859568,608585262
2020/9/18 23:59,1600444770,763655408,836789362
2020/9/18 23:58,1600444710,898958960,701485750
2020/9/18 23:57,1600444650,889192984,711251666
2020/9/18 23:56,1600444590,661581512,938863078
2020/9/18 23:55,1600444530,1085542960,514901570
2020/9/18 23:54,1600444470,1000746216,599698254
2020/9/18 23:53,1600444410,904255712,696188698
2020/9/18 23:52,1600444350,829707344,770737006
2020/9/18 23:51,1600444290,717428816,883015474
2020/9/18 23:50,1600444230,1117002856,483441374
2020/9/18 23:49,1600444170,1060000904,540443266
2020/9/18 23:48,1600444110,988405592,612038518
2020/9/18 23:47,1600444050,783094960,817349090
2020/9/18 23:46,1600443990,887182736,713261254
2020/9/18 23:45,1600443930,944327704,656116226
2020/9/18 23:44,1600443870,891250080,709193790
2020/9/18 23:43,1600443810,752058224,848385586
2020/9/18 23:42,1600443750,1372391440,228052310
2020/9/18 23:41,1600443690,1141031544,459412146
2020/9/18 23:40,1600443630,1017712928,582730702
2020/9/18 23:39,1600443570,828567640,771875930
2020/9/18 23:38,1600443510,680941224,919502286
2020/9/18 23:37,1600443450,1142345536,458097914
2020/9/18 23:36,1600443390,996020216,604423174
2020/9/18 23:35,1600443330,989073512,611369818
2020/9/18 23:34,1600443270,1258375208,342068062
2020/9/18 23:33,1600443210,1034581744,565861466
2020/9/18 23:32,1600443150,774942984,825500166
2020/9/18 23:31,1600443090,1106188024,494255066
2020/9/18 23:30,1600443030,1007907776,592535254
2020/9/18 23:29,1600442970,1348958832,251484138
2020/9/18 23:28,1600442910,1113211584,487231326
2020/9/18 23:27,1600442850,980567032,619875818
2020/9/18 23:26,1600442790,1367589536,232853254
2020/9/18 23:25,1600442730,1302596344,297846386
2020/9/18 23:24,1600442670,679995792,920446878
2020/9/18 23:23,1600442610,784439712,816002898
2020/9/18 23:22,1600442550,920033008,680409542
2020/9/18 23:21,1600442490,901898248,698544242
2020/9/18 23:20,1600442430,745583000,854859430
2020/9/18 23:19,1600442370,1221482112,378960258
2020/9/18 23:18,1600442310,698765600,901676710
2020/9/18 23:17,1600442250,916798096,683644154
2020/9/18 23:16,1600442190,962113192,638328998
2020/9/18 23:15,1600442130,1368249976,232192154
2020/9/18 23:14,1600442070,1224985624,375456446
2020/9/18 23:13,1600442010,1036626160,563815850
2020/9/18 23:12,1600441950,650848120,949593830
2020/9/18 23:11,1600441890,772004080,828437810
2020/9/18 23:10,1600441830,705619520,894822310
2020/9/18 23:09,1600441770,1070214256,530227514
2020/9/18 23:08,1600441710,663089232,937352478
2020/9/18 23:07,1600441650,1041792488,558649162
2020/9/18 23:06,1600441590,932094976,668346614
2020/9/18 23:05,1600441530,879140088,721301442
2020/9/18 23:04,1600441470,1127198104,473243366
2020/9/18 23:03,1600441410,1024132120,576309290
2020/9/18 23:02,1600441350,907993760,692447590
2020/9/18 23:01,1600441290,693728528,906712762
2020/9/18 23:00,1600441230,809023408,791417822
2020/9/18 22:59,1600441170,1073443376,526997794
2020/9/18 22:58,1600441110,974157232,626283878
2020/9/18 22:57,1600441050,759774832,840666218
2020/9/18 22:56,1600440990,807791864,792649126
2020/9/18 22:55,1600440930,729334752,871106178
2020/9/18 22:54,1600440870,700584680,899856190
2020/9/18 22:53,1600440810,663557600,936883210
2020/9/18 22:52,1600440750,619925552,980515198
2020/9/18 22:51,1600440690,1178749072,421691618
2020/9/18 22:50,1600440630,976337736,624102894
2020/9/18 22:49,1600440570,1072846976,527593594
2020/9/18 22:48,1600440510,732740600,867699910
2020/9/18 22:47,1600440450,1220877080,379563370
2020/9/18 22:46,1600440390,1160010328,440430062
2020/9/18 22:45,1600440330,1096791072,503649258
2020/9/18 22:44,1600440271,660349784,940090487
2020/9/18 22:43,1600440210,841369440,759070770
2020/9/18 22:42,1600440150,710346112,890094038
2020/9/18 22:41,1600440090,657279520,943160570
2020/9/18 22:40,1600440030,1077640024,522800006
2020/9/18 22:39,1600439970,908236696,692203274
2020/9/18 22:38,1600439910,768011664,832428246
2020/9/18 22:37,1600439850,1174121736,426318114
2020/9/18 22:36,1600439790,1013548400,586891390
2020/9/18 22:35,1600439730,987380968,613058762
2020/9/18 22:34,1600439670,826871144,773568526
2020/9/18 22:33,1600439610,1188022640,412416970
2020/9/18 22:32,1600439550,803974096,796465454
2020/9/18 22:31,1600439490,1138266424,462173066
2020/9/18 22:30,1600439430,606195696,994243734
2020/9/18 22:29,1600439370,1007021128,593418242
2020/9/18 22:28,1600439310,752353856,848085454
2020/9/18 22:27,1600439250,783250952,817188298
2020/9/18 22:26,1600439190,998957304,601481886
2020/9/18 22:25,1600439130,875989712,724449418
2020/9/18 22:24,1600439070,606526256,993912814
2020/9/18 22:23,1600439010,944424072,656014938
2020/9/18 22:22,1600438950,851409128,749029822
2020/9/18 22:21,1600438890,792617552,807821338
2020/9/18 22:20,1600438830,680493880,919944950
2020/9/18 22:19,1600438770,702180936,898257834
2020/9/18 22:18,1600438710,987962688,612476022
2020/9/18 22:17,1600438650,929423264,671015386
2020/9/18 22:16,1600438590,740128344,860310246
2020/9/18 22:15,1600438530,699074256,901364274
2020/9/18 22:14,1600438470,906173296,694265174
2020/9/18 22:13,1600438410,687719472,912718938
2020/9/18 22:12,1600438350,913586536,686851814
2020/9/18 22:11,1600438290,855246016,745192274
2020/9/18 22:10,1600438230,726408704,874029526
2020/9/18 22:09,1600438170,752998576,847439594
2020/9/18 22:08,1600438110,1091096608,509341502
2020/9/18 22:07,1600438050,907246592,693191458
2020/9/18 22:06,1600437990,700194112,900243878
2020/9/18 22:05,1600437930,847959552,752478378
2020/9/18 22:04,1600437870,618027376,982410494
2020/9/18 22:03,1600437810,666233112,934204698
2020/9/18 22:02,1600437750,730815128,869622622
2020/9/18 22:01,1600437690,922035208,678402482
2020/9/18 22:00,1600437630,976451168,623986462
2020/9/18 21:59,1600437570,918462184,681975386
2020/9/18 21:58,1600437510,856852912,743584598
2020/9/18 21:57,1600437450,728573560,871863890
2020/9/18 21:56,1600437390,695684464,904752926
2020/9/18 21:55,1600437330,903863904,696573426
2020/9/18 21:54,1600437270,856164856,744272414
2020/9/18 21:53,1600437210,570359424,1030077786
2020/9/18 21:52,1600437150,969132296,631304854
2020/9/18 21:51,1600437090,892058640,708378450
2020/9/18 21:50,1600437030,789365776,811071254
2020/9/18 21:49,1600436970,640001744,960435226
2020/9/18 21:48,1600436910,671516064,928920846
2020/9/18 21:47,1600436850,607420672,993016178
2020/9/18 21:46,1600436790,776084976,824351814
2020/9/18 21:45,1600436730,792819056,807617674
2020/9/18 21:44,1600436670,706186384,894250286
2020/9/18 21:43,1600436610,860211304,740225306
2020/9/18 21:42,1600436550,762662624,837773926
2020/9/18 21:41,1600436490,703288568,897147922
2020/9/18 21:40,1600436430,956680136,643756294
2020/9/18 21:39,1600436370,880700440,719735930
2020/9/18 21:38,1600436312,814079792,786356520
2020/9/18 21:37,1600436250,972335200,628101050
2020/9/18 21:36,1600436192,709358120,891078072
2020/9/18 21:35,1600436130,1029091968,571344162
2020/9/18 21:34,1600436070,650246888,950189182
2020/9/18 21:33,1600436010,959672504,640763506
2020/9/18 21:32,1600435950,813970120,786465830
2020/9/18 21:31,1600435890,695733288,904702602
2020/9/18 21:30,1600435830,610974496,989461334
2020/9/18 21:29,1600435770,893568536,706867234
2020/9/18 21:28,1600435710,721593992,878841718
2020/9/18 21:27,1600435650,1024191776,576243874
2020/9/18 21:26,1600435590,811369312,789066278
2020/9/18 21:25,1600435530,758260080,842175450
2020/9/18 21:24,1600435470,758317744,842117726
2020/9/18 21:23,1600435410,895247536,705187874
2020/9/18 21:22,1600435350,806940880,793494470
2020/9/18 21:21,1600435290,668089208,932346082
2020/9/18 21:20,1600435230,970453744,629981486
2020/9/18 21:19,1600435170,1123170960,477264210
2020/9/18 21:18,1600435110,619337424,981097686
2020/9/18 21:17,1600435050,857072408,743362642
2020/9/18 21:16,1600434990,761582352,838852638
2020/9/18 21:15,1600434930,793557136,806877794
2020/9/18 21:14,1600434870,627363472,973071398
2020/9/18 21:13,1600434810,820222768,780212042
2020/9/18 21:12,1600434750,810027160,790407590
2020/9/18 21:11,1600434690,828088456,772346234
2020/9/18 21:10,1600434630,789867368,810567262
2020/9/18 21:09,1600434570,968893504,631541066
2020/9/18 21:08,1600434510,821338752,779095758
2020/9/18 21:07,1600434450,927710816,672723634
2020/9/18 21:06,1600434390,1248794000,351640390
2020/9/18 21:05,1600434330,659588784,940845546
2020/9/18 21:04,1600434270,996674712,603759558
2020/9/18 21:03,1600434210,896015072,704419138
2020/9/18 21:02,1600434150,1012793192,587640958
2020/9/18 21:01,1600434090,879869024,720565066
2020/9/18 21:00,1600434030,920879744,679554286
2020/9/18 20:59,1600433970,920059792,680374178
2020/9/18 20:58,1600433910,896670288,703763622
2020/9/18 20:57,1600433850,778253368,822180482
2020/9/18 20:56,1600433790,741539736,858894054
2020/9/18 20:55,1600433730,621100368,979333362
2020/9/18 20:54,1600433670,770570560,829863110
2020/9/18 20:53,1600433610,644463112,955970498
2020/9/18 20:52,1600433550,1047295176,553138374
2020/9/18 20:51,1600433490,792018712,808414778
2020/9/18 20:50,1600433430,630247168,970186262
2020/9/18 20:49,1600433370,550510752,1049922618
2020/9/18 20:48,1600433310,891528504,708904806
2020/9/18 20:47,1600433250,807379016,793054234
2020/9/18 20:46,1600433190,910050240,690382950
2020/9/18 20:45,1600433130,924664352,675768778
2020/9/18 20:44,1600433070,894004792,706428278
2020/9/18 20:43,1600433010,824131816,776301194
2020/9/18 20:42,1600432950,754820464,845612486
2020/9/18 20:41,1600432890,729833952,870598938
2020/9/18 20:40,1600432830,714181848,886250982
2020/9/18 20:39,1600432770,697683120,902749650
2020/9/18 20:38,1600432710,662668968,937763742
2020/9/18 20:37,1600432650,992924560,607508090
2020/9/18 20:36,1600432590,1030753832,569678758
2020/9/18 20:35,1600432530,923777112,676655418
2020/9/18 20:34,1600432470,904761456,695671014
2020/9/18 20:33,1600432410,827089656,773342754
2020/9/18 20:32,1600432350,1012065032,588367318
2020/9/18 20:31,1600432290,829984448,770447842
2020/9/18 20:30,1600432230,1123099760,477332470
2020/9/18 20:29,1600432170,801076648,799355522
2020/9/18 20:28,1600432110,707016464,893415646
2020/9/18 20:27,1600432050,981282784,619149266
2020/9/18 20:26,1600431990,740104416,860327574
2020/9/18 20:25,1600431930,669659432,930772498
2020/9/18 20:24,1600431870,618190760,982241110
2020/9/18 20:23,1600431810,667047944,933383866
2020/9/18 20:22,1600431750,1147592368,452839382
2020/9/18 20:21,1600431690,1074057800,526373890
2020/9/18 20:20,1600431630,604662784,995768846
2020/9/18 20:19,1600431570,572538272,1027893298
2020/9/18 20:18,1600431510,810675176,789756334
2020/9/18 20:17,1600431450,863917568,736513882
2020/9/18 20:16,1600431390,771341584,829089806
2020/9/18 20:15,1600431330,702664456,897766874
2020/9/18 20:14,1600431270,679626552,920804718
2020/9/18 20:13,1600431210,610456600,989974610
2020/9/18 20:12,1600431150,1005380320,595050830
2020/9/18 20:11,1600431090,892372288,708058802
2020/9/18 20:10,1600431030,821422928,779008102
2020/9/18 20:09,1600430970,646211744,954219226
2020/9/18 20:08,1600430910,800875600,799555310
2020/9/18 20:07,1600430850,767565960,832864890
2020/9/18 20:06,1600430790,722681664,877749126
2020/9/18 20:05,1600430730,985518392,614912338
2020/9/18 20:04,1600430670,950768432,649662238
2020/9/18 20:03,1600430610,834662792,765767818
2020/9/18 20:02,1600430550,618934728,981495822
2020/9/18 20:01,1600430490,971529632,628900858
2020/9/18 20:00,1600430430,916803024,683627406
2020/9/18 19:59,1600430370,888702872,711727498
2020/9/18 19:58,1600430310,857611768,742818542
2020/9/18 19:57,1600430250,788283960,812146290
2020/9/18 19:56,1600430190,865702768,734727422
2020/9/18 19:55,1600430130,596085936,1004344194
2020/9/18 19:54,1600430070,960271912,640158158
2020/9/18 19:53,1600430010,717479592,882950418
2020/9/18 19:52,1600429950,639688160,960741790
2020/9/18 19:51,1600429890,823730736,776699154
2020/9/18 19:50,1600429830,640889688,959540142
2020/9/18 19:49,1600429770,893179056,707250714
2020/9/18 19:48,1600429710,692102136,908327574
2020/9/18 19:47,1600429650,550553584,1049876066
2020/9/18 19:46,1600429590,755110152,845319438
2020/9/18 19:45,1600429530,525208472,1075221058
2020/9/18 19:44,1600429470,718680440,881749030
2020/9/18 19:43,1600429410,1019344392,581085018
2020/9/18 19:42,1600429350,925667600,674761750
2020/9/18 19:41,1600429290,823126008,777303282
2020/9/18 19:40,1600429230,693260072,907169158
2020/9/18 19:39,1600429170,1034732392,565696778
2020/9/18 19:38,1600429110,928155784,672273326
2020/9/18 19:37,1600429050,567964168,1032464882
2020/9/18 19:36,1600428990,1291781880,308647110
2020/9/18 19:35,1600428930,1172224712,428204218
2020/9/18 19:34,1600428870,1043782000,556646870
2020/9/18 19:33,1600428810,946108976,654319834
2020/9/18 19:32,1600428750,769204712,831224038
2020/9/18 19:31,1600428690,646919456,953509234
2020/9/18 19:30,1600428630,847613592,752815038
2020/9/18 19:29,1600428570,605045272,995383298
2020/9/18 19:28,1600428510,1028409360,572019150
2020/9/18 19:27,1600428450,1121221960,479206490
2020/9/18 19:26,1600428390,912630664,687797726
2020/9/18 19:25,1600428330,861779984,738648346
2020/9/18 19:24,1600428270,645111888,955316382
2020/9/18 19:23,1600428210,576588368,1023839842
2020/9/18 19:22,1600428150,942714912,657713238
2020/9/18 19:21,1600428090,680693752,919734338
2020/9/18 19:20,1600428030,846770304,753657726
2020/9/18 19:19,1600427970,623439944,976988026
2020/9/18 19:18,1600427910,586062512,1014365398
2020/9/18 19:17,1600427850,695361208,905066642
2020/9/18 19:16,1600427790,1059002464,541425326
2020/9/18 19:15,1600427730,607700424,992727306
2020/9/18 19:14,1600427670,819009928,781417742
2020/9/18 19:13,1600427610,900363504,700064106
2020/9/18 19:12,1600427550,664295640,936131910
2020/9/18 19:11,1600427490,944079456,656348034
2020/9/18 19:10,1600427430,1232752272,367675158
2020/9/18 19:09,1600427370,1176157056,424270314
2020/9/18 19:08,1600427310,898003072,702424238
2020/9/18 19:07,1600427250,905149320,695277930
2020/9/18 19:06,1600427190,697193968,903233222
2020/9/18 19:05,1600427130,1010039152,590387978
2020/9/18 19:04,1600427070,875892104,724534966
2020/9/18 19:03,1600427010,698779776,901647234
2020/9/18 19:02,1600426950,734937560,865489390
2020/9/18 19:01,1600426890,899701352,700725538
2020/9/18 19:00,1600426830,1088684616,511742214
2020/9/18 18:59,1600426770,740386304,860040466
2020/9/18 18:58,1600426710,731119640,869307070
2020/9/18 18:57,1600426650,649548152,950878498
2020/9/18 18:56,1600426590,913216368,687210222
2020/9/18 18:55,1600426530,990670384,609756146
2020/9/18 18:54,1600426470,923592392,676834078
2020/9/18 18:53,1600426410,665924960,934501450
2020/9/18 18:52,1600426350,604875096,995551254
2020/9/18 18:51,1600426290,1063311248,537115042
2020/9/18 18:50,1600426230,822431576,777994654
2020/9/18 18:49,1600426170,866659160,733767010
2020/9/18 18:48,1600426110,803830360,796595750
2020/9/18 18:47,1600426050,659336952,941089098
2020/9/18 18:46,1600425990,826077816,774348174
2020/9/18 18:45,1600425930,591981960,1008443970
2020/9/18 18:44,1600425870,664819312,935606558
2020/9/18 18:43,1600425810,1070264864,530160946
2020/9/18 18:42,1600425750,849961584,750464166
2020/9/18 18:41,1600425690,997982080,602443610
2020/9/18 18:40,1600425630,888720968,711704662
2020/9/18 18:39,1600425570,873592904,726832666
2020/9/18 18:38,1600425510,926815336,673610174
2020/9/18 18:37,1600425450,580734952,1019690498
2020/9/18 18:36,1600425390,573056912,1027368478
2020/9/18 18:35,1600425330,1086775368,513649962
2020/9/18 18:34,1600425270,879984112,720441158
2020/9/18 18:33,1600425210,840709280,759715930
2020/9/18 18:32,1600425150,749463864,850961286
2020/9/18 18:31,1600425090,1001848864,598576226
2020/9/18 18:30,1600425030,942690608,657734422
2020/9/18 18:29,1600424970,874793448,725631522
2020/9/18 18:28,1600424910,758450824,841974086
2020/9/18 18:27,1600424850,601165752,999259098
2020/9/18 18:26,1600424790,889889896,710534894
2020/9/18 18:25,1600424730,846102440,754322290
2020/9/18 18:24,1600424670,782018544,818406126
2020/9/18 18:23,1600424611,720474880,879949731
2020/9/18 18:22,1600424550,1001481016,598943534
2020/9/18 18:21,1600424490,871216728,729207762
2020/9/18 18:20,1600424430,1344091912,256332518
2020/9/18 18:19,1600424370,1283067528,317356842
2020/9/18 18:18,1600424310,1211227112,389197198
2020/9/18 18:17,1600424250,1066792608,533631642
2020/9/18 18:16,1600424190,844404304,756019886
2020/9/18 18:15,1600424130,1037347696,563076434
2020/9/18 18:14,1600424070,836337208,764086862
2020/9/18 18:13,1600424010,779018096,821405914
2020/9/18 18:12,1600423950,1045701800,554722150
2020/9/18 18:11,1600423890,917639632,682784258
2020/9/18 18:10,1600423830,898632144,701791686
2020/9/18 18:09,1600423770,772128048,828295722
2020/9/18 18:08,1600423710,828066752,772356958
2020/9/18 18:07,1600423650,774529528,825894122
2020/9/18 18:06,1600423590,600303792,1000119798
2020/9/18 18:05,1600423530,663268064,937155466
2020/9/18 18:04,1600423470,590334696,1010088774
2020/9/18 18:03,1600423410,724742560,875680850
2020/9/18 18:02,1600423350,885370808,715052542
2020/9/18 18:01,1600423290,820584184,779839106
2020/9/18 18:00,1600423230,655861408,944561822
2020/9/18 17:59,1600423170,578254224,1022168946
2020/9/18 17:58,1600423110,921486656,678936454
2020/9/18 17:57,1600423050,801102624,799320426
2020/9/18 17:56,1600422990,645153200,955269790
2020/9/18 17:55,1600422930,957188648,643234282
2020/9/18 17:54,1600422870,803276144,797146726
2020/9/18 17:53,1600422810,1134451944,465970866
2020/9/18 17:52,1600422750,822512160,777910590
2020/9/18 17:51,1600422690,896009280,704413410
2020/9/18 17:50,1600422630,902083952,698338678
2020/9/18 17:49,1600422570,825085384,775337186
2020/9/18 17:48,1600422510,942564248,657858262
2020/9/18 17:47,1600422450,632908448,967514002
2020/9/18 17:46,1600422390,648218400,952203990
2020/9/18 17:45,1600422330,1183339920,417082410
2020/9/18 17:44,1600422270,547241704,1053180566
2020/9/18 17:43,1600422210,1232549680,367872530
2020/9/18 17:42,1600422150,730602096,869820054
2020/9/18 17:41,1600422090,1173301576,427120514
2020/9/18 17:40,1600422030,807350656,793071374
2020/9/18 17:39,1600421970,678369336,922052634
2020/9/18 17:38,1600421910,1012482208,587939702
2020/9/18 17:37,1600421850,914804664,685617186
2020/9/18 17:36,1600421790,952617760,647804030
2020/9/18 17:35,1600421730,853530960,746890770
2020/9/18 17:34,1600421670,947971440,652450230
2020/9/18 17:33,1600421610,836263128,764158482
2020/9/18 17:32,1600421550,731849544,868572006
2020/9/18 17:31,1600421490,578956168,1021465322
2020/9/18 17:30,1600421430,1288200336,312221094
2020/9/18 17:29,1600421370,1216171864,384249506
2020/9/18 17:28,1600421310,1082791352,517629958
2020/9/18 17:27,1600421250,631220624,969200626
2020/9/18 17:26,1600421190,602404968,998016222
2020/9/18 17:25,1600421130,677773912,922647218
2020/9/18 17:24,1600421070,609589720,990831350
2020/9/18 17:23,1600421010,562075320,1038345690
2020/9/18 17:22,1600420950,800585048,799835902
2020/9/18 17:21,1600420890,827320760,773100130
2020/9/18 17:20,1600420830,745649920,854770910
2020/9/18 17:19,1600420770,727431296,872989474
2020/9/18 17:18,1600420710,697112816,903307894
2020/9/18 17:17,1600420650,1277359240,323061410
2020/9/18 17:16,1600420590,1144405912,456014678
2020/9/18 17:15,1600420530,1059503464,540917066
2020/9/18 17:14,1600420470,1029003232,571417238
2020/9/18 17:13,1600420410,966279144,634141266
2020/9/18 17:12,1600420350,923872304,676548046
2020/9/18 17:11,1600420290,695195656,905224634
2020/9/18 17:10,1600420230,715748736,884671494
2020/9/18 17:09,1600420170,553397848,1047022322
2020/9/18 17:08,1600420110,930037928,670382182
2020/9/18 17:07,1600420050,836780672,763639378
2020/9/18 17:06,1600419990,704958488,895461502
2020/9/18 17:05,1600419930,652922184,947497746
2020/9/18 17:04,1600419870,715014128,885405742
2020/9/18 17:03,1600419810,597877520,1002542290
2020/9/18 17:02,1600419750,933142792,667276958
2020/9/18 17:01,1600419690,971110680,629309010
2020/9/18 17:00,1600419630,860539560,739880070
2020/9/18 16:59,1600419570,815014528,785405042
2020/9/18 16:58,1600419510,1015384496,585035014
2020/9/18 16:57,1600419450,877342080,723077370
2020/9/18 16:56,1600419390,771852856,828566534
2020/9/18 16:55,1600419330,753483304,846936026
2020/9/18 16:54,1600419270,902485120,697934150
2020/9/18 16:53,1600419210,606382192,994037018
2020/9/18 16:52,1600419150,1067036920,533382230
2020/9/18 16:51,1600419090,933176504,667242586
2020/9/18 16:50,1600419030,976271696,624147334
2020/9/18 16:49,1600418970,860561920,739857050
2020/9/18 16:48,1600418910,690755440,909663470
2020/9/18 16:47,1600418850,854541368,745877482
2020/9/18 16:46,1600418790,779543120,820875670
2020/9/18 16:45,1600418730,1100845744,499572986
2020/9/18 16:44,1600418670,769162528,831256142
2020/9/18 16:43,1600418610,1167478376,432940234
2020/9/18 16:42,1600418550,724236032,876182518
2020/9/18 16:41,1600418490,798230944,802187546
2020/9/18 16:40,1600418430,1066686936,533731494
2020/9/18 16:39,1600418370,860622648,739795722
2020/9/18 16:38,1600418310,835255112,765163198
2020/9/18 16:37,1600418250,681787008,918631242
2020/9/18 16:36,1600418190,578771464,1021646726
2020/9/18 16:35,1600418130,553148368,1047269762
2020/9/18 16:34,1600418070,1167516952,432901118
2020/9/18 16:33,1600418010,1302857536,297560474
2020/9/18 16:32,1600417950,717457752,882960198
2020/9/18 16:31,1600417890,647737376,952680514
2020/9/18 16:30,1600417830,600272800,1000145030
2020/9/18 16:29,1600417770,989412672,611005098
2020/9/18 16:28,1600417710,949584720,650832990
2020/9/18 16:27,1600417650,938283240,662134410
2020/9/18 16:26,1600417590,750749128,849668462
2020/9/18 16:25,1600417530,694063848,906353682
2020/9/18 16:24,1600417470,1247362264,353055206
2020/9/18 16:23,1600417410,931624840,668792570
2020/9/18 16:22,1600417350,712097920,888319430
2020/9/18 16:21,1600417290,625363944,975053346
2020/9/18 16:20,1600417230,559140032,1041277198
2020/9/18 16:19,1600417170,1109339200,491077970
2020/9/18 16:18,1600417110,1020446600,579970510
2020/9/18 16:17,1600417050,873445576,726971474
2020/9/18 16:16,1600416990,804958272,795458718
2020/9/18 16:15,1600416930,1047742088,552674842
2020/9/18 16:14,1600416870,913618624,686798246
2020/9/18 16:13,1600416810,965762512,634654298
2020/9/18 16:12,1600416751,766384624,834032127
2020/9/18 16:11,1600416690,963497144,636919546
2020/9/18 16:10,1600416630,744115200,856301430
2020/9/18 16:09,1600416570,608240728,992175842
2020/9/18 16:08,1600416510,1150359624,450056886
2020/9/18 16:07,1600416450,977282136,623134314
2020/9/18 16:06,1600416390,805623440,794792950
2020/9/18 16:05,1600416330,1006083824,594332506
2020/9/18 16:04,1600416270,929787200,670629070
2020/9/18 16:03,1600416210,1063867752,536548458
2020/9/18 16:02,1600416150,1044901896,555514254
2020/9/18 16:01,1600416090,549806216,1050609874
2020/9/18 16:00,1600416030,970188992,630227038
2020/9/18 15:59,1600415970,679082920,921333050
2020/9/18 15:58,1600415910,828995792,771420118
2020/9/18 15:57,1600415850,841508680,758907170
2020/9/18 15:56,1600415790,703132840,897282950
2020/9/18 15:55,1600415730,874841040,725574690
2020/9/18 15:54,1600415670,567554144,1032861526
2020/9/18 15:53,1600415610,514205584,1086210026
2020/9/18 15:52,1600415550,1150509928,449905622
2020/9/18 15:51,1600415490,1038779736,561635754
2020/9/18 15:50,1600415430,901779840,698635590
2020/9/18 15:49,1600415370,793360120,807055250
2020/9/18 15:48,1600415310,710420640,889994670
2020/9/18 15:47,1600415250,723181224,877234026
2020/9/18 15:46,1600415190,607434552,992980638
2020/9/18 15:45,1600415130,486184688,1114230442
2020/9/18 15:44,1600415070,600147392,1000267678
2020/9/18 15:43,1600415010,832645752,767769258
2020/9/18 15:42,1600414950,691195224,909219726
2020/9/18 15:41,1600414890,722048256,878366634
2020/9/18 15:40,1600414830,880114808,720300022
2020/9/18 15:39,1600414770,608129576,992285194
2020/9/18 15:38,1600414710,881316240,719098470
2020/9/18 15:37,1600414650,622853496,977561154
2020/9/18 15:36,1600414590,726548360,873866230
2020/9/18 15:35,1600414530,955513984,644900546
2020/9/18 15:34,1600414470,772750800,827663670
2020/9/18 15:33,1600414410,673444328,926970082
2020/9/18 15:32,1600414350,1092744760,507669590
2020/9/18 15:31,1600414290,807237504,793176786
2020/9/18 15:30,1600414230,565851224,1034563006
2020/9/18 15:29,1600414170,483949976,1116464194
2020/9/18 15:28,1600414110,704613912,895800198
2020/9/18 15:27,1600414050,553130328,1047283722
2020/9/18 15:26,1600413990,657616040,942797950
2020/9/18 15:25,1600413930,680711864,919702066
2020/9/18 15:24,1600413870,718524640,881889230
2020/9/18 15:23,1600413810,649731088,950682722
2020/9/18 15:22,1600413750,952328992,648084758
2020/9/18 15:21,1600413690,664085936,936327754
2020/9/18 15:20,1600413630,612103248,988310382
2020/9/18 15:19,1600413570,797333896,803079674
2020/9/18 15:18,1600413510,546414504,1053999006
2020/9/18 15:17,1600413450,792797160,807616290
2020/9/18 15:16,1600413390,583906896,1016506494
2020/9/18 15:15,1600413330,1007767064,592646266
2020/9/18 15:14,1600413270,889208016,711205254
2020/9/18 15:13,1600413210,778773440,821639770
2020/9/18 15:12,1600413150,713723368,886689782
2020/9/18 15:11,1600413090,884270504,716142586
2020/9/18 15:10,1600413030,800859568,799553462
2020/9/18 15:09,1600412970,646768192,953644778
2020/9/18 15:08,1600412910,541363504,1059049406
2020/9/18 15:07,1600412850,1052600056,547812794
2020/9/18 15:06,1600412790,1000690936,599721854
2020/9/18 15:05,1600412730,696517896,903894834
2020/9/18 15:04,1600412670,907231416,693181254
2020/9/18 15:03,1600412610,841359512,759053098
2020/9/18 15:02,1600412550,527075328,1073337222
2020/9/18 15:01,1600412490,1145072816,455339674
2020/9/18 15:00,1600412430,1100174472,500237958
2020/9/18 14:59,1600412370,1162651432,437760938
2020/9/18 14:58,1600412310,910178880,690233430
2020/9/18 14:57,1600412250,548922840,1051489410
2020/9/18 14:56,1600412190,559639656,1040772534
2020/9/18 14:55,1600412130,668924688,931487442
2020/9/18 14:54,1600412070,524355552,1076056518
2020/9/18 14:53,1600412010,812308640,788103370
2020/9/18 14:52,1600411950,742629024,857782926
2020/9/18 14:51,1600411890,645711048,954700842
2020/9/18 14:50,1600411830,572367736,1028044094
2020/9/18 14:49,1600411770,1268766832,331644938
2020/9/18 14:48,1600411710,638006728,962404982
2020/9/18 14:47,1600411650,1263714832,336696818
2020/9/18 14:46,1600411590,837731232,762680358
2020/9/18 14:45,1600411530,737081344,863330186
2020/9/18 14:44,1600411470,865347600,735063870
2020/9/18 14:43,1600411410,707523520,892887890
2020/9/18 14:42,1600411350,807489560,792921790
2020/9/18 14:41,1600411290,538610448,1061800842
2020/9/18 14:40,1600411230,488197792,1112213438
2020/9/18 14:39,1600411170,611261320,989149850
2020/9/18 14:38,1600411110,525456808,1074954302
2020/9/18 14:37,1600411050,1002575472,597835578
2020/9/18 14:36,1600410990,906329864,694081126
2020/9/18 14:35,1600410930,777512384,822898546
2020/9/18 14:34,1600410870,681857088,918553782
2020/9/18 14:33,1600410810,656460096,943950714
2020/9/18 14:32,1600410750,568804608,1031606142
2020/9/18 14:31,1600410690,526102720,1074307970
2020/9/18 14:30,1600410630,468772400,1131638230
2020/9/18 14:29,1600410570,723257288,877153282
2020/9/18 14:28,1600410510,807118656,793291854
2020/9/18 14:27,1600410450,604068656,996341794
2020/9/18 14:26,1600410390,721699680,878710710
2020/9/18 14:25,1600410330,577316272,1023094058
2020/9/18 14:24,1600410270,774921552,825488718
2020/9/18 14:23,1600410210,641901592,958508618
2020/9/18 14:22,1600410150,973202432,627207718
2020/9/18 14:21,1600410090,525107584,1075302506
2020/9/18 14:20,1600410030,696910528,903499502
2020/9/18 14:19,1600409970,632112984,968296986
2020/9/18 14:18,1600409910,969694072,630715838
2020/9/18 14:17,1600409850,735724720,864685130
2020/9/18 14:16,1600409790,558856480,1041553310
2020/9/18 14:15,1600409730,956366752,644042978
2020/9/18 14:14,1600409670,891219536,709190134
2020/9/18 14:13,1600409610,719676288,880733322
2020/9/18 14:12,1600409550,858684448,741725102
2020/9/18 14:11,1600409490,714575424,885834066
2020/9/18 14:10,1600409430,611580416,988829014
2020/9/18 14:09,1600409370,940402040,660007330
2020/9/18 14:08,1600409310,731084280,869325030
2020/9/18 14:07,1600409250,793082224,807327026
2020/9/18 14:06,1600409190,887649256,712759934
2020/9/18 14:05,1600409130,702342832,898066298
2020/9/18 14:04,1600409070,941200032,659209038
2020/9/18 14:03,1600409010,786483984,813925026
2020/9/18 14:02,1600408950,881368176,719040774
2020/9/18 14:01,1600408890,550160008,1050248882
2020/9/18 14:00,1600408830,1176647016,423761814
2020/9/18 13:59,1600408770,1072554232,527854538
2020/9/18 13:58,1600408710,936318072,664090638
2020/9/18 13:57,1600408650,971693464,628715186
2020/9/18 13:56,1600408590,983531872,616876718
2020/9/18 13:55,1600408530,877352512,723056018
2020/9/18 13:54,1600408470,656970776,943437694
2020/9/18 13:53,1600408410,734651784,865756626
2020/9/18 13:52,1600408350,992726280,607682070
2020/9/18 13:51,1600408290,700156584,900251706
2020/9/18 13:50,1600408230,671164280,929243950
2020/9/18 13:49,1600408170,529893032,1070515138
2020/9/18 13:48,1600408110,894300920,706107190
2020/9/18 13:47,1600408050,656304248,944103802
2020/9/18 13:46,1600407990,936889432,663518558
2020/9/18 13:45,1600407930,857364000,743043930
2020/9/18 13:44,1600407870,533712312,1066695558
2020/9/18 13:43,1600407810,828297192,772110618
2020/9/18 13:42,1600407750,705537280,894870470
2020/9/18 13:41,1600407690,641062312,959345378
2020/9/18 13:40,1600407630,710549912,889857718
2020/9/18 13:39,1600407570,509058912,1091348658
2020/9/18 13:38,1600407510,809516936,790890574
2020/9/18 13:37,1600407450,927262424,673145026
2020/9/18 13:36,1600407390,650545480,949861910
2020/9/18 13:35,1600407330,767227080,833180250
2020/9/18 13:34,1600407270,643718608,956688662
2020/9/18 13:33,1600407210,462562632,1137844578
2020/9/18 13:32,1600407150,628891728,971515422
2020/9/18 13:31,1600407090,529105424,1071301666
2020/9/18 13:30,1600407030,968165144,632241886
2020/9/18 13:29,1600406970,930235272,670171698
2020/9/18 13:28,1600406910,608103400,992303510
2020/9/18 13:27,1600406850,526110840,1074296010
2020/9/18 13:26,1600406790,1070202256,530204534
2020/9/18 13:25,1600406730,596280568,1004126162
2020/9/18 13:24,1600406670,482496288,1117910382
2020/9/18 13:23,1600406610,944657200,655749410
2020/9/18 13:22,1600406550,578572704,1021833846
2020/9/18 13:21,1600406490,512977376,1087429114
2020/9/18 13:20,1600406430,928740800,671665630
2020/9/18 13:19,1600406370,684019760,916386610
2020/9/18 13:18,1600406310,817127160,783279150
2020/9/18 13:17,1600406250,500143640,1100262610
2020/9/18 13:16,1600406190,488218872,1112187318
2020/9/18 13:15,1600406130,1102203912,498202218
2020/9/18 13:14,1600406070,1006209296,594196774
2020/9/18 13:13,1600406010,932647584,667758426
2020/9/18 13:12,1600405950,676217056,924188894
2020/9/18 13:11,1600405890,573155976,1027249914
2020/9/18 13:10,1600405830,508495920,1091909910
2020/9/18 13:09,1600405770,849519272,750886498
2020/9/18 13:08,1600405710,685651720,914753990
2020/9/18 13:07,1600405650,577744096,1022661554
2020/9/18 13:06,1600405590,707750128,892655462
2020/9/18 13:05,1600405530,682747304,917658226
2020/9/18 13:04,1600405470,745183880,855221590
2020/9/18 13:03,1600405410,657709744,942695666
2020/9/18 13:02,1600405350,529244384,1071160966
2020/9/18 13:01,1600405290,742347272,858058018
2020/9/18 13:00,1600405230,724213192,876192038
2020/9/18 12:59,1600405170,762359448,838045722
2020/9/18 12:58,1600405110,866625616,733779494
2020/9/18 12:57,1600405050,803789448,796615602
2020/9/18 12:56,1600404990,589112416,1011292574
2020/9/18 12:55,1600404930,616944360,983460570
2020/9/18 12:54,1600404870,658198672,942206198
2020/9/18 12:53,1600404810,571522960,1028881850
2020/9/18 12:52,1600404750,574078784,1026325966
2020/9/18 12:51,1600404690,732905896,867498794
2020/9/18 12:50,1600404630,568308664,1032095966
2020/9/18 12:49,1600404570,850138592,750265978
2020/9/18 12:48,1600404510,721334136,879070374
2020/9/18 12:47,1600404450,590391400,1010013050
2020/9/18 12:46,1600404390,767064856,833339534
2020/9/18 12:45,1600404330,800972880,799431450
2020/9/18 12:44,1600404270,521684512,1078719758
2020/9/18 12:43,1600404210,1030142000,570262210
2020/9/18 12:42,1600404150,988533672,611870478
2020/9/18 12:41,1600404090,939755752,660648338
2020/9/18 12:40,1600404030,900754120,699649910
2020/9/18 12:39,1600403970,841935224,758468746
2020/9/18 12:38,1600403910,718922864,881481046
2020/9/18 12:37,1600403850,682638216,917765634
2020/9/18 12:36,1600403790,615848240,984555550
2020/9/18 12:35,1600403730,963885040,636518690
2020/9/18 12:34,1600403670,612907496,987496174
2020/9/18 12:33,1600403610,823446904,776956706
2020/9/18 12:32,1600403550,762386440,838017110
2020/9/18 12:31,1600403490,548839600,1051563890
2020/9/18 12:30,1600403430,1192925208,407478222
2020/9/18 12:29,1600403370,1054625992,545777378
2020/9/18 12:28,1600403310,962402280,638001030
2020/9/18 12:27,1600403250,799648872,800754378
2020/9/18 12:26,1600403190,523102424,1077300766
2020/9/18 12:25,1600403130,955277360,645125770
2020/9/18 12:24,1600403070,754059216,846343854
2020/9/18 12:23,1600403010,642896408,957506602
2020/9/18 12:22,1600402950,1017397120,583005830
2020/9/18 12:21,1600402890,760097312,840305578
2020/9/18 12:20,1600402830,915440832,684961998
2020/9/18 12:19,1600402770,777094904,823307866
2020/9/18 12:18,1600402710,713237912,887164798
2020/9/18 12:17,1600402650,722057416,878345234
2020/9/18 12:16,1600402590,666611336,933791254
2020/9/18 12:15,1600402530,578166680,1022235850
2020/9/18 12:14,1600402470,838791200,761611270
2020/9/18 12:13,1600402410,1009687184,590715226
2020/9/18 12:12,1600402350,910602712,689799638
2020/9/18 12:11,1600402290,774176656,826225634
2020/9/18 12:10,1600402230,1031415992,568986238
2020/9/18 12:09,1600402170,802999144,797403026
2020/9/18 12:08,1600402110,734521624,865880486
2020/9/18 12:07,1600402050,573789792,1026612258
2020/9/18 12:06,1600401990,1062475352,537926638
2020/9/18 12:05,1600401930,743316112,857085818
2020/9/18 12:04,1600401870,486403088,1113998782
2020/9/18 12:03,1600401810,841349760,759052050
2020/9/18 12:02,1600401750,653137920,947263830
2020/9/18 12:01,1600401690,598603176,1001798514
2020/9/18 12:00,1600401630,689764768,910636862
2020/9/18 11:59,1600401570,678960296,921441274
2020/9/18 11:58,1600401510,550622928,1049778582
2020/9/18 11:57,1600401450,1294199792,306201658
2020/9/18 11:56,1600401390,1189352344,411049046
2020/9/18 11:55,1600401330,689764384,910636946
2020/9/18 11:54,1600401270,496261392,1104139878
2020/9/18 11:53,1600401210,941818872,658582338
2020/9/18 11:52,1600401150,666336968,934064182
2020/9/18 11:51,1600401090,500056728,1100344362
2020/9/18 11:50,1600401030,520861648,1079539382
2020/9/18 11:49,1600400970,802983280,797417690
2020/9/18 11:48,1600400910,681105560,919295350
2020/9/18 11:47,1600400850,810147504,790253346
2020/9/18 11:46,1600400790,712372368,888028422
2020/9/18 11:45,1600400730,689829000,910571730
2020/9/18 11:44,1600400670,766953744,833446926
2020/9/18 11:43,1600400610,704837480,895563130
2020/9/18 11:42,1600400550,669910616,930489934
2020/9/18 11:41,1600400490,515271552,1085128938
2020/9/18 11:40,1600400430,922196328,678204102
2020/9/18 11:39,1600400370,820356928,780043442
2020/9/18 11:38,1600400310,637998696,962401614
2020/9/18 11:37,1600400250,581092400,1019307850
2020/9/18 11:36,1600400190,798816744,801583446
2020/9/18 11:35,1600400130,789632192,810767938
2020/9/18 11:34,1600400070,866407176,733992894
2020/9/18 11:33,1600400010,740418672,859981338
2020/9/18 11:32,1600399950,685892464,914507486
2020/9/18 11:31,1600399890,1263346368,337053522
2020/9/18 11:30,1600399830,555513320,1044886510
2020/9/18 11:29,1600399770,740587824,859811946
2020/9/18 11:28,1600399710,694815008,905584702
2020/9/18 11:27,1600399650,500108592,1100291058
2020/9/18 11:26,1600399590,794243456,806156134
2020/9/18 11:25,1600399530,734280136,866119394
2020/9/18 11:24,1600399470,560243848,1040155622
2020/9/18 11:23,1600399410,934517768,665881642
2020/9/18 11:22,1600399350,799202760,801196590
2020/9/18 11:21,1600399290,604543512,995855778
2020/9/18 11:20,1600399230,748416248,851982982
2020/9/18 11:19,1600399170,585913112,1014486058
2020/9/18 11:18,1600399110,528247968,1072151142
2020/9/18 11:17,1600399050,780578248,819820802
2020/9/18 11:16,1600398990,595938136,1004460854
2020/9/18 11:15,1600398930,501587032,1098811898
2020/9/18 11:14,1600398870,1297831312,302567558
2020/9/18 11:13,1600398810,761990344,838408466
2020/9/18 11:12,1600398750,666049232,934349518
2020/9/18 11:11,1600398690,963678784,636719906
2020/9/18 11:10,1600398630,499900744,1100497886
2020/9/18 11:09,1600398570,1012381296,588017274
2020/9/18 11:08,1600398510,636605544,963792966
2020/9/18 11:07,1600398450,1277864432,322534018
2020/9/18 11:06,1600398390,1106192160,494206230
2020/9/18 11:05,1600398330,846350464,754047866
2020/9/18 11:04,1600398270,529128064,1071270206
2020/9/18 11:03,1600398210,882673432,717724778
2020/9/18 11:02,1600398150,730637360,869760790
2020/9/18 11:01,1600398090,682905728,917492362
2020/9/18 11:00,1600398030,1040347528,560050502
2020/9/18 10:59,1600397970,896954544,703443426
2020/9/18 10:58,1600397910,926569104,673828806
2020/9/18 10:57,1600397850,524544816,1075853034
2020/9/18 10:56,1600397790,818800040,781597750
2020/9/18 10:55,1600397730,584792080,1015605650
2020/9/18 10:54,1600397670,516052112,1084345558
2020/9/18 10:53,1600397610,708894256,891503354
2020/9/18 10:52,1600397550,627395680,973001870
2020/9/18 10:51,1600397490,526859416,1073538074
2020/9/18 10:50,1600397430,759431744,840965686
2020/9/18 10:49,1600397370,627928568,972468802
2020/9/18 10:48,1600397310,471795800,1128601510
2020/9/18 10:47,1600397250,683600592,916796658
2020/9/18 10:46,1600397190,589035136,1011362054
2020/9/18 10:45,1600397130,496295728,1104101402
2020/9/18 10:44,1600397070,663359912,937037158
2020/9/18 10:43,1600397010,563094160,1037302850
2020/9/18 10:42,1600396950,768727488,831669462
2020/9/18 10:41,1600396890,506800936,1093595954
2020/9/18 10:40,1600396830,688749240,911647590
2020/9/18 10:39,1600396770,638165552,962231218
2020/9/18 10:38,1600396710,701131192,899265518
2020/9/18 10:37,1600396650,617908232,982488418
2020/9/18 10:36,1600396590,515523360,1084873230
2020/9/18 10:35,1600396530,691474816,908921714
2020/9/18 10:34,1600396470,585756040,1014640430
2020/9/18 10:33,1600396410,544135584,1056260826
2020/9/18 10:32,1600396350,484908416,1115487934
2020/9/18 10:31,1600396290,685831104,914565186
2020/9/18 10:30,1600396230,707887984,892508246
2020/9/18 10:29,1600396170,1127049744,473346426
2020/9/18 10:28,1600396110,964867088,635529022
2020/9/18 10:27,1600396050,720904920,879491130
2020/9/18 10:26,1600395990,596418056,1003977934
2020/9/18 10:25,1600395930,520827216,1079568714
2020/9/18 10:24,1600395870,621207240,979188630
2020/9/18 10:23,1600395810,623619776,976776034
2020/9/18 10:22,1600395750,667879040,932516710
2020/9/18 10:21,1600395690,551137152,1049258538
2020/9/18 10:20,1600395630,507617488,1092778142
2020/9/18 10:19,1600395570,693091456,907304114
2020/9/18 10:18,1600395510,507622752,1092772758
2020/9/18 10:17,1600395450,627678024,972717426
2020/9/18 10:16,1600395390,606230608,994164782
2020/9/18 10:15,1600395330,684003040,916392290
2020/9/18 10:14,1600395270,604457376,995937894
2020/9/18 10:13,1600395210,889057592,711337618
2020/9/18 10:12,1600395150,877498496,722896654
2020/9/18 10:11,1600395090,698300888,902094202
2020/9/18 10:10,1600395030,1221629600,378765430
2020/9/18 10:09,1600394970,706429568,893965402
2020/9/18 10:08,1600394910,1005471400,594923510
2020/9/18 10:07,1600394850,775353656,825041194
2020/9/18 10:06,1600394790,623672384,976722406
2020/9/18 10:05,1600394730,782721840,817672890
2020/9/18 10:04,1600394670,680910992,919483678
2020/9/18 10:03,1600394610,665676880,934717730
2020/9/18 10:02,1600394550,798048296,802346254
2020/9/18 10:01,1600394490,632557976,967836514
2020/9/18 10:00,1600394430,584714432,1015679998
2020/9/18 09:59,1600394370,772199880,828194490
2020/9/18 09:58,1600394310,686338272,914056038
2020/9/18 09:57,1600394250,490431424,1109962826
2020/9/18 09:56,1600394190,755791264,844602926
2020/9/18 09:55,1600394130,568455688,1031938442
2020/9/18 09:54,1600394070,699747912,900646158
2020/9/18 09:53,1600394010,620242592,980151418
2020/9/18 09:52,1600393950,588010896,1012383054
2020/9/18 09:51,1600393890,457611040,1142782850
2020/9/18 09:50,1600393830,540098240,1060295590
2020/9/18 09:49,1600393770,499985312,1100408458
2020/9/18 09:48,1600393710,710072528,890321182
2020/9/18 09:47,1600393650,584320016,1016073634
2020/9/18 09:46,1600393590,705475928,894917662
2020/9/18 09:45,1600393530,481622352,1118771178
2020/9/18 09:44,1600393470,449324352,1151069118
2020/9/18 09:43,1600393410,652015256,948378154
2020/9/18 09:42,1600393350,645393472,954999878
2020/9/18 09:41,1600393290,891848664,708544626
2020/9/18 09:40,1600393230,640722792,959670438
2020/9/18 09:39,1600393170,733473624,866919546
2020/9/18 09:38,1600393110,492474664,1107918446
2020/9/18 09:37,1600393050,1175843152,424549898
2020/9/18 09:36,1600392990,568316032,1032076958
2020/9/18 09:35,1600392930,483079576,1117313354
2020/9/18 09:34,1600392870,709041584,891351286
2020/9/18 09:33,1600392810,776117816,824274994
2020/9/18 09:32,1600392750,548521216,1051871534
2020/9/18 09:31,1600392690,712114408,888278282
2020/9/18 09:30,1600392630,635930440,964462190
2020/9/18 09:29,1600392570,580435024,1019957546
2020/9/18 09:28,1600392510,447786872,1152605638
2020/9/18 09:27,1600392450,615314616,985077834
2020/9/18 09:26,1600392390,811442776,788949614
2020/9/18 09:25,1600392330,698589768,901802562
2020/9/18 09:24,1600392270,607837144,992555126
2020/9/18 09:23,1600392210,627376672,973015538
2020/9/18 09:22,1600392150,767258232,833133918
2020/9/18 09:21,1600392090,531632912,1068759178
2020/9/18 09:20,1600392030,497491248,1102900782
2020/9/18 09:19,1600391970,661295800,939096170
2020/9/18 09:18,1600391910,810186016,790205894
2020/9/18 09:17,1600391850,529369704,1071022146
2020/9/18 09:16,1600391790,753635800,846755990
2020/9/18 09:15,1600391730,647449304,952942426
2020/9/18 09:14,1600391670,512556944,1087834726
2020/9/18 09:13,1600391610,492923048,1107468562
2020/9/18 09:12,1600391550,729238960,871152590
2020/9/18 09:11,1600391490,679270048,921121442
2020/9/18 09:10,1600391430,817331424,783060006
2020/9/18 09:09,1600391370,450525792,1149865578
2020/9/18 09:08,1600391310,437032784,1163358526
2020/9/18 09:07,1600391250,691768672,908622578
2020/9/18 09:06,1600391190,584163664,1016227526
2020/9/18 09:05,1600391130,611252880,989138250
2020/9/18 09:04,1600391070,637883480,962507590
2020/9/18 09:03,1600391010,555627752,1044763258
2020/9/18 09:02,1600390950,570257656,1030133294
2020/9/18 09:01,1600390890,636407704,963983186
2020/9/18 09:00,1600390830,470026536,1130364294
2020/9/18 08:59,1600390770,741144824,859245946
2020/9/18 08:58,1600390710,567856480,1032534230
2020/9/18 08:57,1600390650,620576584,979814066
2020/9/18 08:56,1600390590,508557232,1091833358
2020/9/18 08:55,1600390530,759330152,841060378
2020/9/18 08:54,1600390470,582889744,1017500726
2020/9/18 08:53,1600390410,665036136,935354274
2020/9/18 08:52,1600390350,630529552,969860798
2020/9/18 08:51,1600390290,652537112,947853178
2020/9/18 08:50,1600390230,473946664,1126443566
2020/9/18 08:49,1600390170,539500728,1060889442
2020/9/18 08:48,1600390110,412627576,1187762534
2020/9/18 08:47,1600390050,613796928,986593122
2020/9/18 08:46,1600389990,546788272,1053601718
2020/9/18 08:45,1600389930,685127632,915262298
2020/9/18 08:44,1600389870,538114856,1062275014
2020/9/18 08:43,1600389810,632645088,967744722
2020/9/18 08:42,1600389750,722945776,877443974
2020/9/18 08:41,1600389690,657200440,943189250
2020/9/18 08:40,1600389630,628895568,971494062
2020/9/18 08:39,1600389570,683427808,916961762
2020/9/18 08:38,1600389510,739183056,861206454
2020/9/18 08:37,1600389450,784932624,815456826
2020/9/18 08:36,1600389390,620690584,979698806
2020/9/18 08:35,1600389330,536884800,1063504530
2020/9/18 08:34,1600389270,429591080,1170798190
2020/9/18 08:33,1600389210,730893664,869495546
2020/9/18 08:32,1600389150,660425096,939964054
2020/9/18 08:31,1600389090,562805960,1037583130
2020/9/18 08:30,1600389030,784053000,816336030
2020/9/18 08:29,1600388970,767350880,833038090
2020/9/18 08:28,1600388910,704082016,896306894
2020/9/18 08:27,1600388850,527402752,1072986098
2020/9/18 08:26,1600388790,565059568,1035329222
2020/9/18 08:25,1600388730,458714856,1141673874
2020/9/18 08:24,1600388670,924814832,675573838
2020/9/18 08:23,1600388610,859366288,741022322
2020/9/18 08:22,1600388550,625020784,975367766
2020/9/18 08:21,1600388490,561150128,1039238362
2020/9/18 08:20,1600388430,675420048,924968382
2020/9/18 08:19,1600388370,477727944,1122660426
2020/9/18 08:18,1600388310,535365032,1065023278
2020/9/18 08:17,1600388250,708804104,891584146
2020/9/18 08:16,1600388190,753068440,847319750
2020/9/18 08:15,1600388130,555374880,1045013250
2020/9/18 08:14,1600388070,712696136,887691934
2020/9/18 08:13,1600388010,643115448,957272562
2020/9/18 08:12,1600387950,493608808,1106779142
2020/9/18 08:11,1600387890,668491832,931896058
2020/9/18 08:10,1600387830,501490552,1098897278
2020/9/18 08:09,1600387770,640412776,959974994
2020/9/18 08:08,1600387710,539331440,1061056270
2020/9/18 08:07,1600387650,404603264,1195784386
2020/9/18 08:06,1600387590,627482608,972904982
2020/9/18 08:05,1600387530,607467704,992919826
2020/9/18 08:04,1600387470,689362600,911024870
2020/9/18 08:03,1600387410,476707632,1123679778
2020/9/18 08:02,1600387350,888914312,711473038
2020/9/18 08:01,1600387290,794847224,805540066
2020/9/18 08:00,1600387230,586875080,1013512150
2020/9/18 07:59,1600387170,461006696,1139380474
2020/9/18 07:58,1600387110,420012232,1180374878
2020/9/18 07:57,1600387050,627128616,973258434
2020/9/18 07:56,1600386990,474777392,1125609598
2020/9/18 07:55,1600386930,732926616,867460314
2020/9/18 07:54,1600386870,575210248,1025176622
2020/9/18 07:53,1600386810,520891680,1079495130
2020/9/18 07:52,1600386750,640193992,960192758
2020/9/18 07:51,1600386690,595575696,1004810994
2020/9/18 07:50,1600386630,792887120,807499510
2020/9/18 07:49,1600386570,704983552,895403018
2020/9/18 07:48,1600386510,579744952,1020641558
2020/9/18 07:47,1600386450,709578928,890807522
2020/9/18 07:46,1600386390,785077776,815308614
2020/9/18 07:45,1600386330,716513024,883873306
2020/9/18 07:44,1600386270,695205352,905180918
2020/9/18 07:43,1600386210,585596592,1014789618
2020/9/18 07:42,1600386150,628853600,971532550
2020/9/18 07:41,1600386090,562195072,1038191018
2020/9/18 07:40,1600386030,487112592,1113273438
2020/9/18 07:39,1600385970,628027960,972358010
2020/9/18 07:38,1600385910,593155104,1007230806
2020/9/18 07:37,1600385850,667037944,933347906
2020/9/18 07:36,1600385790,471248472,1129137318
2020/9/18 07:35,1600385730,431825768,1168559962
2020/9/18 07:34,1600385670,689700824,910684846
2020/9/18 07:33,1600385610,799711352,800674258
2020/9/18 07:32,1600385550,727698624,872686926
2020/9/18 07:31,1600385490,619808016,980577474
2020/9/18 07:30,1600385430,697716640,902668790
2020/9/18 07:29,1600385370,790393768,809991602
2020/9/18 07:28,1600385311,515190264,1085195047
2020/9/18 07:27,1600385250,524208088,1076177162
2020/9/18 07:26,1600385190,699082288,901302902
2020/9/18 07:25,1600385130,484723992,1115661138
2020/9/18 07:24,1600385070,656982752,943402318
2020/9/18 07:23,1600385010,729667032,870717978
2020/9/18 07:22,1600384950,1185670288,414714662
2020/9/18 07:21,1600384890,647379416,953005474
2020/9/18 07:20,1600384830,669415032,930969798
2020/9/18 07:19,1600384770,767906056,832478714
2020/9/18 07:18,1600384710,735110584,865274126
2020/9/18 07:17,1600384650,645876424,954508226
2020/9/18 07:16,1600384590,715309136,885075454
2020/9/18 07:15,1600384530,458135184,1142249346
2020/9/18 07:14,1600384470,667131272,933253198
2020/9/18 07:13,1600384410,528453504,1071930906
2020/9/18 07:12,1600384350,468376376,1132007974
2020/9/18 07:11,1600384290,606551624,993832666
2020/9/18 07:10,1600384230,661938184,938446046
2020/9/18 07:09,1600384170,989169872,611214298
2020/9/18 07:08,1600384110,534592096,1065792014
2020/9/18 07:07,1600384050,804602736,795781314
2020/9/18 07:06,1600383990,429289120,1171094870
2020/9/18 07:05,1600383930,528064392,1072319538
2020/9/18 07:04,1600383870,484666664,1115717206
2020/9/18 07:03,1600383810,459800992,1140582818
2020/9/18 07:02,1600383750,691728952,908654798
2020/9/18 07:01,1600383690,446820488,1153563202
2020/9/18 07:00,1600383630,625449808,974933822
2020/9/18 06:59,1600383570,514307952,1086075618
2020/9/18 06:58,1600383510,662924936,937458574
2020/9/18 06:57,1600383450,833247640,767135810
2020/9/18 06:56,1600383390,597279296,1003104094
2020/9/18 06:55,1600383330,436095056,1164288274
2020/9/18 06:54,1600383270,789312544,811070726
2020/9/18 06:53,1600383210,863703760,736679450
2020/9/18 06:52,1600383150,632654584,967728566
2020/9/18 06:51,1600383090,577195384,1023187706
2020/9/18 06:50,1600383030,526682800,1073700230
2020/9/18 06:49,1600382970,541629512,1058753458
2020/9/18 06:48,1600382910,637372080,963010830
2020/9/18 06:47,1600382850,577185776,1023197074
2020/9/18 06:46,1600382790,493097336,1107285454
2020/9/18 06:45,1600382730,899377264,701005466
2020/9/18 06:44,1600382670,709696176,890686494
2020/9/18 06:43,1600382610,493857936,1106524674
2020/9/18 06:42,1600382550,384950872,1215431678
2020/9/18 06:41,1600382490,623555368,976827122
2020/9/18 06:40,1600382430,572917096,1027465334
2020/9/18 06:39,1600382370,833876272,766506098
2020/9/18 06:38,1600382310,653173072,947209238
2020/9/18 06:37,1600382250,771483112,828899138
2020/9/18 06:36,1600382190,555528224,1044853966
2020/9/18 06:35,1600382130,405380280,1195001850
2020/9/18 06:34,1600382070,721635056,878747014
2020/9/18 06:33,1600382010,660801952,939580058
2020/9/18 06:32,1600381950,586912160,1013469790
2020/9/18 06:31,1600381890,485546272,1114835618
2020/9/18 06:30,1600381830,424369216,1176012614
2020/9/18 06:29,1600381770,619627864,980753906
2020/9/18 06:28,1600381710,551535416,1048846294
2020/9/18 06:27,1600381650,641742304,958639346
2020/9/18 06:26,1600381590,796848592,803532998
2020/9/18 06:25,1600381530,419653640,1180727890
2020/9/18 06:24,1600381470,400885872,1199495598
2020/9/18 06:23,1600381410,440017624,1160363786
2020/9/18 06:22,1600381350,632010432,968370918
2020/9/18 06:21,1600381290,537965768,1062415522
2020/9/18 06:20,1600381230,595607264,1004773966
2020/9/18 06:19,1600381170,483679000,1116702170
2020/9/18 06:18,1600381110,428383816,1171997294
2020/9/18 06:17,1600381050,693915688,906465362
2020/9/18 06:16,1600380990,625467648,974913342
2020/9/18 06:15,1600380930,454504176,1145876754
2020/9/18 06:14,1600380870,543303256,1057077614
2020/9/18 06:13,1600380810,566152288,1034228522
2020/9/18 06:12,1600380750,624597296,975783454
2020/9/18 06:11,1600380690,548025832,1052354858
2020/9/18 06:10,1600380630,656750416,943630214
2020/9/18 06:09,1600380570,571245784,1029134786
2020/9/18 06:08,1600380510,543538728,1056841782
2020/9/18 06:07,1600380450,647500376,952880074
2020/9/18 06:06,1600380390,671031904,929348486
2020/9/18 06:05,1600380330,591361688,1009018642
2020/9/18 06:04,1600380270,605283144,995097126
2020/9/18 06:03,1600380210,626420856,973959354
2020/9/18 06:02,1600380150,499510856,1100869294
2020/9/18 06:01,1600380090,729166480,871213610
2020/9/18 06:00,1600380030,478670048,1121709982
2020/9/18 05:59,1600379970,730465424,869914546
2020/9/18 05:58,1600379910,955941472,644438438
2020/9/18 05:57,1600379850,506786664,1093593186
2020/9/18 05:56,1600379790,644800576,955579214
2020/9/18 05:55,1600379730,540759064,1059620666
2020/9/18 05:54,1600379670,876777552,723602118
2020/9/18 05:53,1600379610,618365224,982014386
2020/9/18 05:52,1600379550,429156336,1171223214
2020/9/18 05:51,1600379490,890625136,709754354
2020/9/18 05:50,1600379430,826087528,774291902
2020/9/18 05:49,1600379370,622387032,977992338
2020/9/18 05:48,1600379310,768181944,832197366
2020/9/18 05:47,1600379250,491004008,1109375242
2020/9/18 05:46,1600379190,692171168,908208022
2020/9/18 05:45,1600379130,553341104,1047038026
2020/9/18 05:44,1600379070,483649344,1116729726
2020/9/18 05:43,1600379010,403271352,1197107658
2020/9/18 05:42,1600378950,722139696,878239254
2020/9/18 05:41,1600378890,624936192,975442698
2020/9/18 05:40,1600378830,519546376,1080832454
2020/9/18 05:39,1600378770,501991096,1098387674
2020/9/18 05:38,1600378710,437974088,1162404622
2020/9/18 05:37,1600378650,459419056,1140959594
2020/9/18 05:36,1600378590,693835400,906543190
2020/9/18 05:35,1600378530,657226280,943152250
2020/9/18 05:34,1600378470,530495624,1069882846
2020/9/18 05:33,1600378410,615543104,984835306
2020/9/18 05:32,1600378350,658493352,941884998
2020/9/18 05:31,1600378290,384586776,1215791514
2020/9/18 05:30,1600378230,790946016,809432214
2020/9/18 05:29,1600378170,635575352,964802818
2020/9/18 05:28,1600378110,687634712,912743398
2020/9/18 05:27,1600378050,434610488,1165767562
2020/9/18 05:26,1600377990,658919864,941458126
2020/9/18 05:25,1600377930,651577208,948800722
2020/9/18 05:24,1600377870,525605232,1074772638
2020/9/18 05:23,1600377810,500630504,1099747306
2020/9/18 05:22,1600377750,466400072,1133977678
2020/9/18 05:21,1600377690,700174976,900202714
2020/9/18 05:20,1600377630,593305080,1007072550
2020/9/18 05:19,1600377570,368651976,1231725594
2020/9/18 05:18,1600377510,956209368,644168142
2020/9/18 05:17,1600377450,861080744,739296706
2020/9/18 05:16,1600377390,626649368,973728022
2020/9/18 05:15,1600377330,489983744,1110393586
2020/9/18 05:14,1600377270,519808752,1080568518
2020/9/18 05:13,1600377210,470430968,1129946242
2020/9/18 05:12,1600377150,504062136,1096315014
2020/9/18 05:11,1600377090,575962152,1024414938
2020/9/18 05:10,1600377030,471351568,1129025462
2020/9/18 05:09,1600376970,1109471312,490905658
2020/9/18 05:08,1600376910,849178808,751198102
2020/9/18 05:07,1600376850,506816000,1093560850
2020/9/18 05:06,1600376790,775751256,824625534
2020/9/18 05:05,1600376730,694163192,906213538
2020/9/18 05:04,1600376670,599751944,1000624726
2020/9/18 05:03,1600376610,808782672,791593938
2020/9/18 05:02,1600376550,562645464,1037731086
2020/9/18 05:01,1600376490,418751592,1181624898
2020/9/18 05:00,1600376430,899517008,700859422
2020/9/18 04:59,1600376370,675401952,924974418
2020/9/18 04:58,1600376310,445521920,1154854390
2020/9/18 04:57,1600376250,681563072,918813178
2020/9/18 04:56,1600376190,501284928,1099091262
2020/9/18 04:55,1600376130,593672560,1006703570
2020/9/18 04:54,1600376070,457859200,1142516870
2020/9/18 04:53,1600376010,765450520,834925490
2020/9/18 04:52,1600375950,798305064,802070886
2020/9/18 04:51,1600375890,609184200,991191690
2020/9/18 04:50,1600375830,520196992,1080178838
2020/9/18 04:49,1600375770,598582472,1001793298
2020/9/18 04:48,1600375710,632209632,968166078
2020/9/18 04:47,1600375650,385900112,1214475538
2020/9/18 04:46,1600375590,743222488,857153102
2020/9/18 04:45,1600375530,620163672,980211858
2020/9/18 04:44,1600375470,485796808,1114578662
2020/9/18 04:43,1600375410,832799208,767576202
2020/9/18 04:42,1600375350,597786376,1002588974
2020/9/18 04:41,1600375290,552022600,1048352690
2020/9/18 04:40,1600375230,558444256,1041930974
2020/9/18 04:39,1600375170,717856200,882518970
2020/9/18 04:38,1600375110,559424272,1040950838
2020/9/18 04:37,1600375050,746723192,853651858
2020/9/18 04:36,1600374990,511513968,1088861022
2020/9/18 04:35,1600374930,452680256,1147694674
2020/9/18 04:34,1600374870,704319312,896055558
2020/9/18 04:33,1600374810,612833952,987540858
2020/9/18 04:32,1600374750,385410824,1214963926
2020/9/18 04:31,1600374690,909362368,691012322
2020/9/18 04:30,1600374630,838595536,761779094
2020/9/18 04:29,1600374570,467224416,1133150154
2020/9/18 04:28,1600374510,473820424,1126554086
2020/9/18 04:27,1600374450,825575080,774799370
2020/9/18 04:26,1600374390,461018368,1139356022
2020/9/18 04:25,1600374330,569740536,1030633794
2020/9/18 04:24,1600374270,966848048,633526222
2020/9/18 04:23,1600374210,373906920,1226467290
2020/9/18 04:22,1600374150,457242008,1143132142
2020/9/18 04:21,1600374090,671597432,928776658
2020/9/18 04:20,1600374030,521441936,1078932094
2020/9/18 04:19,1600373970,474550536,1125823434
2020/9/18 04:18,1600373911,776172056,824201855
2020/9/18 04:17,1600373850,696576672,903797178
2020/9/18 04:16,1600373790,494704928,1105668862
2020/9/18 04:15,1600373730,686898560,913475170
2020/9/18 04:14,1600373670,549418872,1050954798
2020/9/18 04:13,1600373610,425521232,1174852378
2020/9/18 04:12,1600373550,826962344,773411206
2020/9/18 04:11,1600373490,693459504,906913986
2020/9/18 04:10,1600373430,1127856848,472516582
2020/9/18 04:09,1600373370,797084600,803288770
2020/9/18 04:08,1600373310,572446224,1027927086
2020/9/18 04:07,1600373250,714492968,885880282
2020/9/18 04:06,1600373190,858812576,741560614
2020/9/18 04:05,1600373130,1067206000,533167130
2020/9/18 04:04,1600373070,657423848,942949222
2020/9/18 04:03,1600373010,567879216,1032493794
2020/9/18 04:02,1600372950,427274448,1173098502
2020/9/18 04:01,1600372890,490485728,1109887162
2020/9/18 04:00,1600372830,751799192,848573638
2020/9/18 03:59,1600372770,809123640,791249130
2020/9/18 03:58,1600372710,738367104,862005606
2020/9/18 03:57,1600372650,391282944,1209089706
2020/9/18 03:56,1600372590,1129371056,471001534
2020/9/18 03:55,1600372530,1013534176,586838354
2020/9/18 03:54,1600372470,956778808,643593662
2020/9/18 03:53,1600372410,935558488,664813922
2020/9/18 03:52,1600372350,507785752,1092586598
2020/9/18 03:51,1600372290,587946624,1012425666
2020/9/18 03:50,1600372230,548213256,1052158974
2020/9/18 03:49,1600372170,524533048,1075839122
2020/9/18 03:48,1600372110,642427520,957944590
2020/9/18 03:47,1600372050,431424488,1168947562
2020/9/18 03:46,1600371990,676235816,924136174
2020/9/18 03:45,1600371930,476777864,1123594066
2020/9/18 03:44,1600371870,766879896,833491974
2020/9/18 03:43,1600371810,590388168,1009983642
2020/9/18 03:42,1600371750,396577536,1203794214
2020/9/18 03:41,1600371690,501716976,1098654714
2020/9/18 03:40,1600371630,470126104,1130245526
2020/9/18 03:39,1600371570,409981784,1190389786
2020/9/18 03:38,1600371510,375827344,1224544166
2020/9/18 03:37,1600371450,603918920,996452530
2020/9/18 03:36,1600371390,446540584,1153830806
2020/9/18 03:35,1600371330,347625128,1252746202
2020/9/18 03:34,1600371270,447695160,1152676110
2020/9/18 03:33,1600371210,408406056,1191965154
2020/9/18 03:32,1600371150,548639584,1051731566
2020/9/18 03:31,1600371090,686059968,914311122
2020/9/18 03:30,1600371030,561610160,1038760870
2020/9/18 03:29,1600370970,469865440,1130505530
2020/9/18 03:28,1600370910,551688288,1048682622
2020/9/18 03:27,1600370850,486169392,1114201458
2020/9/18 03:26,1600370790,769383904,830986886
2020/9/18 03:25,1600370730,668225840,932144890
2020/9/18 03:24,1600370670,562059456,1038311214
2020/9/18 03:23,1600370610,368711016,1231659594
2020/9/18 03:22,1600370550,433497912,1166872638
2020/9/18 03:21,1600370490,724995224,875375266
2020/9/18 03:20,1600370430,571634944,1028735486
2020/9/18 03:19,1600370370,515179360,1085191010
2020/9/18 03:18,1600370310,396554544,1203815766
2020/9/18 03:17,1600370250,402333312,1198036938
2020/9/18 03:16,1600370190,616119752,984250438
2020/9/18 03:15,1600370130,530814728,1069555402
2020/9/18 03:14,1600370070,474925672,1125444398
2020/9/18 03:13,1600370010,471215728,1129154282
2020/9/18 03:12,1600369950,761918936,838451014
2020/9/18 03:11,1600369890,734734184,865635706
2020/9/18 03:10,1600369830,1230568408,369801422
2020/9/18 03:09,1600369770,416604904,1183764866
2020/9/18 03:08,1600369710,651079496,949290214
2020/9/18 03:07,1600369650,792965360,807404290
2020/9/18 03:06,1600369590,453641008,1146728582
2020/9/18 03:05,1600369530,465632112,1134737418
2020/9/18 03:04,1600369470,564739784,1035629686
2020/9/18 03:03,1600369410,435184264,1165185146
2020/9/18 03:02,1600369350,673509472,926859878
2020/9/18 03:01,1600369290,713809000,886560290
2020/9/18 03:00,1600369230,611070560,989298670
2020/9/18 02:59,1600369170,438256984,1162112186
2020/9/18 02:58,1600369110,865183984,735185126
2020/9/18 02:57,1600369050,608279096,992089954
2020/9/18 02:56,1600368990,684181504,916187486
2020/9/18 02:55,1600368930,484001600,1116367330
2020/9/18 02:54,1600368870,418898680,1181470190
2020/9/18 02:53,1600368810,574646120,1025722690
2020/9/18 02:52,1600368750,428460848,1171907902
2020/9/18 02:51,1600368690,672207880,928160810
2020/9/18 02:50,1600368630,432436352,1167932278
2020/9/18 02:49,1600368570,411897088,1188471482
2020/9/18 02:48,1600368510,786050704,814317806
2020/9/18 02:47,1600368450,477984184,1122384266
2020/9/18 02:46,1600368390,840036576,760331814
2020/9/18 02:45,1600368330,781158984,819209346
2020/9/18 02:44,1600368270,683569088,916799182
2020/9/18 02:43,1600368210,552680480,1047687730
2020/9/18 02:42,1600368150,421621192,1178746958
2020/9/18 02:41,1600368090,805439000,794929090
2020/9/18 02:40,1600368030,495121744,1105246286
2020/9/18 02:39,1600367970,933295064,667072906
2020/9/18 02:38,1600367910,715015712,885352198
2020/9/18 02:37,1600367850,659860584,940507266
2020/9/18 02:36,1600367790,410802576,1189565214
2020/9/18 02:35,1600367730,971367800,628999930
2020/9/18 02:34,1600367670,840623568,759744102
2020/9/18 02:33,1600367610,751519976,848847634
2020/9/18 02:32,1600367550,630335328,970032222
2020/9/18 02:31,1600367490,1091965880,508401610
2020/9/18 02:30,1600367430,801245712,799121718
2020/9/18 02:29,1600367370,729041784,871325586
2020/9/18 02:28,1600367310,407322552,1193044758
2020/9/18 02:27,1600367250,580795848,1019571402
2020/9/18 02:26,1600367190,445506632,1154860558
2020/9/18 02:25,1600367130,379472792,1220894338
2020/9/18 02:24,1600367070,571537472,1028829598
2020/9/18 02:23,1600367010,408996016,1191370994
2020/9/18 02:22,1600366950,675391904,924975046
2020/9/18 02:21,1600366890,413547024,1186819866
2020/9/18 02:20,1600366830,660067488,940299342
2020/9/18 02:19,1600366770,598467072,1001899698
2020/9/18 02:18,1600366710,767344096,833022614
2020/9/18 02:17,1600366650,573279608,1027087042
2020/9/18 02:16,1600366590,832982392,767384198
2020/9/18 02:15,1600366530,387070488,1213296042
2020/9/18 02:14,1600366470,599614776,1000751694
2020/9/18 02:13,1600366410,451364344,1149002066
2020/9/18 02:12,1600366350,694735304,905631046
2020/9/18 02:11,1600366290,516450904,1083915386
2020/9/18 02:10,1600366230,807079560,793286670
2020/9/18 02:09,1600366170,603045856,997320314
2020/9/18 02:08,1600366110,452721064,1147645046
2020/9/18 02:07,1600366050,655870952,944495098
2020/9/18 02:06,1600365990,496633680,1103732310
2020/9/18 02:05,1600365930,372819728,1227546202
2020/9/18 02:04,1600365870,761412080,838953790
2020/9/18 02:03,1600365810,680380528,919985282
2020/9/18 02:02,1600365750,524380544,1075985206
2020/9/18 02:01,1600365690,490769992,1109595698
2020/9/18 02:00,1600365630,574265288,1026100342
2020/9/18 01:59,1600365570,558444496,1041921074
2020/9/18 01:58,1600365510,481431120,1118934390
2020/9/18 01:57,1600365450,416791008,1183574442
2020/9/18 01:56,1600365390,433046496,1167318894
2020/9/18 01:55,1600365330,626004528,974360802
2020/9/18 01:54,1600365270,576278632,1024086638
2020/9/18 01:53,1600365210,443363584,1157001626
2020/9/18 01:52,1600365150,407153352,1193211798
2020/9/18 01:51,1600365090,381124912,1219240178
2020/9/18 01:50,1600365030,839570368,760794662
2020/9/18 01:49,1600364970,642142464,958222506
2020/9/18 01:48,1600364910,498861936,1101502974
2020/9/18 01:47,1600364850,821428280,778936570
2020/9/18 01:46,1600364790,681241928,919122862
2020/9/18 01:45,1600364730,397971808,1202392922
2020/9/18 01:44,1600364670,816839584,783525086
2020/9/18 01:43,1600364610,666810928,933553682
2020/9/18 01:42,1600364550,482331752,1118032798
2020/9/18 01:41,1600364490,638578864,961785626
2020/9/18 01:40,1600364430,529015168,1071349262
2020/9/18 01:39,1600364370,443250496,1157113874
2020/9/18 01:38,1600364310,780236024,820128286
2020/9/18 01:37,1600364250,962421616,637942634
2020/9/18 01:36,1600364190,370420864,1229943326
2020/9/18 01:35,1600364130,546835424,1053528706
2020/9/18 01:34,1600364070,1106866008,493498062
2020/9/18 01:33,1600364010,858448016,741915994
2020/9/18 01:32,1600363950,923073808,677290142
2020/9/18 01:31,1600363890,617588536,982775354
2020/9/18 01:30,1600363830,650463176,949900654
2020/9/18 01:29,1600363770,591654160,1008709610
2020/9/18 01:28,1600363710,501858776,1098504934
2020/9/18 01:27,1600363650,944884328,655479322
2020/9/18 01:26,1600363590,658169544,942194046
2020/9/18 01:25,1600363530,541145160,1059218370
2020/9/18 01:24,1600363470,686475752,913887718
2020/9/18 01:23,1600363410,560488216,1039875194
2020/9/18 01:22,1600363350,594228152,1006135198
2020/9/18 01:21,1600363290,617602720,982760570
2020/9/18 01:20,1600363230,449574720,1150788510
2020/9/18 01:19,1600363170,408279376,1192083794
2020/9/18 01:18,1600363110,492956600,1107406510
2020/9/18 01:17,1600363050,404219776,1196143274
2020/9/18 01:16,1600362990,428968880,1171394110
2020/9/18 01:15,1600362930,504193992,1096168938
2020/9/18 01:14,1600362870,380017544,1220345326
2020/9/18 01:13,1600362810,339104456,1261258354
2020/9/18 01:12,1600362750,532156016,1068206734
2020/9/18 01:11,1600362690,736124440,864238250
2020/9/18 01:10,1600362630,585442888,1014919742
2020/9/18 01:09,1600362570,446657200,1153705370
2020/9/18 01:08,1600362510,636843856,963518654
2020/9/18 01:07,1600362450,616921048,983441402
2020/9/18 01:06,1600362390,547060832,1053301558
2020/9/18 01:05,1600362330,427164616,1173197714
2020/9/18 01:04,1600362270,688998824,911363446
2020/9/18 01:03,1600362210,593932296,1006429914
2020/9/18 01:02,1600362150,481715536,1118646614
2020/9/18 01:01,1600362090,719430848,880931242
2020/9/18 01:00,1600362030,601397328,998964702
2020/9/18 00:59,1600361970,352808136,1247553834
2020/9/18 00:58,1600361910,940157512,660204398
2020/9/18 00:57,1600361850,617260064,983101786
2020/9/18 00:56,1600361790,341357472,1259004318
2020/9/18 00:55,1600361730,873658024,726703706
2020/9/18 00:54,1600361670,843454112,756907558
2020/9/18 00:53,1600361610,775977016,824384594
2020/9/18 00:52,1600361550,576866736,1023494814
2020/9/18 00:51,1600361490,549714280,1050647210
2020/9/18 00:50,1600361430,671306152,929055278
2020/9/18 00:49,1600361370,626792104,973569266
2020/9/18 00:48,1600361310,437787824,1162573486
2020/9/18 00:47,1600361250,747190240,853171010
2020/9/18 00:46,1600361190,524356056,1076005134
2020/9/18 00:45,1600361130,387184352,1213176778
2020/9/18 00:44,1600361070,336803792,1263557278
2020/9/18 00:43,1600361010,651747920,948613090
2020/9/18 00:42,1600360950,355282088,1245078862
2020/9/18 00:41,1600360890,478724816,1121636074
2020/9/18 00:40,1600360830,362535152,1237825678
2020/9/18 00:39,1600360770,576343168,1024017602
2020/9/18 00:38,1600360710,432429304,1167931406
2020/9/18 00:37,1600360650,599037936,1001322714
2020/9/18 00:36,1600360590,374986424,1225374166
2020/9/18 00:35,1600360530,671130056,929230474
2020/9/18 00:34,1600360470,426989568,1173370902
2020/9/18 00:33,1600360410,777074232,823286178
2020/9/18 00:32,1600360350,580570704,1019789646
2020/9/18 00:31,1600360290,511485304,1088874986
2020/9/18 00:30,1600360230,975832544,624527686
2020/9/18 00:29,1600360170,809729152,790631018
2020/9/18 00:28,1600360110,483651984,1116708126
2020/9/18 00:27,1600360050,904277848,696082202
2020/9/18 00:26,1600359990,674370400,925989590
2020/9/18 00:25,1600359930,988688632,611671298
2020/9/18 00:24,1600359870,918823432,681536438
2020/9/18 00:23,1600359810,862111600,738248210
2020/9/18 00:22,1600359750,724081960,876277790
2020/9/18 00:21,1600359690,781508368,818851322
2020/9/18 00:20,1600359630,719486008,880873622
2020/9/18 00:19,1600359570,665559632,934799938
2020/9/18 00:18,1600359510,488632304,1111727206
2020/9/18 00:17,1600359450,674614464,925744986
2020/9/18 00:16,1600359390,535272256,1065087134
2020/9/18 00:15,1600359330,420578808,1179780522
2020/9/18 00:14,1600359270,394524200,1205835070
2020/9/18 00:13,1600359210,408223800,1192135410
2020/9/18 00:12,1600359150,479254912,1121104238
2020/9/18 00:11,1600359090,894277872,706081218
2020/9/18 00:10,1600359030,565172800,1035186230
2020/9/18 00:09,1600358970,427589688,1172769282
2020/9/18 00:08,1600358910,518024096,1082334814
2020/9/18 00:07,1600358850,383291064,1217067786
2020/9/18 00:06,1600358790,373524576,1226834214
2020/9/18 00:05,1600358730,652912408,947446322
2020/9/18 00:04,1600358670,709981960,890376710
2020/9/18 00:03,1600358610,585360352,1014998258
2020/9/18 00:02,1600358550,565644056,1034714494
2020/9/18 00:01,1600358490,699405032,900953458
2020/9/18 00:00,1600358430,454903824,1145454606
2020/9/17 23:59,1600358370,359329272,1241029098
2020/9/17 23:58,1600358310,701602992,898755318
2020/9/17 23:57,1600358250,635449056,964909194
2020/9/17 23:56,1600358190,359840920,1240517270
2020/9/17 23:55,1600358131,718981784,881376347
2020/9/17 23:54,1600358070,508499384,1091858686
2020/9/17 23:53,1600358010,734419592,865938418
2020/9/17 23:52,1600357950,553081864,1047276086
2020/9/17 23:51,1600357890,588529320,1011828570
2020/9/17 23:50,1600357830,472304456,1128053374
2020/9/17 23:49,1600357770,743206280,857151490
2020/9/17 23:48,1600357710,399072440,1201285270
2020/9/17 23:47,1600357650,509945312,1090412338
2020/9/17 23:46,1600357590,764332808,836024782
2020/9/17 23:45,1600357530,602823512,997534018
2020/9/17 23:44,1600357470,342933376,1257424094
2020/9/17 23:43,1600357410,279881856,1320475554
2020/9/17 23:42,1600357350,699759232,900598118
2020/9/17 23:41,1600357290,689975496,910381794
2020/9/17 23:40,1600357230,419756208,1180601022
2020/9/17 23:39,1600357170,546940624,1053416546
2020/9/17 23:38,1600357110,620523256,979833854
2020/9/17 23:37,1600357050,529956344,1070400706
2020/9/17 23:36,1600356990,382425640,1217931350
2020/9/17 23:35,1600356930,525884928,1074472002
2020/9/17 23:34,1600356870,426424056,1173932814
2020/9/17 23:33,1600356810,775945976,824410834
2020/9/17 23:32,1600356750,458356736,1142000014
2020/9/17 23:31,1600356690,887214400,713142290
2020/9/17 23:30,1600356630,751726920,848629710
2020/9/17 23:29,1600356570,565142120,1035214450
2020/9/17 23:28,1600356510,821061256,779295254
2020/9/17 23:27,1600356450,584042824,1016313626
2020/9/17 23:26,1600356390,463496496,1136859894
2020/9/17 23:25,1600356330,753516904,846839426
2020/9/17 23:24,1600356270,526377336,1073978934
2020/9/17 23:23,1600356210,446575736,1153780474
2020/9/17 23:22,1600356150,469753520,1130602630
2020/9/17 23:21,1600356090,943546952,656809138
2020/9/17 23:20,1600356030,771403912,828952118
2020/9/17 23:19,1600355970,682081112,918274858
2020/9/17 23:18,1600355910,426595536,1173760374
2020/9/17 23:17,1600355850,681663296,918692554
2020/9/17 23:16,1600355790,559437320,1040918470
2020/9/17 23:15,1600355730,639672368,960683362
2020/9/17 23:14,1600355670,504588280,1095767390
2020/9/17 23:13,1600355610,424915576,1175440034
2020/9/17 23:12,1600355550,560084544,1040271006
2020/9/17 23:11,1600355490,984551384,615804106
2020/9/17 23:10,1600355430,400317488,1200037942
2020/9/17 23:09,1600355370,450598096,1149757274
2020/9/17 23:08,1600355310,683010232,917345078
2020/9/17 23:07,1600355250,364879112,1235476138
2020/9/17 23:06,1600355190,656037104,944318086
2020/9/17 23:05,1600355130,643402640,956952490
2020/9/17 23:04,1600355070,568087024,1032268046
2020/9/17 23:03,1600355010,511312024,1089042986
2020/9/17 23:02,1600354950,356591992,1243762958
2020/9/17 23:01,1600354890,610212256,990142634
2020/9/17 23:00,1600354830,344170424,1256184406
2020/9/17 22:59,1600354770,592247824,1008106946
2020/9/17 22:58,1600354710,602419216,997935494
2020/9/17 22:57,1600354650,443548240,1156806410
2020/9/17 22:56,1600354590,286444504,1313910086
2020/9/17 22:55,1600354530,425711728,1174642802
2020/9/17 22:54,1600354470,324511488,1275842982
2020/9/17 22:53,1600354410,492275736,1108078674
2020/9/17 22:52,1600354350,613866800,986487550
2020/9/17 22:51,1600354290,439870656,1160483634
2020/9/17 22:50,1600354230,314780544,1285573686
2020/9/17 22:49,1600354170,588435864,1011918306
2020/9/17 22:48,1600354110,499264624,1101089486
2020/9/17 22:47,1600354050,508687816,1091666234
2020/9/17 22:46,1600353990,651506744,948847246
2020/9/17 22:45,1600353930,714564240,885789690
2020/9/17 22:44,1600353870,578192344,1022161526
2020/9/17 22:43,1600353810,800705568,799648242
2020/9/17 22:42,1600353750,519043608,1081310142
2020/9/17 22:41,1600353690,454905128,1145448562
2020/9/17 22:40,1600353630,413264544,1187089086
2020/9/17 22:39,1600353570,777362128,822991442
2020/9/17 22:38,1600353510,628251048,972102462
2020/9/17 22:37,1600353450,320008216,1280345234
2020/9/17 22:36,1600353390,979602984,620750406
2020/9/17 22:35,1600353330,937786160,662567170
2020/9/17 22:34,1600353270,528503896,1071849374
2020/9/17 22:33,1600353210,790997168,809356042
2020/9/17 22:32,1600353150,548200272,1052152878
2020/9/17 22:31,1600353090,577865912,1022487178
2020/9/17 22:30,1600353030,542223856,1058129174
2020/9/17 22:29,1600352970,326060016,1274292954
2020/9/17 22:28,1600352910,604793336,995559574
2020/9/17 22:27,1600352850,687568752,912784098
2020/9/17 22:26,1600352790,484779200,1115573590
2020/9/17 22:25,1600352730,1012466912,587885818
2020/9/17 22:24,1600352670,471192888,1129159782
2020/9/17 22:23,1600352610,634789544,965563066
2020/9/17 22:22,1600352550,518697992,1081654558
2020/9/17 22:21,1600352490,575462456,1024890034
2020/9/17 22:20,1600352430,347601552,1252750878
2020/9/17 22:19,1600352370,797622752,802729618
2020/9/17 22:18,1600352310,347158496,1253193814
2020/9/17 22:17,1600352250,757205864,843146386
2020/9/17 22:16,1600352190,585628848,1014723342
2020/9/17 22:15,1600352130,804506632,795845498
2020/9/17 22:14,1600352070,410947472,1189404598
2020/9/17 22:13,1600352010,373593576,1226758434
2020/9/17 22:12,1600351950,575161552,1025190398
2020/9/17 22:11,1600351890,508074608,1092277282
2020/9/17 22:10,1600351830,473683600,1126668230
2020/9/17 22:09,1600351770,515300512,1085051258
2020/9/17 22:08,1600351710,274929032,1325422678
2020/9/17 22:07,1600351650,322435768,1277915882
2020/9/17 22:06,1600351590,472034440,1128317150
2020/9/17 22:05,1600351530,440275400,1160076130
2020/9/17 22:04,1600351470,406260424,1194091046
2020/9/17 22:03,1600351410,285990544,1314360866
2020/9/17 22:02,1600351350,466672120,1133679230
2020/9/17 22:01,1600351290,417816872,1182534418
2020/9/17 22:00,1600351230,369355992,1230995238
2020/9/17 21:59,1600351170,479120720,1121230450
2020/9/17 21:58,1600351110,365559088,1234792022
2020/9/17 21:57,1600351050,480730624,1119620426
2020/9/17 21:56,1600350990,415455384,1184895606
2020/9/17 21:55,1600350930,564366144,1035984786
2020/9/17 21:54,1600350870,441555712,1158795158
2020/9/17 21:53,1600350810,395128880,1205221930
2020/9/17 21:52,1600350750,366677592,1233673158
2020/9/17 21:51,1600350690,374342080,1226008610
2020/9/17 21:50,1600350630,361215912,1239134718
2020/9/17 21:49,1600350570,399809472,1200541098
2020/9/17 21:48,1600350510,450462656,1149887854
2020/9/17 21:47,1600350450,624747176,975603274
2020/9/17 21:46,1600350390,672787640,927562750
2020/9/17 21:45,1600350331,437356664,1162993667
2020/9/17 21:44,1600350270,700826720,899523550
2020/9/17 21:43,1600350210,545463168,1054887042
2020/9/17 21:42,1600350150,563585008,1036765142
2020/9/17 21:41,1600350090,297474424,1302875666
2020/9/17 21:40,1600350030,524750080,1075599950
2020/9/17 21:39,1600349970,422843832,1177506138
2020/9/17 21:38,1600349910,352150680,1248199230
2020/9/17 21:37,1600349850,490864680,1109485170
2020/9/17 21:36,1600349790,322034848,1278314942
2020/9/17 21:35,1600349730,503991000,1096358730
2020/9/17 21:34,1600349670,329609744,1270739926
2020/9/17 21:33,1600349610,392947800,1207401810
2020/9/17 21:32,1600349550,480793776,1119555774
2020/9/17 21:31,1600349490,406179712,1194169778
2020/9/17 21:30,1600349430,628310368,972039062
2020/9/17 21:29,1600349370,563934800,1036414570
2020/9/17 21:28,1600349310,414289512,1186059798
2020/9/17 21:27,1600349250,462389136,1137960114
2020/9/17 21:26,1600349190,594019112,1006330078
2020/9/17 21:25,1600349130,563524664,1036824466
2020/9/17 21:24,1600349070,452242784,1148106286
2020/9/17 21:23,1600349010,317270920,1283078090
2020/9/17 21:22,1600348950,298191792,1302157158
2020/9/17 21:21,1600348890,264790528,1335558362
2020/9/17 21:20,1600348830,380281552,1220067278
2020/9/17 21:19,1600348770,452581480,1147767290
2020/9/17 21:18,1600348710,429497064,1170851646
2020/9/17 21:17,1600348650,451933424,1148415226
2020/9/17 21:16,1600348590,260431208,1339917382
2020/9/17 21:15,1600348530,329306080,1271042450
2020/9/17 21:14,1600348470,362496080,1237852390
2020/9/17 21:13,1600348410,384012816,1216335594
2020/9/17 21:12,1600348350,377744352,1222603998
2020/9/17 21:11,1600348290,440728880,1159619410
2020/9/17 21:10,1600348230,335989320,1264358910
2020/9/17 21:09,1600348170,432946576,1167401594
2020/9/17 21:08,1600348110,557931120,1042416990
2020/9/17 21:07,1600348050,354079264,1246268786
2020/9/17 21:06,1600347990,752285704,848062286
2020/9/17 21:05,1600347930,560047408,1040300522
2020/9/17 21:04,1600347870,437305600,1163042270
2020/9/17 21:03,1600347810,947887368,652460442
2020/9/17 21:02,1600347750,702166448,898181302
2020/9/17 21:01,1600347690,444757880,1155589810
2020/9/17 21:00,1600347630,374738032,1225609598
2020/9/17 20:59,1600347570,336228536,1264119034
2020/9/17 20:58,1600347510,544350584,1055996926
2020/9/17 20:57,1600347450,635653128,964694322
2020/9/17 20:56,1600347390,558588144,1041759246
2020/9/17 20:55,1600347330,516464208,1083883122
2020/9/17 20:54,1600347270,354810736,1245536534
2020/9/17 20:53,1600347210,971663328,628683882
2020/9/17 20:52,1600347150,448548912,1151798238
2020/9/17 20:51,1600347090,809675728,790671362
2020/9/17 20:50,1600347030,467182320,1133164710
2020/9/17 20:49,1600346970,894437488,705909482
2020/9/17 20:48,1600346910,751140256,849206654
2020/9/17 20:47,1600346850,769695696,830651154
2020/9/17 20:46,1600346790,798357032,801989758
2020/9/17 20:45,1600346730,403812096,1196534634
2020/9/17 20:44,1600346670,418967352,1181379318
2020/9/17 20:43,1600346610,290416880,1309929730
2020/9/17 20:42,1600346550,438911824,1161434726
2020/9/17 20:41,1600346490,465154328,1135192162
2020/9/17 20:40,1600346430,632980280,967366150
2020/9/17 20:39,1600346370,572352496,1027993874
2020/9/17 20:38,1600346310,535310216,1065036094
2020/9/17 20:37,1600346250,379784336,1220561914
2020/9/17 20:36,1600346190,616558200,983787990
2020/9/17 20:35,1600346130,464588792,1135757338
2020/9/17 20:34,1600346070,350914896,1249431174
2020/9/17 20:33,1600346010,310531552,1289814458
2020/9/17 20:32,1600345950,705388960,894956990
2020/9/17 20:31,1600345890,443505504,1156840386
2020/9/17 20:30,1600345830,420443912,1179901918
2020/9/17 20:29,1600345770,479215680,1121130090
2020/9/17 20:28,1600345710,294073112,1306272598
2020/9/17 20:27,1600345650,569610056,1030735594
2020/9/17 20:26,1600345590,507756784,1092588806
2020/9/17 20:25,1600345530,376295176,1224050354
2020/9/17 20:24,1600345470,322006600,1278338870
2020/9/17 20:23,1600345410,268418320,1331927090
2020/9/17 20:22,1600345350,686880432,913464918
2020/9/17 20:21,1600345290,591050552,1009294738
2020/9/17 20:20,1600345230,540733168,1059612062
2020/9/17 20:19,1600345170,428844328,1171500842
2020/9/17 20:18,1600345110,285021328,1315323782
2020/9/17 20:17,1600345050,345600264,1254744786
2020/9/17 20:16,1600344990,384898568,1215446422
2020/9/17 20:15,1600344930,262647984,1337696946
2020/9/17 20:14,1600344870,595181968,1005162902
2020/9/17 20:13,1600344810,401988152,1198356658
2020/9/17 20:12,1600344750,482166816,1118177934
2020/9/17 20:11,1600344690,401629080,1198715610
2020/9/17 20:10,1600344630,385026616,1215318014
2020/9/17 20:09,1600344570,366377648,1233966922
2020/9/17 20:08,1600344510,464958976,1135385534
2020/9/17 20:07,1600344450,419623920,1180720530
2020/9/17 20:06,1600344390,324520840,1275823550
2020/9/17 20:05,1600344330,298989712,1301354618
2020/9/17 20:04,1600344270,559923888,1040420382
2020/9/17 20:03,1600344210,487506400,1112837810
2020/9/17 20:02,1600344150,409819824,1190524326
2020/9/17 20:01,1600344090,387442032,1212902058
2020/9/17 20:00,1600344030,270441152,1329902878
2020/9/17 19:59,1600343970,319125336,1281218634
2020/9/17 19:58,1600343910,451921632,1148422278
2020/9/17 19:57,1600343850,364755784,1235588066
2020/9/17 19:56,1600343790,563566000,1036777790
2020/9/17 19:55,1600343730,649231192,951112538
2020/9/17 19:54,1600343670,533623064,1066720606
2020/9/17 19:53,1600343610,384989504,1215354106
2020/9/17 19:52,1600343550,314572448,1285771102
2020/9/17 19:51,1600343490,379607408,1220736082
2020/9/17 19:50,1600343430,536721808,1063621622
2020/9/17 19:49,1600343370,424622208,1175721162
2020/9/17 19:48,1600343310,518313024,1082030286
2020/9/17 19:47,1600343250,339534400,1260808850
2020/9/17 19:46,1600343190,560784160,1039559030
2020/9/17 19:45,1600343130,532398664,1067944466
2020/9/17 19:44,1600343070,418277600,1182065470
2020/9/17 19:43,1600343010,300334368,1300008642
2020/9/17 19:42,1600342950,717045808,883297142
2020/9/17 19:41,1600342890,495282320,1105060570
2020/9/17 19:40,1600342830,395246152,1205096678
2020/9/17 19:39,1600342770,367929256,1232413514
2020/9/17 19:38,1600342710,337808048,1262534662
2020/9/17 19:37,1600342650,310352304,1289990346
2020/9/17 19:36,1600342590,271121536,1329221054
2020/9/17 19:35,1600342530,411989792,1188352738
2020/9/17 19:34,1600342470,379530216,1220812254
2020/9/17 19:33,1600342410,343406848,1256935562
2020/9/17 19:32,1600342350,256719400,1343622950
2020/9/17 19:31,1600342290,475788056,1124554234
2020/9/17 19:30,1600342230,399378104,1200964126
2020/9/17 19:29,1600342170,280271344,1320070826
2020/9/17 19:28,1600342110,236864096,1363478014
2020/9/17 19:27,1600342050,425266872,1175075178
2020/9/17 19:26,1600341990,564588536,1035753454
2020/9/17 19:25,1600341930,456248624,1144093306
2020/9/17 19:24,1600341870,311693720,1288648150
2020/9/17 19:23,1600341810,430387128,1169954682
2020/9/17 19:22,1600341750,370424744,1229917006
2020/9/17 19:21,1600341690,394203792,1206137898
2020/9/17 19:20,1600341630,265169128,1335172502
2020/9/17 19:19,1600341570,344474848,1255866722
2020/9/17 19:18,1600341510,352728072,1247613438
2020/9/17 19:17,1600341450,393276800,1207064650
2020/9/17 19:16,1600341390,417296904,1183044486
2020/9/17 19:15,1600341330,314765304,1285576026
2020/9/17 19:14,1600341270,334865816,1265475454
2020/9/17 19:13,1600341210,289773504,1310567706
2020/9/17 19:12,1600341150,327485728,1272855422
2020/9/17 19:11,1600341090,491342848,1108998242
2020/9/17 19:10,1600341030,389597984,1210743046
2020/9/17 19:09,1600340970,284254568,1316086402
2020/9/17 19:08,1600340910,480034208,1120306702
2020/9/17 19:07,1600340850,389563048,1210777802
2020/9/17 19:06,1600340790,522052112,1078288678
2020/9/17 19:05,1600340730,413331760,1187008970
2020/9/17 19:04,1600340670,304985256,1295355414
2020/9/17 19:03,1600340610,346999848,1253340762
2020/9/17 19:02,1600340550,492244568,1108095982
2020/9/17 19:01,1600340490,680396264,919944226
2020/9/17 19:00,1600340430,559271688,1041068742
2020/9/17 18:59,1600340370,564545248,1035795122
2020/9/17 18:58,1600340310,461431480,1138908830
2020/9/17 18:57,1600340250,316156024,1284184226
2020/9/17 18:56,1600340190,409472104,1190868086
2020/9/17 18:55,1600340130,451789888,1148550242
2020/9/17 18:54,1600340070,344068784,1256271286
2020/9/17 18:53,1600340010,537436024,1062903986
2020/9/17 18:52,1600339950,376315960,1224023990
2020/9/17 18:51,1600339890,732341504,867998386
2020/9/17 18:50,1600339830,598919456,1001420374
2020/9/17 18:49,1600339770,414745992,1185593778
2020/9/17 18:48,1600339710,283389912,1316949798
2020/9/17 18:47,1600339650,379718456,1220621194
2020/9/17 18:46,1600339590,558885248,1041454342
2020/9/17 18:45,1600339530,393634000,1206705530
2020/9/17 18:44,1600339470,720418120,879921350
2020/9/17 18:43,1600339410,674864968,925474442
2020/9/17 18:42,1600339350,1035999464,564339886
2020/9/17 18:41,1600339290,950044680,650294610
2020/9/17 18:40,1600339230,508540744,1091798486
2020/9/17 18:39,1600339170,382501112,1217838058
2020/9/17 18:38,1600339110,460834944,1139504166
2020/9/17 18:37,1600339050,538160096,1062178954
2020/9/17 18:36,1600338990,558624208,1041714782
2020/9/17 18:35,1600338930,279565392,1320773538
2020/9/17 18:34,1600338870,572921008,1027417862
2020/9/17 18:33,1600338810,314994456,1285344354
2020/9/17 18:32,1600338750,304346568,1295992182
2020/9/17 18:31,1600338690,216825600,1383513090
2020/9/17 18:30,1600338630,848996176,751342454
2020/9/17 18:29,1600338570,788828776,811509794
2020/9/17 18:28,1600338510,741088152,859250358
2020/9/17 18:27,1600338450,513228544,1087109906
2020/9/17 18:26,1600338390,463312816,1137025574
2020/9/17 18:25,1600338330,598055008,1002283322
2020/9/17 18:24,1600338270,466469272,1133868998
2020/9/17 18:23,1600338210,355212456,1245125754
2020/9/17 18:22,1600338150,667245800,933092350
2020/9/17 18:21,1600338090,523025312,1077312778
2020/9/17 18:20,1600338030,479184200,1121153830
2020/9/17 18:19,1600337970,584950544,1015387426
2020/9/17 18:18,1600337910,723854400,876483510
2020/9/17 18:17,1600337850,483191024,1117146826
2020/9/17 18:16,1600337790,668662400,931675390
2020/9/17 18:15,1600337730,398543560,1201794170
2020/9/17 18:14,1600337670,270453768,1329883902
2020/9/17 18:13,1600337610,361467504,1238870106
2020/9/17 18:12,1600337550,535751424,1064586126
2020/9/17 18:11,1600337490,240172672,1360164818
2020/9/17 18:10,1600337430,314533568,1285803862
2020/9/17 18:09,1600337370,239782608,1360554762
2020/9/17 18:08,1600337310,240100584,1360236726
2020/9/17 18:07,1600337250,350145592,1250191658
2020/9/17 18:06,1600337190,467665568,1132671622
2020/9/17 18:05,1600337130,543688160,1056648970
2020/9/17 18:04,1600337070,407488320,1192848750
2020/9/17 18:03,1600337010,558842432,1041494578
2020/9/17 18:02,1600336950,309725384,1290611566
2020/9/17 18:01,1600336890,459367728,1140969162
2020/9/17 18:00,1600336830,362949288,1237387542
2020/9/17 17:59,1600336770,408888240,1191448530
2020/9/17 17:58,1600336710,364050152,1236286558
2020/9/17 17:57,1600336650,298147336,1302189314
2020/9/17 17:56,1600336590,424217352,1176119238
2020/9/17 17:55,1600336530,390479944,1209856586
2020/9/17 17:54,1600336470,448932976,1151403494
2020/9/17 17:53,1600336410,611607776,988728634
2020/9/17 17:52,1600336350,525801552,1074534798
2020/9/17 17:51,1600336290,415639616,1184696674
2020/9/17 17:50,1600336230,294881904,1305454326
2020/9/17 17:49,1600336170,248328984,1352007186
2020/9/17 17:48,1600336110,420980832,1179355278
2020/9/17 17:47,1600336050,741174840,859161210
2020/9/17 17:46,1600335990,304554592,1295781398
2020/9/17 17:45,1600335930,252664888,1347671042
2020/9/17 17:44,1600335870,203479944,1396855926
2020/9/17 17:43,1600335810,337667864,1262667946
2020/9/17 17:42,1600335750,296352024,1303983726
2020/9/17 17:41,1600335690,260073104,1340262586
2020/9/17 17:40,1600335630,214195216,1386140414
2020/9/17 17:39,1600335570,323125496,1277210074
2020/9/17 17:38,1600335510,558832760,1041502750
2020/9/17 17:37,1600335450,397844728,1202490722
2020/9/17 17:36,1600335390,598080880,1002254510
2020/9/17 17:35,1600335330,558684504,1041650826
2020/9/17 17:34,1600335270,400089504,1200245766
2020/9/17 17:33,1600335210,363442560,1236892650
2020/9/17 17:32,1600335150,290070352,1310264798
2020/9/17 17:31,1600335090,310595720,1289739370
2020/9/17 17:30,1600335030,403490040,1196844990
2020/9/17 17:29,1600334970,297990968,1302344002
2020/9/17 17:28,1600334910,849842568,750492342
2020/9/17 17:27,1600334850,750690856,849643994
2020/9/17 17:26,1600334790,612110648,988224142
2020/9/17 17:25,1600334730,525935680,1074399050
2020/9/17 17:24,1600334670,706557536,893777134
2020/9/17 17:23,1600334611,1009144816,591189795
2020/9/17 17:22,1600334550,952165816,648168734
2020/9/17 17:21,1600334490,815269328,785065162
2020/9/17 17:20,1600334430,726670112,873664318
2020/9/17 17:19,1600334370,982105912,618228458
2020/9/17 17:18,1600334310,940006008,660328302
2020/9/17 17:17,1600334250,709556072,890778178
2020/9/17 17:16,1600334190,473410728,1126923462
2020/9/17 17:15,1600334130,299826368,1300507762
2020/9/17 17:14,1600334070,501889424,1098444646
2020/9/17 17:13,1600334010,722128408,878205602
2020/9/17 17:12,1600333950,621242872,979091078
2020/9/17 17:11,1600333890,623973408,976360482
2020/9/17 17:10,1600333830,239664624,1360669206
2020/9/17 17:09,1600333770,732091152,868242618
2020/9/17 17:08,1600333710,657033512,943300198
2020/9/17 17:07,1600333650,482027528,1118306122
2020/9/17 17:06,1600333590,383839864,1216493726
2020/9/17 17:05,1600333530,306659632,1293673898
2020/9/17 17:04,1600333470,272131568,1328201902
2020/9/17 17:03,1600333410,702093616,898239794
2020/9/17 17:02,1600333350,656285096,944048254
2020/9/17 17:01,1600333290,629285968,971047322
2020/9/17 17:00,1600333230,571117720,1029215510
2020/9/17 16:59,1600333170,714938680,885394490
2020/9/17 16:58,1600333110,576848736,1023484374
2020/9/17 16:57,1600333050,455237936,1145095114
2020/9/17 16:56,1600332990,238432344,1361900646
2020/9/17 16:55,1600332930,663752968,936579962
2020/9/17 16:54,1600332870,556358560,1043974310
2020/9/17 16:53,1600332810,482921744,1117411066
2020/9/17 16:52,1600332750,610095920,990236830
2020/9/17 16:51,1600332690,476385360,1123947330
2020/9/17 16:50,1600332630,379504552,1220828078
2020/9/17 16:49,1600332570,346691784,1253640786
2020/9/17 16:48,1600332510,955001864,645330646
2020/9/17 16:47,1600332450,919726472,680605978
2020/9/17 16:46,1600332390,341854432,1258477958
2020/9/17 16:45,1600332330,272263056,1328069274
2020/9/17 16:44,1600332270,499330288,1101001982
2020/9/17 16:43,1600332210,467055736,1133276474
2020/9/17 16:42,1600332150,434241760,1166090390
2020/9/17 16:41,1600332090,382089416,1218242674
2020/9/17 16:40,1600332030,328238600,1272093430
2020/9/17 16:39,1600331970,259482144,1340849826
2020/9/17 16:38,1600331910,289216904,1311115006
2020/9/17 16:37,1600331850,580120408,1020211442
2020/9/17 16:36,1600331790,415398600,1184933190
2020/9/17 16:35,1600331730,336382696,1263949034
2020/9/17 16:34,1600331670,526980160,1073351510
2020/9/17 16:33,1600331610,423871568,1176460042
2020/9/17 16:32,1600331550,592137384,1008194166
2020/9/17 16:31,1600331490,470808328,1129523162
2020/9/17 16:30,1600331430,405378912,1194952518
2020/9/17 16:29,1600331370,481828208,1118503162
2020/9/17 16:28,1600331310,493139808,1107191502
2020/9/17 16:27,1600331250,634429592,965901658
2020/9/17 16:26,1600331190,305912968,1294418222
2020/9/17 16:25,1600331130,609910144,990420986
2020/9/17 16:24,1600331070,492896208,1107434862
2020/9/17 16:23,1600331010,441768504,1158562506
2020/9/17 16:22,1600330950,276063880,1324267070
2020/9/17 16:21,1600330890,651798168,948532722
2020/9/17 16:20,1600330830,571694016,1028636814
2020/9/17 16:19,1600330770,259337232,1340993538
2020/9/17 16:18,1600330710,435969448,1164361262
2020/9/17 16:17,1600330650,398126120,1202204530
2020/9/17 16:16,1600330590,394184216,1206146374
2020/9/17 16:15,1600330530,570493720,1029836810
2020/9/17 16:14,1600330470,529652392,1070678078
2020/9/17 16:13,1600330410,482363408,1117967002
2020/9/17 16:12,1600330350,496917384,1103412966
2020/9/17 16:11,1600330290,418497808,1181832482
2020/9/17 16:10,1600330230,653675928,946654302
2020/9/17 16:09,1600330170,352864088,1247466082
2020/9/17 16:08,1600330110,555375208,1044954902
2020/9/17 16:07,1600330050,288722624,1311607426
2020/9/17 16:06,1600329990,561931168,1038398822
2020/9/17 16:05,1600329930,400126456,1200203474
2020/9/17 16:04,1600329870,292192520,1308137350
2020/9/17 16:03,1600329810,530730784,1069599026
2020/9/17 16:02,1600329750,384771056,1215558694
2020/9/17 16:01,1600329690,467764264,1132565426
2020/9/17 16:00,1600329630,642541512,957788118
2020/9/17 15:59,1600329570,520340192,1079989378
2020/9/17 15:58,1600329510,454804520,1145524990
2020/9/17 15:57,1600329450,690754304,909575146
2020/9/17 15:56,1600329390,576922664,1023406726
2020/9/17 15:55,1600329330,352538272,1247791058
2020/9/17 15:54,1600329270,318214496,1282114774
2020/9/17 15:53,1600329210,499605848,1100723362
2020/9/17 15:52,1600329150,573934352,1026394798
2020/9/17 15:51,1600329090,422839192,1177489898
2020/9/17 15:50,1600329030,404011656,1196317374
2020/9/17 15:49,1600328970,445527304,1154801666
2020/9/17 15:48,1600328910,391582840,1208746070
2020/9/17 15:47,1600328850,466019864,1134308986
2020/9/17 15:46,1600328790,377846360,1222482430
2020/9/17 15:45,1600328730,318125184,1282203546
2020/9/17 15:44,1600328670,708101568,892227102
2020/9/17 15:43,1600328610,330888184,1269440426
2020/9/17 15:42,1600328550,511118576,1089209974
2020/9/17 15:41,1600328490,334212384,1266116106
2020/9/17 15:40,1600328430,562922080,1037406350
2020/9/17 15:39,1600328370,252982320,1347346050
2020/9/17 15:38,1600328310,998784520,601543790
2020/9/17 15:37,1600328250,756123568,844204682
2020/9/17 15:36,1600328190,623757992,976570198
2020/9/17 15:35,1600328130,368866000,1231462130
2020/9/17 15:34,1600328070,324488680,1275839390
2020/9/17 15:33,1600328010,981980712,618347298
2020/9/17 15:32,1600327950,851682072,748645878
2020/9/17 15:31,1600327890,801793136,798534754
2020/9/17 15:30,1600327830,383236824,1217091006
2020/9/17 15:29,1600327770,737517600,862810170
2020/9/17 15:28,1600327710,638138680,962189030
2020/9/17 15:27,1600327650,852739296,747588354
2020/9/17 15:26,1600327590,464325264,1136002326
2020/9/17 15:25,1600327530,490415888,1109911642
2020/9/17 15:24,1600327470,336493832,1263833638
2020/9/17 15:23,1600327410,273404120,1326923290
2020/9/17 15:22,1600327350,510233280,1090094070
2020/9/17 15:21,1600327290,433814312,1166512978
2020/9/17 15:20,1600327230,315971128,1284356102
2020/9/17 15:19,1600327170,435619960,1164707210
2020/9/17 15:18,1600327110,365387856,1234939254
2020/9/17 15:17,1600327050,426880072,1173446978
2020/9/17 15:16,1600326990,286111728,1314215262
2020/9/17 15:15,1600326930,247256224,1353070706
2020/9/17 15:14,1600326870,475440560,1124886310
2020/9/17 15:13,1600326811,519888504,1080438307
2020/9/17 15:12,1600326750,446657152,1153669598
2020/9/17 15:11,1600326690,369815320,1230511370
2020/9/17 15:10,1600326630,437210560,1163116070
2020/9/17 15:09,1600326570,228757832,1371568738
2020/9/17 15:08,1600326510,744993360,855333150
2020/9/17 15:07,1600326450,659186872,941139578
2020/9/17 15:06,1600326390,542866768,1057459622
2020/9/17 15:05,1600326330,1012242360,588083970
2020/9/17 15:04,1600326270,853432432,746893838
2020/9/17 15:03,1600326210,819901216,780424994
2020/9/17 15:02,1600326150,604972048,995354102
2020/9/17 15:01,1600326090,490964448,1109361642
2020/9/17 15:00,1600326030,226471400,1373854630
2020/9/17 14:59,1600325970,192994544,1407331426
2020/9/17 14:58,1600325910,388573432,1211752478
2020/9/17 14:57,1600325850,275368152,1324957698
2020/9/17 14:56,1600325790,500557072,1099768718
2020/9/17 14:55,1600325730,386754304,1213571426
2020/9/17 14:54,1600325670,280109280,1320216390
2020/9/17 14:53,1600325610,348809088,1251516522
2020/9/17 14:52,1600325550,145774320,1454551230
2020/9/17 14:51,1600325490,260075680,1340249810
2020/9/17 14:50,1600325430,242857728,1357467702
2020/9/17 14:49,1600325370,240655520,1359669850
2020/9/17 14:48,1600325310,353936296,1246389014
2020/9/17 14:47,1600325250,284999464,1315325786
2020/9/17 14:46,1600325190,297389112,1302936078
2020/9/17 14:45,1600325130,251883896,1348441234
2020/9/17 14:44,1600325070,221491488,1378833582
2020/9/17 14:43,1600325010,195533712,1404791298
2020/9/17 14:42,1600324950,319893656,1280431294
2020/9/17 14:41,1600324890,421660752,1178664138
2020/9/17 14:40,1600324830,298800016,1301524814
2020/9/17 14:39,1600324770,509033072,1091291698
2020/9/17 14:38,1600324710,306099776,1294224934
2020/9/17 14:37,1600324650,266576656,1333747994
2020/9/17 14:36,1600324590,419306896,1181017694
2020/9/17 14:35,1600324530,459584064,1140740466
2020/9/17 14:34,1600324470,296220552,1304103918
2020/9/17 14:33,1600324410,250399152,1349925258
2020/9/17 14:32,1600324350,564511168,1035813182
2020/9/17 14:31,1600324290,571237560,1029086730
2020/9/17 14:30,1600324230,364470968,1235853262
2020/9/17 14:29,1600324170,502869200,1097454970
2020/9/17 14:28,1600324110,270585304,1329738806
2020/9/17 14:27,1600324050,301189648,1299134402
2020/9/17 14:26,1600323990,372360496,1227963494
2020/9/17 14:25,1600323930,723235184,877088746
2020/9/17 14:24,1600323870,482470408,1117853462
2020/9/17 14:23,1600323810,424717736,1175606074
2020/9/17 14:22,1600323750,371524912,1228798838
2020/9/17 14:21,1600323690,698059544,902264146
2020/9/17 14:20,1600323630,473119560,1127204070
2020/9/17 14:19,1600323570,442127944,1158195626
2020/9/17 14:18,1600323510,413097440,1187226070
2020/9/17 14:17,1600323450,270907448,1329416002
2020/9/17 14:16,1600323390,173164640,1427158750
2020/9/17 14:15,1600323330,558004624,1042318706
2020/9/17 14:14,1600323270,457536456,1142786814
2020/9/17 14:13,1600323210,398580640,1201742570
2020/9/17 14:12,1600323150,263374576,1336948574
2020/9/17 14:11,1600323090,299637680,1300685410
2020/9/17 14:10,1600323030,267257728,1333065302
2020/9/17 14:09,1600322970,229910272,1370412698
2020/9/17 14:08,1600322910,186254336,1414068574
2020/9/17 14:07,1600322850,173489968,1426832882
2020/9/17 14:06,1600322790,264699736,1335623054
2020/9/17 14:05,1600322730,273618392,1326704338
2020/9/17 14:04,1600322670,159869736,1440452934
2020/9/17 14:03,1600322610,205080696,1395241914
2020/9/17 14:02,1600322550,479960864,1120361686
2020/9/17 14:01,1600322490,485422536,1114899954
2020/9/17 14:00,1600322430,523168664,1077153766
2020/9/17 13:59,1600322370,441212000,1159110370
2020/9/17 13:58,1600322310,299655176,1300667134
2020/9/17 13:57,1600322250,408721120,1191601130
2020/9/17 13:56,1600322190,499794056,1100528134
2020/9/17 13:55,1600322130,699033000,901289130
2020/9/17 13:54,1600322070,503846264,1096475806
2020/9/17 13:53,1600322010,358677648,1241644362
2020/9/17 13:52,1600321950,485807664,1114514286
2020/9/17 13:51,1600321890,412720552,1187601338
2020/9/17 13:50,1600321830,298177008,1302144822
2020/9/17 13:49,1600321770,311201744,1289120026
2020/9/17 13:48,1600321710,355652648,1244669062
2020/9/17 13:47,1600321650,314691616,1285630034
2020/9/17 13:46,1600321590,209424616,1390896974
2020/9/17 13:45,1600321530,251393672,1348927858
2020/9/17 13:44,1600321470,340415128,1259906342
2020/9/17 13:43,1600321410,296131288,1304190122
2020/9/17 13:42,1600321350,253833376,1346487974
2020/9/17 13:41,1600321290,322849480,1277471810
2020/9/17 13:40,1600321230,217736424,1382584806
2020/9/17 13:39,1600321170,337201448,1263119722
2020/9/17 13:38,1600321110,215237544,1385083566
2020/9/17 13:37,1600321050,229684016,1370637034
2020/9/17 13:36,1600320990,184768296,1415552694
2020/9/17 13:35,1600320930,394147504,1206173426
2020/9/17 13:34,1600320870,253260432,1347060438
2020/9/17 13:33,1600320810,376995264,1223325546
2020/9/17 13:32,1600320750,278311320,1322009430
2020/9/17 13:31,1600320690,390764640,1209556050
2020/9/17 13:30,1600320630,285375160,1314945470
2020/9/17 13:29,1600320570,391123968,1209196602
2020/9/17 13:28,1600320510,408671264,1191649246
2020/9/17 13:27,1600320450,268973784,1331346666
2020/9/17 13:26,1600320390,341574728,1258745662
2020/9/17 13:25,1600320330,588384440,1011935890
2020/9/17 13:24,1600320270,441148608,1159171662
2020/9/17 13:23,1600320210,537165704,1063154506
2020/9/17 13:22,1600320150,411236096,1189084054
2020/9/17 13:21,1600320090,590027688,1010292402
2020/9/17 13:20,1600320030,451206640,1149113390
2020/9/17 13:19,1600319970,268349488,1331970482
2020/9/17 13:18,1600319910,396013344,1204306566
2020/9/17 13:17,1600319850,932309216,668010634
2020/9/17 13:16,1600319790,224538952,1375780838
2020/9/17 13:15,1600319730,404819064,1195500666
2020/9/17 13:14,1600319670,354523288,1245796382
2020/9/17 13:13,1600319610,275379168,1324940442
2020/9/17 13:12,1600319550,386521216,1213798334
2020/9/17 13:11,1600319490,236382208,1363937282
2020/9/17 13:10,1600319430,562975664,1037343766
2020/9/17 13:09,1600319370,236882752,1363436618
2020/9/17 13:08,1600319310,665222480,935096830
2020/9/17 13:07,1600319250,459106936,1141212314
2020/9/17 13:06,1600319190,808082864,792236326
2020/9/17 13:05,1600319130,646470784,953848346
2020/9/17 13:04,1600319070,537850400,1062468670
2020/9/17 13:03,1600319010,396396080,1203922930
2020/9/17 13:02,1600318950,445848088,1154470862
2020/9/17 13:01,1600318890,424772576,1175546314
2020/9/17 13:00,1600318830,306857048,1293461782
2020/9/17 12:59,1600318770,324816752,1275502018
2020/9/17 12:58,1600318710,207601672,1392717038
2020/9/17 12:57,1600318650,287061248,1313257402
2020/9/17 12:56,1600318590,206418400,1393900190
2020/9/17 12:55,1600318530,182201176,1418117354
2020/9/17 12:54,1600318470,396964152,1203354318
2020/9/17 12:53,1600318410,345904312,1254414098
2020/9/17 12:52,1600318350,275534576,1324783774
2020/9/17 12:51,1600318290,197228192,1403090098
2020/9/17 12:50,1600318230,309918048,1290400182
2020/9/17 12:49,1600318170,181730144,1418588026
2020/9/17 12:48,1600318110,309637912,1290680198
2020/9/17 12:47,1600318050,362191592,1238126458
2020/9/17 12:46,1600317990,142743080,1457574910
2020/9/17 12:45,1600317930,305705720,1294612210
2020/9/17 12:44,1600317870,277375776,1322942094
2020/9/17 12:43,1600317810,552223384,1048094426
2020/9/17 12:42,1600317750,459667296,1140650454
2020/9/17 12:41,1600317690,387961296,1212356394
2020/9/17 12:40,1600317630,351726352,1248591278
2020/9/17 12:39,1600317570,323629640,1276687930
2020/9/17 12:38,1600317510,244904472,1355413038
2020/9/17 12:37,1600317450,405854400,1194463050
2020/9/17 12:36,1600317390,217374336,1382943054
2020/9/17 12:35,1600317330,377044768,1223272562
2020/9/17 12:34,1600317270,549127864,1051189406
2020/9/17 12:33,1600317210,513139160,1087178050
2020/9/17 12:32,1600317150,444578528,1155738622
2020/9/17 12:31,1600317090,502775048,1097542042
2020/9/17 12:30,1600317030,296663688,1303653342
2020/9/17 12:29,1600316970,512768416,1087548554
2020/9/17 12:28,1600316910,371015048,1229301862
2020/9/17 12:27,1600316850,240409552,1359907298
2020/9/17 12:26,1600316790,330717824,1269598966
2020/9/17 12:25,1600316730,244805976,1355510754
2020/9/17 12:24,1600316670,224420056,1375896614
2020/9/17 12:23,1600316610,389501056,1210815554
2020/9/17 12:22,1600316550,209955000,1390361550
2020/9/17 12:21,1600316490,378330696,1221985794
2020/9/17 12:20,1600316430,317440064,1282876366
2020/9/17 12:19,1600316370,302141256,1298175114
2020/9/17 12:18,1600316310,278322456,1321993854
2020/9/17 12:17,1600316250,302049464,1298266786
2020/9/17 12:16,1600316190,267274744,1333041446
2020/9/17 12:15,1600316130,218172360,1382143770
2020/9/17 12:14,1600316070,272952032,1327364038
2020/9/17 12:13,1600316010,245771448,1354544562
2020/9/17 12:12,1600315950,126971472,1473344478
2020/9/17 12:11,1600315890,320580136,1279735754
2020/9/17 12:10,1600315830,393362680,1206953150
2020/9/17 12:09,1600315770,318055712,1282260058
2020/9/17 12:08,1600315710,353433056,1246882654
2020/9/17 12:07,1600315650,413414424,1186901226
2020/9/17 12:06,1600315590,466719128,1133596462
2020/9/17 12:05,1600315530,348731288,1251584242
2020/9/17 12:04,1600315470,746223832,854091638
2020/9/17 12:03,1600315410,715975984,884339426
2020/9/17 12:02,1600315350,611468760,988846590
2020/9/17 12:01,1600315290,184232944,1416082346
2020/9/17 12:00,1600315230,365335576,1234979654
2020/9/17 11:59,1600315170,226144136,1374171034
2020/9/17 11:58,1600315110,263487544,1336827566
2020/9/17 11:57,1600315050,581763272,1018551778
2020/9/17 11:56,1600314990,381852920,1218462070
2020/9/17 11:55,1600314930,278519936,1321794994
2020/9/17 11:54,1600314870,703680280,896634590
2020/9/17 11:53,1600314810,553567456,1046747354
2020/9/17 11:52,1600314750,406097384,1194217366
2020/9/17 11:51,1600314690,431778776,1168535914
2020/9/17 11:50,1600314630,281097232,1319217398
2020/9/17 11:49,1600314570,588293216,1012021354
2020/9/17 11:48,1600314510,453600256,1146714254
2020/9/17 11:47,1600314450,270784904,1329529546
2020/9/17 11:46,1600314390,446451952,1153862438
2020/9/17 11:45,1600314330,361616168,1238698162
2020/9/17 11:44,1600314270,277036504,1323277766
2020/9/17 11:43,1600314210,573707688,1026606522
2020/9/17 11:42,1600314150,456898960,1143415190
2020/9/17 11:41,1600314090,356140680,1244173410
2020/9/17 11:40,1600314030,277163872,1323150158
2020/9/17 11:39,1600313970,523642888,1076671082
2020/9/17 11:38,1600313910,437015344,1163298566
2020/9/17 11:37,1600313850,354094576,1246219274
2020/9/17 11:36,1600313790,197736896,1402576894
2020/9/17 11:35,1600313730,394390800,1205922930
2020/9/17 11:34,1600313670,412078048,1188235622
2020/9/17 11:33,1600313610,948290624,652022986
2020/9/17 11:32,1600313550,783258992,817054558
2020/9/17 11:31,1600313490,544838864,1055474626
2020/9/17 11:30,1600313430,373225568,1227087862
2020/9/17 11:29,1600313370,477182176,1123131194
2020/9/17 11:28,1600313310,381979352,1218333958
2020/9/17 11:27,1600313250,297197504,1303115746
2020/9/17 11:26,1600313190,498262848,1102050342
2020/9/17 11:25,1600313130,347601216,1252711914
2020/9/17 11:24,1600313070,276947296,1323365774
2020/9/17 11:23,1600313010,510271848,1090041162
2020/9/17 11:22,1600312950,383154904,1217158046
2020/9/17 11:21,1600312890,264129928,1336182962
2020/9/17 11:20,1600312830,396444984,1203867846
2020/9/17 11:19,1600312770,303000288,1297312482
2020/9/17 11:18,1600312710,497045304,1103267406
2020/9/17 11:17,1600312650,469438920,1130873730
2020/9/17 11:16,1600312590,285229408,1315083182
2020/9/17 11:15,1600312530,222688152,1377624378
2020/9/17 11:14,1600312470,176941752,1423370718
2020/9/17 11:13,1600312410,250069944,1350242466
2020/9/17 11:12,1600312350,291650608,1308661742
2020/9/17 11:11,1600312290,233563016,1366749274
2020/9/17 11:10,1600312230,173293192,1427019038
2020/9/17 11:09,1600312170,425272568,1175039602
2020/9/17 11:08,1600312110,367896520,1232415590
2020/9/17 11:07,1600312050,157269360,1443042690
2020/9/17 11:06,1600311990,138961136,1461350854
2020/9/17 11:05,1600311930,231386912,1368925018
2020/9/17 11:04,1600311870,165930960,1434380910
2020/9/17 11:03,1600311810,233927912,1366383898
2020/9/17 11:02,1600311750,163526296,1436785454
2020/9/17 11:01,1600311690,165818920,1434492770
2020/9/17 11:00,1600311630,122918632,1477392998
2020/9/17 10:59,1600311570,286705592,1313605978
2020/9/17 10:58,1600311510,221939072,1378372438
2020/9/17 10:57,1600311450,430806312,1169505138
2020/9/17 10:56,1600311390,302856160,1297455230
2020/9/17 10:55,1600311330,511668656,1088642674
2020/9/17 10:54,1600311270,458536416,1141774854
2020/9/17 10:53,1600311210,378351776,1221959434
2020/9/17 10:52,1600311150,627286920,973024230
2020/9/17 10:51,1600311090,537041160,1063269930
2020/9/17 10:50,1600311030,519043664,1081267366
2020/9/17 10:49,1600310970,386821384,1213489586
2020/9/17 10:48,1600310910,622659736,977651174
2020/9/17 10:47,1600310850,380709608,1219601242
2020/9/17 10:46,1600310790,619111960,981198830
2020/9/17 10:45,1600310730,396458864,1203851866
2020/9/17 10:44,1600310670,348434592,1251876078
2020/9/17 10:43,1600310610,307946688,1292363922
2020/9/17 10:42,1600310550,230392824,1369917726
2020/9/17 10:41,1600310490,786555376,813755114
2020/9/17 10:40,1600310430,625321272,974989158
2020/9/17 10:39,1600310370,429055656,1171254714
2020/9/17 10:38,1600310310,423665680,1176644630
2020/9/17 10:37,1600310250,264036192,1336274058
2020/9/17 10:36,1600310190,196766584,1403543606
2020/9/17 10:35,1600310130,223058624,1377251506
2020/9/17 10:34,1600310070,445238600,1155071470
2020/9/17 10:33,1600310010,301069048,1299240962
2020/9/17 10:32,1600309950,200828432,1399481518
2020/9/17 10:31,1600309890,259387888,1340922002
2020/9/17 10:30,1600309830,296602784,1303707046
2020/10/22 12:14,1603340070,540329840,1063010230
2020/10/22 12:13,1603340010,189683336,1413656674
2020/10/22 12:12,1603339951,172466816,1430873135
2020/10/22 12:11,1603339890,219105904,1384233986
2020/10/22 12:10,1603339830,337808632,1265531198
2020/10/22 12:09,1603339770,211726496,1391613274
2020/10/22 12:08,1603339710,238502512,1364837198
2020/10/22 12:07,1603339650,351812440,1251527210
2020/10/22 12:06,1603339590,353121776,1250217814
2020/10/22 12:05,1603339530,308245568,1295093962
2020/10/22 12:04,1603339470,172491640,1430847830
2020/10/22 12:03,1603339410,523371888,1079967522
2020/10/22 12:02,1603339350,271957200,1331382150
2020/10/22 12:01,1603339290,505354624,1097984666
2020/10/22 12:00,1603339230,396336616,1207002614
2020/10/22 11:59,1603339170,363449568,1239889602
2020/10/22 11:58,1603339110,197237528,1406101582
2020/10/22 11:57,1603339050,227273264,1376065786
2020/10/22 11:56,1603338990,245049608,1358289382
2020/10/22 11:55,1603338930,259078480,1344260450
2020/10/22 11:54,1603338870,370822984,1232515886
2020/10/22 11:53,1603338810,325431136,1277907674
2020/10/22 11:52,1603338750,430243976,1173094774
2020/10/22 11:51,1603338690,549891520,1053447170
2020/10/22 11:50,1603338630,475443440,1127895190
2020/10/22 11:49,1603338570,436669544,1166669026
2020/10/22 11:48,1603338510,421065424,1182273086
2020/10/22 11:47,1603338450,328152376,1275186074
2020/10/22 11:46,1603338390,224169920,1379168470
2020/10/22 11:45,1603338330,548530632,1054807698
2020/10/22 11:44,1603338270,236103168,1367235102
2020/10/22 11:43,1603338210,165322112,1438016098
2020/10/22 11:42,1603338150,389155232,1214182918
2020/10/22 11:41,1603338090,303831080,1299507010
2020/10/22 11:40,1603338030,231591208,1371746822
2020/10/22 11:39,1603337970,134425408,1468912562
2020/10/22 11:38,1603337910,364766656,1238571254
2020/10/22 11:37,1603337850,564059848,1039278002
2020/10/22 11:36,1603337790,384435248,1218902542
2020/10/22 11:35,1603337730,137242816,1466094914
2020/10/22 11:34,1603337670,231867928,1371469742
2020/10/22 11:33,1603337610,490735912,1112601698
2020/10/22 11:32,1603337550,198072400,1405265150
2020/10/22 11:31,1603337490,599401848,1003935642
2020/10/22 11:30,1603337430,164902080,1438435350
2020/10/22 11:29,1603337370,254674336,1348663034
2020/10/22 11:28,1603337310,200268184,1403069126
2020/10/22 11:27,1603337250,438201376,1165135874
2020/10/22 11:26,1603337190,664173712,939163478
2020/10/22 11:25,1603337130,473030240,1130306890
2020/10/22 11:24,1603337070,517560216,1085776854
2020/10/22 11:23,1603337010,840521608,762815402
2020/10/22 11:22,1603336950,709315616,894021334
2020/10/22 11:21,1603336890,637541176,965795714
2020/10/22 11:20,1603336830,621431360,981905470
2020/10/22 11:19,1603336770,566147720,1037189050
2020/10/22 11:18,1603336710,320728840,1282607870
2020/10/22 11:17,1603336650,374362880,1228973770
2020/10/22 11:16,1603336590,394539600,1208796990
2020/10/22 11:15,1603336530,521125848,1082210682
2020/10/22 11:14,1603336470,221575888,1381760582
2020/10/22 11:13,1603336410,375304672,1228031738
2020/10/22 11:12,1603336350,273341832,1329994518
2020/10/22 11:11,1603336290,216624888,1386711402
2020/10/22 11:10,1603336230,573348528,1029987702
2020/10/22 11:09,1603336170,608589384,994746786
2020/10/22 11:08,1603336110,299504792,1303831318
2020/10/22 11:07,1603336050,422856072,1180479978
2020/10/22 11:06,1603335990,192634328,1410701662
2020/10/22 11:05,1603335930,351077272,1252258658
2020/10/22 11:04,1603335870,251860752,1351475118
2020/10/22 11:03,1603335810,130865904,1472469906
2020/10/22 11:02,1603335750,447543320,1155792430
2020/10/22 11:01,1603335690,205906536,1397429154
2020/10/22 11:00,1603335630,448153768,1155181862
2020/10/22 10:59,1603335570,461215064,1142120506
2020/10/22 10:58,1603335510,497411784,1105923726
2020/10/22 10:57,1603335450,191567824,1411767626
2020/10/22 10:56,1603335390,400290608,1203044782
2020/10/22 10:55,1603335330,878977408,724357922
2020/10/22 10:54,1603335270,884276656,719058614
2020/10/22 10:53,1603335210,666344768,936990442
2020/10/22 10:52,1603335150,453078440,1150256710
2020/10/22 10:51,1603335090,288307048,1315028042
2020/10/22 10:50,1603335030,622660016,980675014
2020/10/22 10:49,1603334970,657814760,945520210
2020/10/22 10:48,1603334910,567780256,1035554654
2020/10/22 10:47,1603334850,527208872,1076125978
2020/10/22 10:46,1603334790,792558176,810776614
2020/10/22 10:45,1603334730,511541392,1091793338
2020/10/22 10:44,1603334670,316084344,1287250326
2020/10/22 10:43,1603334610,331604616,1271729994
2020/10/22 10:42,1603334550,205211704,1398122846
2020/10/22 10:41,1603334490,276742128,1326592362
2020/10/22 10:40,1603334430,875927352,727407078
2020/10/22 10:39,1603334370,171397544,1431936826
2020/10/22 10:38,1603334310,432513704,1170820606
2020/10/22 10:37,1603334250,783916920,819417330
2020/10/22 10:36,1603334190,714251376,889082814
2020/10/22 10:35,1603334130,375583392,1227750738
2020/10/22 10:34,1603334070,267187000,1336147070
2020/10/22 10:33,1603334010,526983456,1076350554
2020/10/22 10:32,1603333950,266837960,1336495990
2020/10/22 10:31,1603333890,355545304,1247788586
2020/10/22 10:30,1603333830,199409464,1403924366
2020/10/22 10:29,1603333770,139901416,1463432354
2020/10/22 10:28,1603333710,763522568,839811142
2020/10/22 10:27,1603333650,127646152,1475687498
2020/10/22 10:26,1603333590,357162720,1246170870
2020/10/22 10:25,1603333530,337995848,1265337682
2020/10/22 10:24,1603333470,165929080,1437404390
2020/10/22 10:23,1603333410,369898360,1233435050
2020/10/22 10:22,1603333350,198815656,1404517694
2020/10/22 10:21,1603333290,353165848,1250167442
2020/10/22 10:20,1603333230,125300000,1478033230
2020/10/22 10:19,1603333170,378338024,1224995146
2020/10/22 10:18,1603333110,520391056,1082942054
2020/10/22 10:17,1603333050,384395096,1218937954
2020/10/22 10:16,1603332990,347610024,1255722966
2020/10/22 10:15,1603332930,388237264,1215095666
2020/10/22 10:14,1603332870,322357840,1280975030
2020/10/22 10:13,1603332810,413632840,1189699970
2020/10/22 10:12,1603332750,200994232,1402338518
2020/10/22 10:11,1603332690,173032776,1430299914
2020/10/22 10:10,1603332630,271182800,1332149830
2020/10/22 10:09,1603332570,284382272,1318950298
2020/10/22 10:08,1603332510,248162432,1355170078
2020/10/22 10:07,1603332450,153715496,1449616954
2020/10/22 10:06,1603332390,494687952,1108644438
2020/10/22 10:05,1603332330,389786288,1213546042
2020/10/22 10:04,1603332270,281087968,1322244302
2020/10/22 10:03,1603332210,1701240968,-97908758
2020/10/22 10:02,1603332150,1513405128,89927022
2020/10/22 10:01,1603332090,1812601896,-209269806
2020/10/22 10:00,1603332030,1671036440,-67704410
2020/10/22 09:59,1603331970,1915709944,-312377974
2020/10/22 09:58,1603331910,1834180464,-230848554
2020/10/22 09:57,1603331850,1846246664,-242914814
2020/10/22 09:56,1603331790,1662734768,-59402978
2020/10/22 09:55,1603331730,1540992264,62339466
2020/10/22 09:54,1603331670,1634693128,-31361458
2020/10/22 09:53,1603331610,1361358368,241973242
2020/10/22 09:52,1603331550,1505981024,97350526
2020/10/22 09:51,1603331490,1803500320,-200168830
2020/10/22 09:50,1603331430,1660242240,-56910810
2020/10/22 09:49,1603331370,1546512496,56818874
2020/10/22 09:48,1603331310,1873816800,-270485490
2020/10/22 09:47,1603331250,2017101400,-413770150
2020/10/22 09:46,1603331190,1350840480,252490710
2020/10/22 09:45,1603331130,1761220680,-157889550
2020/10/22 09:44,1603331070,1649518392,-46187322
2020/10/22 09:43,1603331010,1668555080,-65224070
2020/10/22 09:42,1603330950,1557834392,45496558
2020/10/22 09:41,1603330890,1661887936,-58557046
2020/10/22 09:40,1603330830,1719026728,-115695898
2020/10/22 09:39,1603330770,1380075448,223255322
2020/10/22 09:38,1603330710,1670676760,-67346050
2020/10/22 09:37,1603330650,1808409088,-205078438
2020/10/22 09:36,1603330590,1603066112,264478
2020/10/22 09:35,1603330530,1507675352,95655178
2020/10/22 09:34,1603330470,1443802920,159527550
2020/10/22 09:33,1603330410,1649612576,-46282166
2020/10/22 09:32,1603330350,1413802464,189527886
2020/10/22 09:31,1603330290,1533592792,69737498
2020/10/22 09:30,1603330230,1289651888,313678342
2020/10/22 09:29,1603330170,1929660648,-326330478
2020/10/22 09:28,1603330110,1497402368,105927742
2020/10/22 09:27,1603330050,1834947568,-231617518
2020/10/22 09:26,1603329990,1585172792,18157198
2020/10/22 09:25,1603329930,1765459392,-162129462
2020/10/22 09:24,1603329870,1823867680,-220537810
2020/10/22 09:23,1603329810,1965686888,-362357078
2020/10/22 09:22,1603329750,1706935584,-103605834
2020/10/22 09:21,1603329690,2085239416,-481909726
2020/10/22 09:20,1603329630,1842545344,-239215714
2020/10/22 09:19,1603329570,1633872904,-30543334
2020/10/22 09:18,1603329510,1721851144,-118521634
2020/10/22 09:17,1603329450,1852457448,-249127998
2020/10/22 09:16,1603329390,1574645352,28684038
2020/10/22 09:15,1603329330,1384665176,218664154
2020/10/22 09:14,1603329270,2013212728,-409883458
2020/10/22 09:13,1603329210,1839230392,-235901182
2020/10/22 09:12,1603329150,1593599288,9729862
2020/10/22 09:11,1603329090,2061101944,-457772854
2020/10/22 09:10,1603329030,2118746752,-515417722
2020/10/22 09:09,1603328970,2029491264,-426162294
2020/10/22 09:08,1603328910,1863755064,-260426154
2020/10/22 09:07,1603328850,1548023424,55305426
2020/10/22 09:06,1603328790,1334269880,269058910
2020/10/22 09:05,1603328730,1254443504,348885226
2020/10/22 09:04,1603328670,1465464008,137864662
2020/10/22 09:03,1603328610,1956574168,-353245558
2020/10/22 09:02,1603328550,1707481336,-104152786
2020/10/22 09:01,1603328490,1531256472,72072018
2020/10/22 09:00,1603328430,1502862256,100466174
2020/10/22 08:59,1603328370,1532511304,70817066
2020/10/22 08:58,1603328310,1856939936,-253611626
2020/10/22 08:57,1603328250,1507635208,95693042
2020/10/22 08:56,1603328190,1952467536,-349139346
2020/10/22 08:55,1603328130,1918498728,-315170598
2020/10/22 08:54,1603328070,1625530560,-22202490
2020/10/22 08:53,1603328010,1355067032,248260978
2020/10/22 08:52,1603327950,1643616680,-40288730
2020/10/22 08:51,1603327890,1441061384,162266506
2020/10/22 08:50,1603327830,1460603824,142724006
2020/10/22 08:49,1603327770,1503374240,99953530
2020/10/22 08:48,1603327710,1760116416,-156788706
2020/10/22 08:47,1603327650,1457520232,145807418
2020/10/22 08:46,1603327590,1561423336,41904254
2020/10/22 08:45,1603327530,2119129584,-515802054
2020/10/22 08:44,1603327470,1645392816,-42065346
2020/10/22 08:43,1603327410,1628887400,-25559990
2020/10/22 08:42,1603327350,1864585072,-261257722
2020/10/22 08:41,1603327290,1474847016,128480274
2020/10/22 08:40,1603327230,1421326528,182000702
2020/10/22 08:39,1603327170,1631198760,-27871590
2020/10/22 08:38,1603327110,1680060000,-76732890
2020/10/22 08:37,1603327050,1895443080,-292116030
2020/10/22 08:36,1603326990,1689625232,-86298242
2020/10/22 08:35,1603326930,1407044776,196282154
2020/10/22 08:34,1603326870,1558805240,44521630
2020/10/22 08:33,1603326810,2058613152,-455286342
2020/10/22 08:32,1603326750,1973672880,-370346130
2020/10/22 08:31,1603326690,1447220176,156106514
2020/10/22 08:30,1603326630,1552275880,51050750
2020/10/22 08:29,1603326570,1428430080,174896490
2020/10/22 08:28,1603326510,1826257000,-222930490
2020/10/22 08:27,1603326450,1788767984,-185441534
2020/10/22 08:26,1603326390,1658762360,-55435970
2020/10/22 08:25,1603326330,1677046600,-73720270
2020/10/22 08:24,1603326270,1642775544,-39449274
2020/10/22 08:23,1603326210,1746204888,-142878678
2020/10/22 08:22,1603326150,1479810064,123516086
2020/10/22 08:21,1603326090,1580197480,23128610
2020/10/22 08:20,1603326030,1374195648,229130382
2020/10/22 08:19,1603325970,1433294928,170031042
2020/10/22 08:18,1603325910,1658787336,-55461426
2020/10/22 08:17,1603325850,2073694408,-470368558
2020/10/22 08:16,1603325790,1860091600,-256765810
2020/10/22 08:15,1603325730,1773912400,-170586670
2020/10/22 08:14,1603325670,1901909800,-298584130
2020/10/22 08:13,1603325610,1591483928,11841682
2020/10/22 08:12,1603325550,1572602512,30723038
2020/10/22 08:11,1603325490,1617681216,-14355726
2020/10/22 08:10,1603325430,2001151168,-397825738
2020/10/22 08:09,1603325370,1657894288,-54568918
2020/10/22 08:08,1603325310,1368656088,234669222
2020/10/22 08:07,1603325250,1835502584,-232177334
2020/10/22 08:06,1603325190,1647052904,-43727714
2020/10/22 08:05,1603325130,1453781496,149543634
2020/10/22 08:04,1603325070,1329147264,274177806
2020/10/22 08:03,1603325010,1976130520,-372805510
2020/10/22 08:02,1603324950,1760143776,-156818826
2020/10/22 08:01,1603324890,1669225008,-65900118
2020/10/22 08:00,1603324830,1374207096,229117734
2020/10/22 07:59,1603324771,1983053272,-379728501
2020/10/22 07:58,1603324710,1775597768,-172273058
2020/10/22 07:57,1603324650,1383672160,219652490
2020/10/22 07:56,1603324590,1713916408,-110591818
2020/10/22 07:55,1603324530,2036538600,-433214070
2020/10/22 07:54,1603324470,1923504224,-320179754
2020/10/22 07:53,1603324410,1864810432,-261486022
2020/10/22 07:52,1603324350,1745016896,-141692546
2020/10/22 07:51,1603324290,1579237080,24087210
2020/10/22 07:50,1603324230,1777298760,-173974530
2020/10/22 07:49,1603324170,1779053104,-175728934
2020/10/22 07:48,1603324110,1840862584,-237538474
2020/10/22 07:47,1603324050,1645829672,-42505622
2020/10/22 07:46,1603323990,1684319664,-80995674
2020/10/22 07:45,1603323930,1630070376,-26746446
2020/10/22 07:44,1603323870,1576519888,26803982
2020/10/22 07:43,1603323810,1354457328,248866482
2020/10/22 07:42,1603323750,1783580632,-180256882
2020/10/22 07:41,1603323690,1869241848,-265918158
2020/10/22 07:40,1603323630,2035689616,-432365986
2020/10/22 07:39,1603323570,1529137808,74185762
2020/10/22 07:38,1603323510,1836632624,-233309114
2020/10/22 07:37,1603323450,1386940960,216382490
2020/10/22 07:36,1603323390,1354777864,248545526
2020/10/22 07:35,1603323330,2001780032,-398456702
2020/10/22 07:34,1603323270,1488575240,114748030
2020/10/22 07:33,1603323210,1535508024,67815186
2020/10/22 07:32,1603323150,2009085888,-405762738
2020/10/22 07:31,1603323090,1750982240,-147659150
2020/10/22 07:30,1603323030,1877201344,-273878314
2020/10/22 07:29,1603322970,1508015200,95307770
2020/10/22 07:28,1603322910,2053281920,-449959010
2020/10/22 07:27,1603322850,1441387832,161935018
2020/10/22 07:26,1603322790,1407514520,195808270
2020/10/22 07:25,1603322730,1866868432,-263545702
2020/10/22 07:24,1603322670,1786481968,-183159298
2020/10/22 07:23,1603322610,1631669128,-28346518
2020/10/22 07:22,1603322550,1616875920,-13553370
2020/10/22 07:21,1603322490,1631991496,-28669006
2020/10/22 07:20,1603322430,1716141944,-112819514
2020/10/22 07:19,1603322370,1562144144,41178226
2020/10/22 07:18,1603322310,1914329168,-311006858
2020/10/22 07:17,1603322250,1775156992,-171834742
2020/10/22 07:16,1603322190,1805017536,-201695346
2020/10/22 07:15,1603322130,1600757328,2564802
2020/10/22 07:14,1603322070,1816928904,-213606834
2020/10/22 07:13,1603322010,1963705792,-360383782
2020/10/22 07:12,1603321950,1447949144,155372806
2020/10/22 07:11,1603321890,1712474968,-109153078
2020/10/22 07:10,1603321830,1322035376,281286454
2020/10/22 07:09,1603321770,1794758776,-191437006
2020/10/22 07:08,1603321710,1689996512,-86674802
2020/10/22 07:07,1603321650,1296504464,306817186
2020/10/22 07:06,1603321590,1284885640,318435950
2020/10/22 07:05,1603321530,1403353224,199968306
2020/10/22 07:04,1603321470,1868601168,-265279698
2020/10/22 07:03,1603321410,1784521960,-181200550
2020/10/22 07:02,1603321350,1242952912,360368438
2020/10/22 07:01,1603321290,1364748712,238572578
2020/10/22 07:00,1603321230,1864917608,-261596378
2020/10/22 06:59,1603321170,1631044680,-27723510
2020/10/22 06:58,1603321110,1998852576,-395531466
2020/10/22 06:57,1603321050,1389943272,213377778
2020/10/22 06:56,1603320990,1510366800,92954190
2020/10/22 06:55,1603320930,1854595280,-251274350
2020/10/22 06:54,1603320870,1498809888,104510982
2020/10/22 06:53,1603320810,1907440600,-304119790
2020/10/22 06:52,1603320750,2091808616,-488487866
2020/10/22 06:51,1603320690,1326583552,276737138
2020/10/22 06:50,1603320630,1570620704,32699926
2020/10/22 06:49,1603320570,1379570232,223750338
2020/10/22 06:48,1603320510,1684128120,-80807610
2020/10/22 06:47,1603320450,1696636304,-93315854
2020/10/22 06:46,1603320390,1252261112,351059278
2020/10/22 06:45,1603320330,1943004416,-339684086
2020/10/22 06:44,1603320270,1800555216,-197234946
2020/10/22 06:43,1603320210,1562922888,40397322
2020/10/22 06:42,1603320150,1365706920,237613230
2020/10/22 06:41,1603320090,1772363872,-169043782
2020/10/22 06:40,1603320030,1969669704,-366349674
2020/10/22 06:39,1603319970,1491735616,111584354
2020/10/22 06:38,1603319910,1950388704,-347068794
2020/10/22 06:37,1603319850,1343320152,259999698
2020/10/22 06:36,1603319790,1861389552,-258069762
2020/10/22 06:35,1603319730,1753685496,-150365766
2020/10/22 06:34,1603319670,2024026768,-420707098
2020/10/22 06:33,1603319610,1724842920,-121523310
2020/10/22 06:32,1603319550,1918551432,-315231882
2020/10/22 06:31,1603319490,1814819472,-211499982
2020/10/22 06:30,1603319430,1616949512,-13630082
2020/10/22 06:29,1603319370,1379542608,223776762
2020/10/22 06:28,1603319310,1781487152,-178167842
2020/10/22 06:27,1603319250,2036367400,-433048150
2020/10/22 06:26,1603319190,1564621760,38697430
2020/10/22 06:25,1603319130,1514634072,88685058
2020/10/22 06:24,1603319070,1960527824,-357208754
2020/10/22 06:23,1603319010,2016006472,-412687462
2020/10/22 06:22,1603318950,1388938008,214380942
2020/10/22 06:21,1603318890,1573682056,29636834
2020/10/22 06:20,1603318830,1341675616,261643214
2020/10/22 06:19,1603318770,1423949528,179369242
2020/10/22 06:18,1603318710,1361259904,242058806
2020/10/22 06:17,1603318650,1336094352,267224298
2020/10/22 06:16,1603318590,1859244496,-255925906
2020/10/22 06:15,1603318530,1812103672,-208785142
2020/10/22 06:14,1603318470,1611163752,-7845282
2020/10/22 06:13,1603318410,1888309040,-284990630
2020/10/22 06:12,1603318350,1912743912,-309425562
2020/10/22 06:11,1603318290,1447912224,155406066
2020/10/22 06:10,1603318230,1853059632,-249741402
2020/10/22 06:09,1603318170,1663065976,-59747806
2020/10/22 06:08,1603318110,1963891824,-360573714
2020/10/22 06:07,1603318050,1705293976,-101975926
2020/10/22 06:06,1603317990,1497464800,105853190
2020/10/22 06:05,1603317930,1989184840,-385866910
2020/10/22 06:04,1603317870,1386193784,217124086
2020/10/22 06:03,1603317810,1237289968,366027842
2020/10/22 06:02,1603317750,1737784624,-134466874
2020/10/22 06:01,1603317690,1509740352,93577338
2020/10/22 06:00,1603317630,1995518384,-392200754
2020/10/22 05:59,1603317570,1792085848,-188768278
2020/10/22 05:58,1603317510,1415272160,188045350
2020/10/22 05:57,1603317450,1337660376,265657074
2020/10/22 05:56,1603317390,1847292816,-243975426
2020/10/22 05:55,1603317330,1655709128,-52391798
2020/10/22 05:54,1603317270,1525212024,78105246
2020/10/22 05:53,1603317210,1246660824,356656386
2020/10/22 05:52,1603317150,1494136472,109180678
2020/10/22 05:51,1603317090,1285392224,317924866
2020/10/22 05:50,1603317030,1776600072,-173283042
2020/10/22 05:49,1603316970,1859081904,-255764934
2020/10/22 05:48,1603316910,1589525160,13791750
2020/10/22 05:47,1603316850,1321351648,281965202
2020/10/22 05:46,1603316790,1796610400,-193293610
2020/10/22 05:45,1603316730,1676055832,-72739102
2020/10/22 05:44,1603316670,1427085784,176230886
2020/10/22 05:43,1603316610,1780482416,-177165806
2020/10/22 05:42,1603316550,1527245544,76071006
2020/10/22 05:41,1603316490,1318184688,285131802
2020/10/22 05:40,1603316432,1229362432,373954000
2020/10/22 05:39,1603316370,1875622120,-272305750
2020/10/22 05:38,1603316310,1636557456,-33241146
2020/10/22 05:37,1603316250,1542553216,60763034
2020/10/22 05:36,1603316190,1951115744,-347799554
2020/10/22 05:35,1603316130,1988911544,-385595414
2020/10/22 05:34,1603316070,1938548504,-335232434
2020/10/22 05:33,1603316010,1481347360,121968650
2020/10/22 05:32,1603315950,1644801920,-41485970
2020/10/22 05:31,1603315890,1516272648,87043242
2020/10/22 05:30,1603315830,1306146840,297168990
2020/10/22 05:29,1603315770,1774821448,-171505678
2020/10/22 05:28,1603315710,1472315408,131000302
2020/10/22 05:27,1603315650,1290664400,312651250
2020/10/22 05:26,1603315590,1921976152,-318660562
2020/10/22 05:25,1603315530,2034787448,-431471918
2020/10/22 05:24,1603315470,1586154216,17161254
2020/10/22 05:23,1603315410,1611069536,-7754126
2020/10/22 05:22,1603315350,1947910248,-344594898
2020/10/22 05:21,1603315290,1715027360,-111712070
2020/10/22 05:20,1603315230,1409020472,194294758
2020/10/22 05:19,1603315170,1753015472,-149700302
2020/10/22 05:18,1603315110,1550525184,52789926
2020/10/22 05:17,1603315050,1860452520,-257137470
2020/10/22 05:16,1603314990,1512686376,90628614
2020/10/22 05:15,1603314930,1819285824,-215970894
2020/10/22 05:14,1603314870,1568519752,34795118
2020/10/22 05:13,1603314810,1778853408,-175538598
2020/10/22 05:12,1603314750,1949396776,-346082026
2020/10/22 05:11,1603314690,1432755240,170559450
2020/10/22 05:10,1603314630,1250195760,353118870
2020/10/22 05:09,1603314570,1521670056,81644514
2020/10/22 05:08,1603314510,1519050952,84263558
2020/10/22 05:07,1603314450,1834740248,-231425798
2020/10/22 05:06,1603314390,1689755152,-86440762
2020/10/22 05:05,1603314330,1560679784,42634546
2020/10/22 05:04,1603314270,1383763832,219550438
2020/10/22 05:03,1603314210,1225854472,377459738
2020/10/22 05:02,1603314150,1568568000,34746150
2020/10/22 05:01,1603314090,1160419616,442894474
2020/10/22 05:00,1603314030,1395673688,207640342
2020/10/22 04:59,1603313970,1930473960,-327159990
2020/10/22 04:58,1603313910,1786452488,-183138578
2020/10/22 04:57,1603313850,1512353096,90960754
2020/10/22 04:56,1603313790,1456746256,146567534
2020/10/22 04:55,1603313730,1647793312,-44479582
2020/10/22 04:54,1603313670,1678640584,-75326914
2020/10/22 04:53,1603313610,1724987264,-121673654
2020/10/22 04:52,1603313550,1459732960,143580590
2020/10/22 04:51,1603313490,1514271104,89042386
2020/10/22 04:50,1603313430,1318617912,284695518
2020/10/22 04:49,1603313370,1550984264,52329106
2020/10/22 04:48,1603313310,1324705936,278607374
2020/10/22 04:47,1603313250,1515341160,87972090
2020/10/22 04:46,1603313190,1261353960,341959230
2020/10/22 04:45,1603313130,1504237320,99075810
2020/10/22 04:44,1603313070,1435324856,167988214
2020/10/22 04:43,1603313010,1312147144,291165866
2020/10/22 04:42,1603312950,1251915520,351397430
2020/10/22 04:41,1603312890,1420383064,182929826
2020/10/22 04:40,1603312830,1548280256,55032574
2020/10/22 04:39,1603312770,1330620992,272691778
2020/10/22 04:38,1603312710,1275050576,328262134
2020/10/22 04:37,1603312650,1334409168,268903482
2020/10/22 04:36,1603312590,1628033288,-24720698
2020/10/22 04:35,1603312530,1424962608,178349922
2020/10/22 04:34,1603312470,1936507408,-333194938
2020/10/22 04:33,1603312410,1748947176,-145634766
2020/10/22 04:32,1603312350,1491767808,111544542
2020/10/22 04:31,1603312290,2055025000,-451712710
2020/10/22 04:30,1603312230,1864464192,-261151962
2020/10/22 04:29,1603312170,1688026040,-84713870
2020/10/22 04:28,1603312110,1685350360,-82038250
2020/10/22 04:27,1603312050,1456605272,146706778
2020/10/22 04:26,1603311990,1717207768,-113895778
2020/10/22 04:25,1603311930,1411266432,192045498
2020/10/22 04:24,1603311870,1168664208,434647662
2020/10/22 04:23,1603311810,1539697856,63613954
2020/10/22 04:22,1603311750,1334525752,268785998
2020/10/22 04:21,1603311690,1489458760,113852930
2020/10/22 04:20,1603311630,1701670576,-98358946
2020/10/22 04:19,1603311570,1295950856,307360714
2020/10/22 04:18,1603311510,1809489744,-206178234
2020/10/22 04:17,1603311450,1652775040,-49463590
2020/10/22 04:16,1603311390,1392381976,210929414
2020/10/22 04:15,1603311330,1271225968,332085362
2020/10/22 04:14,1603311270,1265212888,338098382
2020/10/22 04:13,1603311210,1490557160,112754050
2020/10/22 04:12,1603311150,1268255656,335055494
2020/10/22 04:11,1603311090,1786316072,-183004982
2020/10/22 04:10,1603311030,1797802704,-194491674
2020/10/22 04:09,1603310970,1874916600,-271605630
2020/10/22 04:08,1603310910,1446036912,157273998
2020/10/22 04:07,1603310850,1690320544,-87009694
2020/10/22 04:06,1603310790,1567875872,35434918
2020/10/22 04:05,1603310730,1374647424,228663306
2020/10/22 04:04,1603310670,1676880424,-73569754
2020/10/22 04:03,1603310610,1352177192,251133418
2020/10/22 04:02,1603310550,1682853248,-79542698
2020/10/22 04:01,1603310490,1407132616,196177874
2020/10/22 04:00,1603310430,1701926848,-98616418
2020/10/22 03:59,1603310370,1441509832,161800538
2020/10/22 03:58,1603310310,1621714376,-18404066
2020/10/22 03:57,1603310250,1348463800,254846450
2020/10/22 03:56,1603310190,1822914808,-219604618
2020/10/22 03:55,1603310130,1514756176,88553954
2020/10/22 03:54,1603310070,1571471128,31838942
2020/10/22 03:53,1603310010,1513166728,90143282
2020/10/22 03:52,1603309950,1276602816,326707134
2020/10/22 03:51,1603309890,1578416720,24893170
2020/10/22 03:50,1603309830,1486165472,117144358
2020/10/22 03:49,1603309770,1265764272,337545498
2020/10/22 03:48,1603309710,1341083864,262225846
2020/10/22 03:47,1603309650,1442370432,160939218
2020/10/22 03:46,1603309590,1824631672,-221322082
2020/10/22 03:45,1603309530,1945237832,-341928302
2020/10/22 03:44,1603309470,1831331744,-228022274
2020/10/22 03:43,1603309410,1733475816,-130166406
2020/10/22 03:42,1603309350,1512357176,90952174
2020/10/22 03:41,1603309290,1388554336,214754954
2020/10/22 03:40,1603309230,1964208880,-360899650
2020/10/22 03:39,1603309170,1579603016,23706154
2020/10/22 03:38,1603309110,1773881936,-170572826
2020/10/22 03:37,1603309050,1355956512,247352538
2020/10/22 03:36,1603308990,1999718744,-396409754
2020/10/22 03:35,1603308930,1598375736,4933194
2020/10/22 03:34,1603308870,1741408912,-138100042
2020/10/22 03:33,1603308810,1875773152,-272464342
2020/10/22 03:32,1603308750,1738269544,-134960794
2020/10/22 03:31,1603308690,1641441160,-38132470
2020/10/22 03:30,1603308630,1550386168,52922462
2020/10/22 03:29,1603308570,1463291440,140017130
2020/10/22 03:28,1603308510,1897110520,-293802010
2020/10/22 03:27,1603308450,1196637288,406671162
2020/10/22 03:26,1603308390,1760137848,-156829458
2020/10/22 03:25,1603308330,1465530168,137778162
2020/10/22 03:24,1603308270,1694063416,-90755146
2020/10/22 03:23,1603308210,1664443440,-61135230
2020/10/22 03:22,1603308150,1247171248,356136902
2020/10/22 03:21,1603308090,1661865848,-58557758
2020/10/22 03:20,1603308030,1151988120,451319910
2020/10/22 03:19,1603307970,1901013096,-297705126
2020/10/22 03:18,1603307910,1445965312,157342598
2020/10/22 03:17,1603307850,1228054200,375253650
2020/10/22 03:16,1603307790,1775689696,-172381906
2020/10/22 03:15,1603307730,1652889104,-49581374
2020/10/22 03:14,1603307670,1579723504,23584166
2020/10/22 03:13,1603307610,1402079704,201227906
2020/10/22 03:12,1603307550,1729952144,-126644594
2020/10/22 03:11,1603307490,1434491440,168816050
2020/10/22 03:10,1603307430,1552688096,50619334
2020/10/22 03:09,1603307370,1880034776,-276727406
2020/10/22 03:08,1603307310,1647515664,-44208354
2020/10/22 03:07,1603307250,1364381464,238925786
2020/10/22 03:06,1603307190,1372712544,230594646
2020/10/22 03:05,1603307130,1930186952,-326879822
2020/10/22 03:04,1603307070,1969183640,-365876570
2020/10/22 03:03,1603307010,1654639248,-51332238
2020/10/22 03:02,1603306950,1529394912,73912038
2020/10/22 03:01,1603306890,1363244488,240062402
2020/10/22 03:00,1603306830,1415174928,188131902
2020/10/22 02:59,1603306770,1966839720,-363532950
2020/10/22 02:58,1603306710,1957092440,-353785730
2020/10/22 02:57,1603306650,1438211984,165094666
2020/10/22 02:56,1603306590,1232309024,370997566
2020/10/22 02:55,1603306530,1856634992,-253328462
2020/10/22 02:54,1603306470,1697725328,-94418858
2020/10/22 02:53,1603306410,1542504360,60802050
2020/10/22 02:52,1603306350,1414799168,188507182
2020/10/22 02:51,1603306290,1178850072,424456218
2020/10/22 02:50,1603306230,1256304000,347002230
2020/10/22 02:49,1603306170,1482924672,120381498
2020/10/22 02:48,1603306110,1747488040,-144181930
2020/10/22 02:47,1603306050,1503071400,100234650
2020/10/22 02:46,1603305990,1321000808,282305182
2020/10/22 02:45,1603305930,1325669512,277636418
2020/10/22 02:44,1603305870,1746548584,-143242714
2020/10/22 02:43,1603305810,1617250000,-13944190
2020/10/22 02:42,1603305750,1639623088,-36317338
2020/10/22 02:41,1603305690,1470182296,133123394
2020/10/22 02:40,1603305630,1583172672,20132958
2020/10/22 02:39,1603305570,1390145816,213159754
2020/10/22 02:38,1603305510,1274509312,328796198
2020/10/22 02:37,1603305450,1495773528,107531922
2020/10/22 02:36,1603305390,1540282144,63023246
2020/10/22 02:35,1603305330,1377580304,225725026
2020/10/22 02:34,1603305270,1956066920,-352761650
2020/10/22 02:33,1603305210,1289260784,314044426
2020/10/22 02:32,1603305150,1816357512,-213052362
2020/10/22 02:31,1603305090,1706720312,-103415222
2020/10/22 02:30,1603305030,1948935928,-345630898
2020/10/22 02:29,1603304970,1972077848,-368772878
2020/10/22 02:28,1603304910,1774452512,-171147602
2020/10/22 02:27,1603304850,1336583776,266721074
2020/10/22 02:26,1603304790,1778449648,-175144858
2020/10/22 02:25,1603304730,1269819896,333484834
2020/10/22 02:24,1603304670,1885853048,-282548378
2020/10/22 02:23,1603304610,1883435784,-280131174
2020/10/22 02:22,1603304550,1792643008,-189338458
2020/10/22 02:21,1603304490,1690786920,-87482430
2020/10/22 02:20,1603304430,1309747000,293557430
2020/10/22 02:19,1603304370,1942828400,-339524030
2020/10/22 02:18,1603304310,1732225896,-128921586
2020/10/22 02:17,1603304250,1558399536,44904714
2020/10/22 02:16,1603304190,1859693464,-256389274
2020/10/22 02:15,1603304130,1552121552,51182578
2020/10/22 02:14,1603304070,1237715112,365588958
2020/10/22 02:13,1603304010,1678123504,-74819494
2020/10/22 02:12,1603303950,1911578864,-308274914
2020/10/22 02:11,1603303890,1725123728,-121819838
2020/10/22 02:10,1603303830,1342829264,260474566
2020/10/22 02:09,1603303770,1678786688,-75482918
2020/10/22 02:08,1603303710,1453213440,150090270
2020/10/22 02:07,1603303650,1387050232,216253418
2020/10/22 02:06,1603303590,1452661152,150642438
2020/10/22 02:05,1603303530,1944852760,-341549230
2020/10/22 02:04,1603303470,1778870152,-175566682
2020/10/22 02:03,1603303410,1657158984,-53855574
2020/10/22 02:02,1603303350,1810892696,-207589346
2020/10/22 02:01,1603303290,1270077144,333226146
2020/10/22 02:00,1603303230,1354331184,248972046
2020/10/22 01:59,1603303170,1699166848,-95863678
2020/10/22 01:58,1603303110,1537598880,65704230
2020/10/22 01:57,1603303050,1247535880,355767170
2020/10/22 01:56,1603302990,1699076464,-95773474
2020/10/22 01:55,1603302930,1645253792,-41950862
2020/10/22 01:54,1603302870,1736131280,-132828410
2020/10/22 01:53,1603302810,1801748976,-198446166
2020/10/22 01:52,1603302750,1889232472,-285929722
2020/10/22 01:51,1603302690,1596840440,6462250
2020/10/22 01:50,1603302630,1904979840,-301677210
2020/10/22 01:49,1603302570,1672386960,-69084390
2020/10/22 01:48,1603302510,1679507560,-76205050
2020/10/22 01:47,1603302450,1193027224,410275226
2020/10/22 01:46,1603302390,1556992488,46309902
2020/10/22 01:45,1603302330,1578851064,24451266
2020/10/22 01:44,1603302270,1477869616,125432654
2020/10/22 01:43,1603302210,1396984512,206317698
2020/10/22 01:42,1603302150,1274436112,328866038
2020/10/22 01:41,1603302090,1460677048,142625042
2020/10/22 01:40,1603302030,1168374704,434927326
2020/10/22 01:39,1603301970,1454865384,148436586
2020/10/22 01:38,1603301910,1928324752,-325022842
2020/10/22 01:37,1603301850,1573299264,30002586
2020/10/22 01:36,1603301790,1814595872,-211294082
2020/10/22 01:35,1603301730,1875299592,-271997862
2020/10/22 01:34,1603301670,1572048264,31253406
2020/10/22 01:33,1603301610,1631793688,-28492078
2020/10/22 01:32,1603301550,1233114624,370186926
2020/10/22 01:31,1603301490,1905259000,-301957510
2020/10/22 01:30,1603301430,1746949928,-143648498
2020/10/22 01:29,1603301370,1622308872,-19007502
2020/10/22 01:28,1603301310,1770400096,-167098786
2020/10/22 01:27,1603301250,1338711832,264589418
2020/10/22 01:26,1603301190,1659213648,-55912458
2020/10/22 01:25,1603301130,1369673592,233627538
2020/10/22 01:24,1603301070,1274179064,329122006
2020/10/22 01:23,1603301010,1648467952,-45166942
2020/10/22 01:22,1603300950,1454399952,148900998
2020/10/22 01:21,1603300890,1266843128,336457762
2020/10/22 01:20,1603300830,1499221488,104079342
2020/10/22 01:19,1603300770,1370119256,233181514
2020/10/22 01:18,1603300710,1502974424,100326286
2020/10/22 01:17,1603300650,1941932984,-338632334
2020/10/22 01:16,1603300590,1729505832,-126205242
2020/10/22 01:15,1603300530,1546602504,56698026
2020/10/22 01:14,1603300470,1337369784,265930686
2020/10/22 01:13,1603300410,1712758192,-109457782
2020/10/22 01:12,1603300350,1572293560,31006790
2020/10/22 01:11,1603300290,1528855328,74444962
2020/10/22 01:10,1603300230,1376073456,227226774
2020/10/22 01:09,1603300170,1738384112,-135083942
2020/10/22 01:08,1603300110,1700401752,-97101642
2020/10/22 01:07,1603300050,1540597768,62702282
2020/10/22 01:06,1603299990,1584114848,19185142
2020/10/22 01:05,1603299930,1481786184,121513746
2020/10/22 01:04,1603299870,1193418264,409881606
2020/10/22 01:03,1603299810,1260610008,342689802
2020/10/22 01:02,1603299750,1689579592,-86279842
2020/10/22 01:01,1603299690,1423437000,179862690
2020/10/22 01:00,1603299630,1367082176,236217454
2020/10/22 00:59,1603299570,1880116656,-276817086
2020/10/22 00:58,1603299510,1444603600,158695910
2020/10/22 00:57,1603299450,2056719936,-453420486
2020/10/22 00:56,1603299390,1535779152,67520238
2020/10/22 00:55,1603299330,1565306096,37993234
2020/10/22 00:54,1603299270,1387165832,216133438
2020/10/22 00:53,1603299210,1556517696,46781514
2020/10/22 00:52,1603299150,1361430408,241868742
2020/10/22 00:51,1603299090,1436730312,166568778
2020/10/22 00:50,1603299030,1282842928,320456102
2020/10/22 00:49,1603298970,1521972792,81326178
2020/10/22 00:48,1603298910,1718614816,-115315906
2020/10/22 00:47,1603298850,1444700504,158598346
2020/10/22 00:46,1603298790,1737664912,-134366122
2020/10/22 00:45,1603298730,1769070720,-165771990
2020/10/22 00:44,1603298670,1644780704,-41482034
2020/10/22 00:43,1603298610,1453096712,150201898
2020/10/22 00:42,1603298550,1738547440,-135248890
2020/10/22 00:41,1603298490,2045601200,-442302710
2020/10/22 00:40,1603298430,1550053040,53245390
2020/10/22 00:39,1603298370,1799679128,-196380758
2020/10/22 00:38,1603298310,1532981960,70316350
2020/10/22 00:37,1603298250,1276475176,326823074
2020/10/22 00:36,1603298190,1659903488,-56605298
2020/10/22 00:35,1603298130,1448251784,155046346
2020/10/22 00:34,1603298070,1415596336,187701734
2020/10/22 00:33,1603298010,1260622800,342675210
2020/10/22 00:32,1603297950,1804596512,-201298562
2020/10/22 00:31,1603297890,1691744496,-88446606
2020/10/22 00:30,1603297830,1594537128,8760702
2020/10/22 00:29,1603297770,1701052256,-97754486
2020/10/22 00:28,1603297710,1407511232,195786478
2020/10/22 00:27,1603297650,1317074432,286223218
2020/10/22 00:26,1603297590,1230606312,372691278
2020/10/22 00:25,1603297530,1855174376,-251876846
2020/10/22 00:24,1603297470,1275245992,328051478
2020/10/22 00:23,1603297410,1714726296,-111428886
2020/10/22 00:22,1603297350,1694151408,-90854058
2020/10/22 00:21,1603297290,1268115784,335181506
2020/10/22 00:20,1603297230,1542425832,60871398
2020/10/22 00:19,1603297170,1911647888,-308350718
2020/10/22 00:18,1603297110,1387126816,216170294
2020/10/22 00:17,1603297050,1652538696,-49241646
2020/10/22 00:16,1603296990,1377926128,225370862
2020/10/22 00:15,1603296930,1156304056,446992874
2020/10/22 00:14,1603296870,1502342128,100954742
2020/10/22 00:13,1603296810,1268177808,335119002
2020/10/22 00:12,1603296750,1668786552,-65489802
2020/10/22 00:11,1603296690,1496023488,107273202
2020/10/22 00:10,1603296630,1302866568,300430062
2020/10/22 00:09,1603296570,1837708856,-234412286
2020/10/22 00:08,1603296510,1375156464,228140046
2020/10/22 00:07,1603296450,1811577224,-208280774
2020/10/22 00:06,1603296390,1642149136,-38852746
2020/10/22 00:05,1603296330,1509865440,93430890
2020/10/22 00:04,1603296270,1662714160,-59417890
2020/10/22 00:03,1603296210,1468007952,135288258
2020/10/22 00:02,1603296150,1761306016,-158009866
2020/10/22 00:01,1603296090,1199302280,403993810
2020/10/22 00:00,1603296030,1698888408,-95592378
2020/10/21 23:59,1603295970,1287918480,315377490
2020/10/21 23:58,1603295910,1465160560,138135350
2020/10/21 23:57,1603295850,1271975384,331320466
2020/10/21 23:56,1603295790,1388557672,214738118
2020/10/21 23:55,1603295730,1312142032,291153698
2020/10/21 23:54,1603295670,1280470472,322825198
2020/10/21 23:53,1603295610,1630527936,-27232326
2020/10/21 23:52,1603295550,1395060408,208235142
2020/10/21 23:51,1603295490,1294469032,308826458
2020/10/21 23:50,1603295430,1809493192,-206197762
2020/10/21 23:49,1603295370,1722714616,-119419246
2020/10/21 23:48,1603295310,1682346848,-79051538
2020/10/21 23:47,1603295250,1447990184,155305066
2020/10/21 23:46,1603295190,1207797856,395497334
2020/10/21 23:45,1603295130,1602560984,734146
2020/10/21 23:44,1603295070,1523892928,79402142
2020/10/21 23:43,1603295010,1193819312,409475698
2020/10/21 23:42,1603294950,1631683104,-28388154
2020/10/21 23:41,1603294890,1168427800,434867090
2020/10/21 23:40,1603294830,1537085016,66209814
2020/10/21 23:39,1603294770,1379359832,223934938
2020/10/21 23:38,1603294710,1418353832,184940878
2020/10/21 23:37,1603294650,1672181576,-68886926
2020/10/21 23:36,1603294590,1536683832,66610758
2020/10/21 23:35,1603294530,1241450344,361844186
2020/10/21 23:34,1603294470,1380443944,222850526
2020/10/21 23:33,1603294410,1321217264,282077146
2020/10/21 23:32,1603294350,1172138744,431155606
2020/10/21 23:31,1603294290,1247537312,355756978
2020/10/21 23:30,1603294230,1259189808,344104422
2020/10/21 23:29,1603294170,1753563784,-150269614
2020/10/21 23:28,1603294110,1566233632,37060478
2020/10/21 23:27,1603294050,1428988440,174305610
2020/10/21 23:26,1603293990,1232554568,370739422
2020/10/21 23:25,1603293930,1308628776,294665154
2020/10/21 23:24,1603293870,1506229360,97064510
2020/10/21 23:23,1603293810,1740735088,-137441278
2020/10/21 23:22,1603293750,1443267672,160026078
2020/10/21 23:21,1603293690,1369139528,234154162
2020/10/21 23:20,1603293630,1578306784,24986846
2020/10/21 23:19,1603293570,1503591272,99702298
2020/10/21 23:18,1603293510,1832696384,-229402874
2020/10/21 23:17,1603293450,1399086144,204207306
2020/10/21 23:16,1603293390,1394509880,208783510
2020/10/21 23:15,1603293330,1272474672,330818658
2020/10/21 23:14,1603293270,1181658776,421634494
2020/10/21 23:13,1603293210,1650224776,-46931566
2020/10/21 23:12,1603293150,1427220104,176073046
2020/10/21 23:11,1603293090,1267214840,336078250
2020/10/21 23:10,1603293030,1827936536,-224643506
2020/10/21 23:09,1603292970,1473943448,129349522
2020/10/21 23:08,1603292910,1451885384,151407526
2020/10/21 23:07,1603292850,1622871080,-19578230
2020/10/21 23:06,1603292790,1170284480,433008310
2020/10/21 23:05,1603292730,1637326984,-34034254
2020/10/21 23:04,1603292670,1372298856,230993814
2020/10/21 23:03,1603292610,1519675360,83617250
2020/10/21 23:02,1603292550,1982660144,-379367594
2020/10/21 23:01,1603292490,1876925416,-273632926
2020/10/21 23:00,1603292430,1704367496,-101075066
2020/10/21 22:59,1603292370,1518717888,84574482
2020/10/21 22:58,1603292310,1410831328,192460982
2020/10/21 22:57,1603292250,1542108184,61184066
2020/10/21 22:56,1603292190,1277672736,325619454
2020/10/21 22:55,1603292130,1757561616,-154269486
2020/10/21 22:54,1603292070,1525120256,78171814
2020/10/21 22:53,1603292010,1461943304,141348706
2020/10/21 22:52,1603291950,1218950736,384341214
2020/10/21 22:51,1603291890,1637387400,-34095510
2020/10/21 22:50,1603291830,1532138704,71153126
2020/10/21 22:49,1603291770,1985659968,-382368198
2020/10/21 22:48,1603291710,1645908992,-42617282
2020/10/21 22:47,1603291650,1919953664,-316662014
2020/10/21 22:46,1603291590,1291044976,312246614
2020/10/21 22:45,1603291530,1856225576,-252934046
2020/10/21 22:44,1603291470,1305815712,297475758
2020/10/21 22:43,1603291410,1258861520,344429890
2020/10/21 22:42,1603291350,1545204736,58086614
2020/10/21 22:41,1603291290,1572181896,31109394
2020/10/21 22:40,1603291230,1182804224,420487006
2020/10/21 22:39,1603291170,1160260920,443030250
2020/10/21 22:38,1603291110,1181175624,422115486
2020/10/21 22:37,1603291050,1204395896,398895154
2020/10/21 22:36,1603290990,1242994712,360296278
2020/10/21 22:35,1603290930,1399760728,203530202
2020/10/21 22:34,1603290870,1170029544,433261326
2020/10/21 22:33,1603290810,1672178320,-68887510
2020/10/21 22:32,1603290750,1706082160,-102791410
2020/10/21 22:31,1603290690,1595327072,7963618
2020/10/21 22:30,1603290630,1256789776,346500854
2020/10/21 22:29,1603290570,1948459704,-345169134
2020/10/21 22:28,1603290510,1846275552,-242985042
2020/10/21 22:27,1603290450,1498849072,104441378
2020/10/21 22:26,1603290390,1844866984,-241576594
2020/10/21 22:25,1603290330,1600254344,3035986
2020/10/21 22:24,1603290270,1376017392,227272878
2020/10/21 22:23,1603290210,1597070320,6219890
2020/10/21 22:22,1603290150,1285824376,317465774
2020/10/21 22:21,1603290090,1325652488,277637602
2020/10/21 22:20,1603290030,1406588872,196701158
2020/10/21 22:19,1603289970,1436836440,166453530
2020/10/21 22:18,1603289910,1264700432,338589478
2020/10/21 22:17,1603289850,1752002056,-148712206
2020/10/21 22:16,1603289790,1644854120,-41564330
2020/10/21 22:15,1603289730,1315359656,287930074
2020/10/21 22:14,1603289670,1211574216,391715454
2020/10/21 22:13,1603289610,1879661256,-276371646
2020/10/21 22:12,1603289550,1696941992,-93652442
2020/10/21 22:11,1603289490,1375121528,228167962
2020/10/21 22:10,1603289430,1767059832,-163770402
2020/10/21 22:09,1603289370,1750107384,-146818014
2020/10/21 22:08,1603289310,1546989728,56299582
2020/10/21 22:07,1603289250,1619752016,-16462766
2020/10/21 22:06,1603289190,1416199440,187089750
2020/10/21 22:05,1603289130,1253173760,350115370
2020/10/21 22:04,1603289070,1897589072,-294300002
2020/10/21 22:03,1603289010,1713458920,-110169910
2020/10/21 22:02,1603288950,1433631240,169657710
2020/10/21 22:01,1603288890,1443454872,159834018
2020/10/21 22:00,1603288830,1851039696,-247750866
2020/10/21 21:59,1603288770,1435643920,167644850
2020/10/21 21:58,1603288710,1382990032,220298678
2020/10/21 21:57,1603288650,1319133080,284155570
2020/10/21 21:56,1603288590,1403042504,200246086
2020/10/21 21:55,1603288530,1185184288,418104242
2020/10/21 21:54,1603288470,1333921952,269366518
2020/10/21 21:53,1603288410,2020682984,-417394574
2020/10/21 21:52,1603288350,1286348896,316939454
2020/10/21 21:51,1603288290,1869593664,-266305374
2020/10/21 21:50,1603288230,1661277392,-57989162
2020/10/21 21:49,1603288170,1237826096,365462074
2020/10/21 21:48,1603288110,1731267296,-127979186
2020/10/21 21:47,1603288050,1691930888,-88642838
2020/10/21 21:46,1603287990,1305228736,298059254
2020/10/21 21:45,1603287930,1435738352,167549578
2020/10/21 21:44,1603287870,1224907000,378380870
2020/10/21 21:43,1603287810,1889565816,-286278006
2020/10/21 21:42,1603287750,1726758880,-123471130
2020/10/21 21:41,1603287690,1600971360,2316330
2020/10/21 21:40,1603287630,1445554512,157733118
2020/10/21 21:39,1603287570,1280348664,322938906
2020/10/21 21:38,1603287510,1324650368,278637142
2020/10/21 21:37,1603287450,1855191232,-251903782
2020/10/21 21:36,1603287390,1925329376,-322041986
2020/10/21 21:35,1603287330,1531112400,72174930
2020/10/21 21:34,1603287270,1525163880,78123390
2020/10/21 21:33,1603287210,1615026400,-11739190
2020/10/21 21:32,1603287150,1843752296,-240465146
2020/10/21 21:31,1603287090,1209589472,393697618
2020/10/21 21:30,1603287030,1524221328,79065702
2020/10/21 21:29,1603286970,1544707792,58579178
2020/10/21 21:28,1603286910,1261980496,341306414
2020/10/21 21:27,1603286850,1292472032,310814818
2020/10/21 21:26,1603286790,1223471904,379814886
2020/10/21 21:25,1603286730,1762967448,-159680718
2020/10/21 21:24,1603286670,1517414320,85872350
2020/10/21 21:23,1603286610,1731921688,-128635078
2020/10/21 21:22,1603286550,1562674176,40612374
2020/10/21 21:21,1603286490,1269477456,333809034
2020/10/21 21:20,1603286430,1422394400,180892030
2020/10/21 21:19,1603286370,1710309600,-107023230
2020/10/21 21:18,1603286310,1112063152,491223158
2020/10/21 21:17,1603286250,1087646384,515639866
2020/10/21 21:16,1603286190,1616570432,-13284242
2020/10/21 21:15,1603286130,1375325216,227960914
2020/10/21 21:14,1603286070,1785929664,-182643594
2020/10/21 21:13,1603286010,1783105440,-179819430
2020/10/21 21:12,1603285950,1614450840,-11164890
2020/10/21 21:11,1603285890,1289292864,313993026
2020/10/21 21:10,1603285830,1316339080,286946750
2020/10/21 21:09,1603285770,1419278136,184007634
2020/10/21 21:08,1603285710,1281571480,321714230
2020/10/21 21:07,1603285650,1762113512,-158827862
2020/10/21 21:06,1603285590,1588871208,14414382
2020/10/21 21:05,1603285530,1482578528,120707002
2020/10/21 21:04,1603285470,1308172400,295113070
2020/10/21 21:03,1603285410,1287180584,316104826
2020/10/21 21:02,1603285350,1371453304,231832046
2020/10/21 21:01,1603285290,1322372880,280912410
2020/10/21 21:00,1603285230,1759651808,-156366578
2020/10/21 20:59,1603285170,1498176960,105108210
2020/10/21 20:58,1603285110,1165103296,438181814
2020/10/21 20:57,1603285050,1387500288,215784762
2020/10/21 20:56,1603284990,1839500784,-236215794
2020/10/21 20:55,1603284930,1696028160,-92743230
2020/10/21 20:54,1603284870,1817177912,-213893042
2020/10/21 20:53,1603284810,1309223320,294061490
2020/10/21 20:52,1603284750,1075895632,527389118
2020/10/21 20:51,1603284690,1268964752,334319938
2020/10/21 20:50,1603284630,1296494768,306789862
2020/10/21 20:49,1603284570,1244851376,358433194
2020/10/21 20:48,1603284510,1538416392,64868118
2020/10/21 20:47,1603284450,1661786328,-58501878
2020/10/21 20:46,1603284390,1113192408,490091982
2020/10/21 20:45,1603284330,1533638080,69646250
2020/10/21 20:44,1603284270,1597427760,5856510
2020/10/21 20:43,1603284210,1072569928,530714282
2020/10/21 20:42,1603284150,1618617360,-15333210
2020/10/21 20:41,1603284090,1553602816,49681274
2020/10/21 20:40,1603284030,1343413280,259870750
2020/10/21 20:39,1603283970,1500444472,102839498
2020/10/21 20:38,1603283910,1128894000,474389910
2020/10/21 20:37,1603283850,1311984672,291299178
2020/10/21 20:36,1603283790,1145595848,457687942
2020/10/21 20:35,1603283730,1488374872,114908858
2020/10/21 20:34,1603283670,1215193720,388089950
2020/10/21 20:33,1603283610,1647283992,-44000382
2020/10/21 20:32,1603283550,1181036272,422247278
2020/10/21 20:31,1603283490,1093148424,510135066
2020/10/21 20:30,1603283430,1797692904,-194409474
2020/10/21 20:29,1603283370,1225869912,377413458
2020/10/21 20:28,1603283310,1641986200,-38702890
2020/10/21 20:27,1603283250,1565261832,38021418
2020/10/21 20:26,1603283190,1216861376,386421814
2020/10/21 20:25,1603283130,1664281552,-60998422
2020/10/21 20:24,1603283070,1729485808,-126202738
2020/10/21 20:23,1603283010,1507167880,96115130
2020/10/21 20:22,1603282950,1834891968,-231609018
2020/10/21 20:21,1603282890,1529873736,73409154
2020/10/21 20:20,1603282830,1409131872,194150958
2020/10/21 20:19,1603282770,1401154320,202128450
2020/10/21 20:18,1603282710,1309498136,293784574
2020/10/21 20:17,1603282650,1086169800,517112850
2020/10/21 20:16,1603282590,1548347432,54935158
2020/10/21 20:15,1603282530,1186917376,416365154
2020/10/21 20:14,1603282470,1199360432,403922038
2020/10/21 20:13,1603282410,1793584768,-190302358
2020/10/21 20:12,1603282350,1549903440,53378910
2020/10/21 20:11,1603282290,1143592408,459689882
2020/10/21 20:10,1603282230,1827836328,-224554098
2020/10/21 20:09,1603282170,1764024936,-160742766
2020/10/21 20:08,1603282110,1591673152,11608958
2020/10/21 20:07,1603282050,1366845168,236436882
2020/10/21 20:06,1603281990,1271332896,331949094
2020/10/21 20:05,1603281930,1187719976,415561954
2020/10/21 20:04,1603281870,1875119992,-271838122
2020/10/21 20:03,1603281810,1649019648,-45737838
2020/10/21 20:02,1603281750,1278785568,324496182
2020/10/21 20:01,1603281690,1201931328,401350362
2020/10/21 20:00,1603281630,1597662472,5619158
2020/10/21 19:59,1603281570,1484189912,119091658
2020/10/21 19:58,1603281510,1735970952,-132689442
2020/10/21 19:57,1603281450,1400783664,202497786
2020/10/21 19:56,1603281390,1984369600,-381088210
2020/10/21 19:55,1603281330,1796713504,-193432174
2020/10/21 19:54,1603281270,1657661432,-54380162
2020/10/21 19:53,1603281210,1237389224,365891986
2020/10/21 19:52,1603281150,1436382552,166898598
2020/10/21 19:51,1603281090,1245934872,357346218
2020/10/21 19:50,1603281030,1382487776,220793254
2020/10/21 19:49,1603280970,1663979728,-60698758
2020/10/21 19:48,1603280910,1686349920,-83069010
2020/10/21 19:47,1603280850,1423537280,179743570
2020/10/21 19:46,1603280790,1307627016,295653774
2020/10/21 19:45,1603280730,1117220264,486060466
2020/10/21 19:44,1603280670,1528466744,74813926
2020/10/21 19:43,1603280610,1458295256,144985354
2020/10/21 19:42,1603280550,1312579440,290701110
2020/10/21 19:41,1603280490,1679980392,-76699902
2020/10/21 19:40,1603280430,1103623296,499657134
2020/10/21 19:39,1603280370,1330892736,272387634
2020/10/21 19:38,1603280310,1238678752,364601558
2020/10/21 19:37,1603280250,1416992144,186288106
2020/10/21 19:36,1603280190,1764479736,-161199546
2020/10/21 19:35,1603280130,1661838584,-58558454
2020/10/21 19:34,1603280070,1560083720,43196350
2020/10/21 19:33,1603280010,1370647088,232632922
2020/10/21 19:32,1603279950,1454145192,149134758
2020/10/21 19:31,1603279890,1157895480,445384410
2020/10/21 19:30,1603279830,1560783272,42496558
2020/10/21 19:29,1603279770,1364244760,239035010
2020/10/21 19:28,1603279710,1572368744,30910966
2020/10/21 19:27,1603279650,1160178840,443100810
2020/10/21 19:26,1603279590,1068073456,535206134
2020/10/21 19:25,1603279530,1487377800,115901730
2020/10/21 19:24,1603279470,1235339776,367939694
2020/10/21 19:23,1603279410,1494385000,108894410
2020/10/21 19:22,1603279350,1447001856,156277494
2020/10/21 19:21,1603279290,1422556880,180722410
2020/10/21 19:20,1603279230,1740147536,-136868306
2020/10/21 19:19,1603279170,1727766416,-124487246
2020/10/21 19:18,1603279110,1603192136,86974
2020/10/21 19:17,1603279050,1259465448,343813602
2020/10/21 19:16,1603278990,1918632576,-315353586
2020/10/21 19:15,1603278930,1811805208,-208526278
2020/10/21 19:14,1603278870,1527939576,75339294
2020/10/21 19:13,1603278810,1424308240,178970570
2020/10/21 19:12,1603278750,1415226016,188052734
2020/10/21 19:11,1603278690,1180249848,423028842
2020/10/21 19:10,1603278630,1762560320,-159281690
2020/10/21 19:09,1603278570,1513436120,89842450
2020/10/21 19:08,1603278510,1812995616,-209717106
2020/10/21 19:07,1603278450,1529802752,73475698
2020/10/21 19:06,1603278390,1821827920,-218549530
2020/10/21 19:05,1603278330,1708184248,-104905918
2020/10/21 19:04,1603278270,1131543040,471735230
2020/10/21 19:03,1603278210,1373478088,229800122
2020/10/21 19:02,1603278150,1250629584,352648566
2020/10/21 19:01,1603278090,1473998224,129279866
2020/10/21 19:00,1603278030,1633589704,-30311674
2020/10/21 18:59,1603277970,1428989240,174288730
2020/10/21 18:58,1603277910,1599075448,4202462
2020/10/21 18:57,1603277850,1488894432,114383418
2020/10/21 18:56,1603277790,1367601032,235676758
2020/10/21 18:55,1603277730,1138090744,465186986
2020/10/21 18:54,1603277670,1415569512,187708158
2020/10/21 18:53,1603277610,1216869080,386408530
2020/10/21 18:52,1603277550,1175346344,427931206
2020/10/21 18:51,1603277490,1186839104,416438386
2020/10/21 18:50,1603277430,1357307800,245969630
2020/10/21 18:49,1603277370,1348245144,255032226
2020/10/21 18:48,1603277310,1506690560,96586750
2020/10/21 18:47,1603277250,1309047600,294229650
2020/10/21 18:46,1603277190,1203137040,400140150
2020/10/21 18:45,1603277130,1468996384,134280746
2020/10/21 18:44,1603277070,1392760872,210516198
2020/10/21 18:43,1603277010,1289353392,313923618
2020/10/21 18:42,1603276950,1610147088,-6870138
2020/10/21 18:41,1603276890,1532165232,71111658
2020/10/21 18:40,1603276830,1424407368,178869462
2020/10/21 18:39,1603276770,1272040640,331236130
2020/10/21 18:38,1603276710,1573112576,30164134
2020/10/21 18:37,1603276650,1629001424,-25724774
2020/10/21 18:36,1603276590,1138718488,464558102
2020/10/21 18:35,1603276530,1594427736,8848794
2020/10/21 18:34,1603276470,1379446928,223829542
2020/10/21 18:33,1603276410,1075798208,527478202
2020/10/21 18:32,1603276350,1357228256,246048094
2020/10/21 18:31,1603276290,1213864456,389411834
2020/10/21 18:30,1603276230,1275548960,327727270
2020/10/21 18:29,1603276170,1659905568,-56629398
2020/10/21 18:28,1603276110,1669044016,-65767906
2020/10/21 18:27,1603276050,1213875888,389400162
2020/10/21 18:26,1603275990,1510713800,92562190
2020/10/21 18:25,1603275930,1764976384,-161700454
2020/10/21 18:24,1603275870,1520183256,83092614
2020/10/21 18:23,1603275810,1357672696,245603114
2020/10/21 18:22,1603275750,1280997608,322278142
2020/10/21 18:21,1603275690,1068639352,534636338
2020/10/21 18:20,1603275630,1403215112,200060518
2020/10/21 18:19,1603275570,1236807080,366468490
2020/10/21 18:18,1603275510,1520449400,82826110
2020/10/21 18:17,1603275450,1372130128,231145322
2020/10/21 18:16,1603275390,1409343552,193931838
2020/10/21 18:15,1603275330,1378893248,224382082
2020/10/21 18:14,1603275270,1680829584,-77554314
2020/10/21 18:13,1603275210,1477582712,125692498
2020/10/21 18:12,1603275150,1442174792,161100358
2020/10/21 18:11,1603275090,1297940816,305334274
2020/10/21 18:10,1603275030,1177642816,425632214
2020/10/21 18:09,1603274970,1482757528,120517442
2020/10/21 18:08,1603274910,1424473280,178801630
2020/10/21 18:07,1603274850,1689060376,-85785526
2020/10/21 18:06,1603274790,1480273936,123000854
2020/10/21 18:05,1603274730,1355741456,247533274
2020/10/21 18:04,1603274670,1177475888,425798782
2020/10/21 18:03,1603274610,1117249000,486025610
2020/10/21 18:02,1603274550,1687061208,-83786658
2020/10/21 18:01,1603274490,1584811768,18462722
2020/10/21 18:00,1603274430,1432715808,170558622
2020/10/21 17:59,1603274370,1216959392,386314978
2020/10/21 17:58,1603274310,1465444112,137830198
2020/10/21 17:57,1603274250,1290182352,313091898
2020/10/21 17:56,1603274190,1197930944,405343246
2020/10/21 17:55,1603274130,1569306848,33967282
2020/10/21 17:54,1603274070,1435972808,167301262
2020/10/21 17:53,1603274010,1283285544,319988466
2020/10/21 17:52,1603273950,1699869400,-96595450
2020/10/21 17:51,1603273890,1560254944,43018946
2020/10/21 17:50,1603273830,1622662024,-19388194
2020/10/21 17:49,1603273770,1301180736,302093034
2020/10/21 17:48,1603273711,1629712464,-26438753
2020/10/21 17:47,1603273650,1419702264,183571386
2020/10/21 17:46,1603273590,1527583936,75689654
2020/10/21 17:45,1603273530,1113392432,489881098
2020/10/21 17:44,1603273470,1151571216,451702254
2020/10/21 17:43,1603273410,1536660208,66613202
2020/10/21 17:42,1603273350,1422701464,180571886
2020/10/21 17:41,1603273290,1317947136,285326154
2020/10/21 17:40,1603273230,1261978136,341295094
2020/10/21 17:39,1603273170,1399217424,204055746
2020/10/21 17:38,1603273110,1086624528,516648582
2020/10/21 17:37,1603273050,1651153512,-47880462
2020/10/21 17:36,1603272990,1369541480,233731510
2020/10/21 17:35,1603272930,1023669168,579603762
2020/10/21 17:34,1603272870,1781255632,-177982762
2020/10/21 17:33,1603272810,1654930976,-51658166
2020/10/21 17:32,1603272750,1406800328,196472422
2020/10/21 17:31,1603272690,1763163280,-159890590
2020/10/21 17:30,1603272630,1658630912,-55358282
2020/10/21 17:29,1603272570,1537962528,65310042
2020/10/21 17:28,1603272510,1318071232,285201278
2020/10/21 17:27,1603272450,1100182544,503089906
2020/10/21 17:26,1603272390,1144436480,458835910
2020/10/21 17:25,1603272330,1737018672,-133746342
2020/10/21 17:24,1603272270,1872899880,-269627610
2020/10/21 17:23,1603272210,1701457816,-98185606
2020/10/21 17:22,1603272150,1549764864,53507286
2020/10/21 17:21,1603272090,1675494200,-72222110
2020/10/21 17:20,1603272030,1242675968,360596062
2020/10/21 17:19,1603271970,1151519944,451752026
2020/10/21 17:18,1603271910,1886421752,-283149842
2020/10/21 17:17,1603271850,1317868776,285403074
2020/10/21 17:16,1603271790,1190123616,413148174
2020/10/21 17:15,1603271730,1399946792,203324938
2020/10/21 17:14,1603271670,1351133168,252138502
2020/10/21 17:13,1603271610,1265302472,337969138
2020/10/21 17:12,1603271550,1091654104,511617446
2020/10/21 17:11,1603271490,1100072552,503198938
2020/10/21 17:10,1603271430,1461355776,141915654
2020/10/21 17:09,1603271370,1347489128,255782242
2020/10/21 17:08,1603271310,1600967936,2303374
2020/10/21 17:07,1603271250,1424458664,178812586
2020/10/21 17:06,1603271190,1114726376,488544814
2020/10/21 17:05,1603271130,1927500448,-324229318
2020/10/21 17:04,1603271070,1764735168,-161464098
2020/10/21 17:03,1603271010,1561089960,42181050
2020/10/21 17:02,1603270950,1856752848,-253481898
2020/10/21 17:01,1603270890,1392546224,210724666
2020/10/21 17:00,1603270830,1267590088,335680742
2020/10/21 16:59,1603270770,1189537240,413733530
2020/10/21 16:58,1603270710,1634177096,-30906386
2020/10/21 16:57,1603270650,1175947648,427323002
2020/10/21 16:56,1603270590,1363918576,239352014
2020/10/21 16:55,1603270530,1342642056,260628474
2020/10/21 16:54,1603270470,1237560096,365710374
2020/10/21 16:53,1603270410,1664043608,-60773198
2020/10/21 16:52,1603270350,1463606968,139663382
2020/10/21 16:51,1603270290,1270309472,332960818
2020/10/21 16:50,1603270230,1060974288,542295942
2020/10/21 16:49,1603270170,1302738936,300531234
2020/10/21 16:48,1603270110,1063302184,539967926
2020/10/21 16:47,1603270050,1451489048,151781002
2020/10/21 16:46,1603269990,1588052912,15217078
2020/10/21 16:45,1603269930,1373976928,229293002
2020/10/21 16:44,1603269870,1570632816,32637054
2020/10/21 16:43,1603269810,1282551512,320718298
2020/10/21 16:42,1603269750,1173640440,429629310
2020/10/21 16:41,1603269690,1675385440,-72115750
2020/10/21 16:40,1603269630,1004549752,598719878
2020/10/21 16:39,1603269570,1249488888,353780682
2020/10/21 16:38,1603269510,1383195728,220073782
2020/10/21 16:37,1603269450,1525751520,77517930
2020/10/21 16:36,1603269390,1261232616,342036774
2020/10/21 16:35,1603269330,1097560648,505708682
2020/10/21 16:34,1603269270,1416362136,186907134
2020/10/21 16:33,1603269210,1271374272,331894938
2020/10/21 16:32,1603269150,1258292384,344976766
2020/10/21 16:31,1603269090,1098070568,505198522
2020/10/21 16:30,1603269030,1544241008,59028022
2020/10/21 16:29,1603268970,1739934896,-136665926
2020/10/21 16:28,1603268910,1411812400,191456510
2020/10/21 16:27,1603268850,1303666240,299602610
2020/10/21 16:26,1603268790,1070078408,533190382
2020/10/21 16:25,1603268730,1547267352,56001378
2020/10/21 16:24,1603268670,1325898048,277370622
2020/10/21 16:23,1603268610,1383969064,219299546
2020/10/21 16:22,1603268550,1485415024,117853526
2020/10/21 16:21,1603268490,1401556288,201712202
2020/10/21 16:20,1603268430,1016616416,586652014
2020/10/21 16:19,1603268370,1238692464,364575906
2020/10/21 16:18,1603268310,987214360,616053950
2020/10/21 16:17,1603268250,1449571056,153697194
2020/10/21 16:16,1603268190,1287900880,315367310
2020/10/21 16:15,1603268130,1382886904,220381226
2020/10/21 16:14,1603268070,1739648440,-136380370
2020/10/21 16:13,1603268010,1524349560,78918450
2020/10/21 16:12,1603267950,1156244296,447023654
2020/10/21 16:11,1603267890,1515147552,88120338
2020/10/21 16:10,1603267830,1582299400,20968430
2020/10/21 16:09,1603267770,1237158528,366109242
2020/10/21 16:08,1603267710,1416345216,186922494
2020/10/21 16:07,1603267650,1305713584,297554066
2020/10/21 16:06,1603267590,1131821160,471446430
2020/10/21 16:05,1603267530,1593332648,9934882
2020/10/21 16:04,1603267470,1509312888,93954582
2020/10/21 16:03,1603267410,1255456472,347810938
2020/10/21 16:02,1603267350,1169562552,433704798
2020/10/21 16:01,1603267290,1021091768,582175522
2020/10/21 16:00,1603267230,1703622240,-100355010
2020/10/21 15:59,1603267170,1795546432,-192279262
2020/10/21 15:58,1603267110,1410493632,192773478
2020/10/21 15:57,1603267050,1260960488,342306562
2020/10/21 15:56,1603266990,1586128656,17138334
2020/10/21 15:55,1603266930,1831163840,-227896910
2020/10/21 15:54,1603266870,1562178728,41088142
2020/10/21 15:53,1603266810,1440567800,162699010
2020/10/21 15:52,1603266750,1293246048,310020702
2020/10/21 15:51,1603266690,1185281872,417984818
2020/10/21 15:50,1603266630,1150975160,452291470
2020/10/21 15:49,1603266570,1064572008,538694562
2020/10/21 15:48,1603266510,1614302824,-11036314
2020/10/21 15:47,1603266450,1256084616,347181834
2020/10/21 15:46,1603266390,1799670736,-196404346
2020/10/21 15:45,1603266330,1875557248,-272290918
2020/10/21 15:44,1603266270,1903872504,-300606234
2020/10/21 15:43,1603266210,1436214032,167052178
2020/10/21 15:42,1603266150,1121418992,481847158
2020/10/21 15:41,1603266090,1280502824,322763266
2020/10/21 15:40,1603266030,1620620560,-17354530
2020/10/21 15:39,1603265970,1453238712,150027258
2020/10/21 15:38,1603265910,1212969592,390296318
2020/10/21 15:37,1603265850,1245161184,358104666
2020/10/21 15:36,1603265790,1260191232,343074558
2020/10/21 15:35,1603265730,1365749448,237516282
2020/10/21 15:34,1603265670,1176189136,427076534
2020/10/21 15:33,1603265610,1553165640,50099970
2020/10/21 15:32,1603265550,1706901392,-103635842
2020/10/21 15:31,1603265490,1256162152,347103338
2020/10/21 15:30,1603265430,1841902792,-238637362
2020/10/21 15:29,1603265370,1763144304,-159878934
2020/10/21 15:28,1603265310,1849560328,-246295018
2020/10/21 15:27,1603265250,1396385000,206880250
2020/10/21 15:26,1603265190,1360814288,242450902
2020/10/21 15:25,1603265131,1609973416,-6708285
2020/10/21 15:24,1603265070,1685456360,-82191290
2020/10/21 15:23,1603265010,1474962480,128302530
2020/10/21 15:22,1603264950,1545200744,58064206
2020/10/21 15:21,1603264890,1253042672,350222218
2020/10/21 15:20,1603264830,1548660632,54604198
2020/10/21 15:19,1603264770,1421805488,181459282
2020/10/21 15:18,1603264710,1075102880,528161830
2020/10/21 15:17,1603264650,1237615336,365649314
2020/10/21 15:16,1603264590,1444877560,158387030
2020/10/21 15:15,1603264530,1189748256,413516274
2020/10/21 15:14,1603264470,1576093248,27171222
2020/10/21 15:13,1603264410,1316558168,286706242
2020/10/21 15:12,1603264350,1698586784,-95322434
2020/10/21 15:11,1603264290,1101165560,502098730
2020/10/21 15:10,1603264230,1072485808,530778422
2020/10/21 15:09,1603264170,1224967024,378297146
2020/10/21 15:08,1603264110,1340982448,262281662
2020/10/21 15:07,1603264050,1401746512,201517538
2020/10/21 15:06,1603263990,1280226488,323037502
2020/10/21 15:05,1603263930,1810659720,-207395790
2020/10/21 15:04,1603263870,1403757800,199506070
2020/10/21 15:03,1603263810,1245066864,358196946
2020/10/21 15:02,1603263750,1596773960,6489790
2020/10/21 15:01,1603263690,1273504168,329759522
2020/10/21 15:00,1603263630,1170291080,432972550
2020/10/21 14:59,1603263570,1623427024,-20163454
2020/10/21 14:58,1603263510,1628667736,-25404226
2020/10/21 14:57,1603263450,1244113664,359149786
2020/10/21 14:56,1603263390,1346991536,256271854
2020/10/21 14:55,1603263330,1290854752,312408578
2020/10/21 14:54,1603263270,1631533496,-28270226
2020/10/21 14:53,1603263210,1553429176,49834034
2020/10/21 14:52,1603263150,1587340552,15922598
2020/10/21 14:51,1603263090,1384812056,218451034
2020/10/21 14:50,1603263030,1162927256,440335774
2020/10/21 14:49,1603262970,1116367632,486895338
2020/10/21 14:48,1603262910,1435717400,167545510
2020/10/21 14:47,1603262850,1558627472,44635378
2020/10/21 14:46,1603262790,1649391168,-46128378
2020/10/21 14:45,1603262730,1395870264,207392466
2020/10/21 14:44,1603262670,1332013040,271249630
2020/10/21 14:43,1603262610,1200893320,402369290
2020/10/21 14:42,1603262550,1442079752,161182798
2020/10/21 14:41,1603262490,1259146144,344116346
2020/10/21 14:40,1603262430,1552995416,50267014
2020/10/21 14:39,1603262370,1663427392,-60165022
2020/10/21 14:38,1603262310,1256925584,346336726
2020/10/21 14:37,1603262250,1443919016,159343234
2020/10/21 14:36,1603262190,1285952736,317309454
2020/10/21 14:35,1603262130,1091780440,511481690
2020/10/21 14:34,1603262070,1079988848,523273222
2020/10/21 14:33,1603262010,1121090552,482171458
2020/10/21 14:32,1603261950,1463160336,140101614
2020/10/21 14:31,1603261890,1084399048,518862842
2020/10/21 14:30,1603261830,1221520752,381741078
2020/10/21 14:29,1603261770,1305415560,297846210
2020/10/21 14:28,1603261710,1454313632,148948078
2020/10/21 14:27,1603261650,1528915064,74346586
2020/10/21 14:26,1603261590,1233869464,369392126
2020/10/21 14:25,1603261530,1647779248,-44517718
2020/10/21 14:24,1603261470,1752841336,-149579866
2020/10/21 14:23,1603261410,1615301736,-12040326
2020/10/21 14:22,1603261350,1490018928,113242422
2020/10/21 14:21,1603261290,1382873792,220387498
2020/10/21 14:20,1603261230,1670101464,-66840234
2020/10/21 14:19,1603261170,1574454160,28807010
2020/10/21 14:18,1603261110,1599321216,3939894
2020/10/21 14:17,1603261050,1246042528,357218522
2020/10/21 14:16,1603260990,1347055848,256205142
2020/10/21 14:15,1603260930,1171448472,431812458
2020/10/21 14:14,1603260870,1303882912,299377958
2020/10/21 14:13,1603260810,1238049664,365211146
2020/10/21 14:12,1603260750,1278860280,324400470
2020/10/21 14:11,1603260690,1440180360,163080330
2020/10/21 14:10,1603260630,1399425560,203835070
2020/10/21 14:09,1603260570,1197608384,405652186
2020/10/21 14:08,1603260510,1368611736,234648774
2020/10/21 14:07,1603260450,1254178264,349082186
2020/10/21 14:06,1603260390,1184497296,418763094
2020/10/21 14:05,1603260330,1261230568,342029762
2020/10/21 14:04,1603260270,1167950912,435309358
2020/10/21 14:03,1603260210,1424866304,178393906
2020/10/21 14:02,1603260150,1628510080,-25249930
2020/10/21 14:01,1603260090,1435829496,167430594
2020/10/21 14:00,1603260030,1177149392,426110638
2020/10/21 13:59,1603259970,1190518336,412741634
2020/10/21 13:58,1603259910,1503470744,99789166
2020/10/21 13:57,1603259850,1351707520,251552330
2020/10/21 13:56,1603259790,1392460704,210799086
2020/10/21 13:55,1603259730,1171202432,432057298
2020/10/21 13:54,1603259670,1348218032,255041638
2020/10/21 13:53,1603259610,1678862800,-75603190
2020/10/21 13:52,1603259550,1249485144,353774406
2020/10/21 13:51,1603259490,1555663864,47595626
2020/10/21 13:50,1603259430,1247994912,355264518
2020/10/21 13:49,1603259370,1073353296,529906074
2020/10/21 13:48,1603259310,1179508848,423750462
2020/10/21 13:47,1603259250,1531074352,72184898
2020/10/21 13:46,1603259190,1110432696,492826494
2020/10/21 13:45,1603259130,1021279224,581979906
2020/10/21 13:44,1603259070,1242555264,360703806
2020/10/21 13:43,1603259010,1037328912,565930098
2020/10/21 13:42,1603258950,1192453536,410805414
2020/10/21 13:41,1603258890,1275524024,327734866
2020/10/21 13:40,1603258830,1423979872,179278958
2020/10/21 13:39,1603258770,1138447752,464811018
2020/10/21 13:38,1603258710,1013327232,589931478
2020/10/21 13:37,1603258650,1317192736,286065914
2020/10/21 13:36,1603258590,1097211304,506047286
2020/10/21 13:35,1603258530,1130884224,472374306
2020/10/21 13:34,1603258470,1728895968,-125637498
2020/10/21 13:33,1603258410,1590490952,12767458
2020/10/21 13:32,1603258350,1195520056,407738294
2020/10/21 13:31,1603258290,1696759008,-93500718
2020/10/21 13:30,1603258230,1231737624,371520606
2020/10/21 13:29,1603258170,1119535648,483722522
2020/10/21 13:28,1603258110,1208545376,394712734
2020/10/21 13:27,1603258050,1053295544,549962506
2020/10/21 13:26,1603257990,1583754096,19503894
2020/10/21 13:25,1603257930,1470535520,132722410
2020/10/21 13:24,1603257870,1355172328,248085542
2020/10/21 13:23,1603257810,1376966536,226291274
2020/10/21 13:22,1603257750,1176446040,426811710
2020/10/21 13:21,1603257690,1028915600,574342090
2020/10/21 13:20,1603257630,1731004616,-127746986
2020/10/21 13:19,1603257570,1621426888,-18169318
2020/10/21 13:18,1603257510,1493994120,109263390
2020/10/21 13:17,1603257450,1304143392,299114058
2020/10/21 13:16,1603257390,1520521560,82735830
2020/10/21 13:15,1603257330,1303985800,299271530
2020/10/21 13:14,1603257270,1182950736,420306534
2020/10/21 13:13,1603257210,1442299240,160957970
2020/10/21 13:12,1603257150,1259927920,343329230
2020/10/21 13:11,1603257090,1057461184,545795906
2020/10/21 13:10,1603257030,1332203248,271053782
2020/10/21 13:09,1603256970,1562083160,41173810
2020/10/21 13:08,1603256910,1381676216,221580694
2020/10/21 13:07,1603256850,1505432184,97824666
2020/10/21 13:06,1603256790,1652342080,-49085290
2020/10/21 13:05,1603256730,1420479984,182776746
2020/10/21 13:04,1603256670,1775713536,-172456866
2020/10/21 13:03,1603256610,1213827560,389429050
2020/10/21 13:02,1603256550,1680244688,-76988138
2020/10/21 13:01,1603256490,1510677832,92578658
2020/10/21 13:00,1603256430,1035211136,568045294
2020/10/21 12:59,1603256370,1064969728,538286642
2020/10/21 12:58,1603256310,1076079648,527176662
2020/10/21 12:57,1603256250,1465398024,137858226
2020/10/21 12:56,1603256190,1357830264,245425926
2020/10/21 12:55,1603256130,1294845016,308411114
2020/10/21 12:54,1603256070,1208357336,394898734
2020/10/21 12:53,1603256010,1270125024,333130986
2020/10/21 12:52,1603255950,1530359840,72896110
2020/10/21 12:51,1603255890,1689379216,-86123326
2020/10/21 12:50,1603255830,1241368448,361887382
2020/10/21 12:49,1603255770,1290243872,313011898
2020/10/21 12:48,1603255710,1609281664,-6025954
2020/10/21 12:47,1603255650,1145909640,457346010
2020/10/21 12:46,1603255590,1001528432,601727158
2020/10/21 12:45,1603255530,1180760584,422494946
2020/10/21 12:44,1603255470,1854712088,-251456618
2020/10/21 12:43,1603255410,1550029632,53225778
2020/10/21 12:42,1603255350,1389519048,213736302
2020/10/21 12:41,1603255290,1089886144,513369146
2020/10/21 12:40,1603255230,1193352448,409902782
2020/10/21 12:39,1603255170,1132977496,470277674
2020/10/21 12:38,1603255110,1332973080,270282030
2020/10/21 12:37,1603255050,1753540664,-150285614
2020/10/21 12:36,1603254990,1387038656,216216334
2020/10/21 12:35,1603254930,1335844032,267410898
2020/10/21 12:34,1603254870,1258681808,344573062
2020/10/21 12:33,1603254810,1580950952,22303858
2020/10/21 12:32,1603254750,1378799128,224455622
2020/10/21 12:31,1603254690,1486281064,116973626
2020/10/21 12:30,1603254630,1378354352,224900278
2020/10/21 12:29,1603254570,1399432264,203822306
2020/10/21 12:28,1603254510,1261006096,342248414
2020/10/21 12:27,1603254450,1693609504,-90355054
2020/10/21 12:26,1603254390,1569423112,33831278
2020/10/21 12:25,1603254330,1728093584,-124839254
2020/10/21 12:24,1603254270,1662414000,-59159730
2020/10/21 12:23,1603254210,1629359272,-26105062
2020/10/21 12:22,1603254150,1562952744,40301406
2020/10/21 12:21,1603254090,1433517640,169736450
2020/10/21 12:20,1603254030,991981952,611272078
2020/10/21 12:19,1603253970,1282190848,321063122
2020/10/21 12:18,1603253910,1313716648,289537262
2020/10/21 12:17,1603253850,1534909904,68343946
2020/10/21 12:16,1603253790,1041103144,562150646
2020/10/21 12:15,1603253730,1362508584,240745146
2020/10/21 12:14,1603253670,1268473704,334779966
2020/10/21 12:13,1603253610,1132616448,470637162
2020/10/21 12:12,1603253550,1729152200,-125898650
2020/10/21 12:11,1603253490,1527890776,75362714
2020/10/21 12:10,1603253430,1611787328,-8533898
2020/10/21 12:09,1603253370,1405727864,197525506
2020/10/21 12:08,1603253310,1535699704,67553606
2020/10/21 12:07,1603253250,1483805440,119447810
2020/10/21 12:06,1603253190,1308631296,294621894
2020/10/21 12:05,1603253130,1104025664,499227466
2020/10/21 12:04,1603253070,1031236688,572016382
2020/10/21 12:03,1603253010,1708632032,-105379022
2020/10/21 12:02,1603252950,1132615240,470637710
2020/10/21 12:01,1603252890,1030638992,572613898
2020/10/21 12:00,1603252830,1412490984,190761846
2020/10/21 11:59,1603252770,1591204008,12048762
2020/10/21 11:58,1603252710,1247313928,355938782
2020/10/21 11:57,1603252650,1030974352,572278298
2020/10/21 11:56,1603252590,1108703336,494549254
2020/10/21 11:55,1603252530,1914331456,-311078926
2020/10/21 11:54,1603252470,1897163992,-293911522
2020/10/21 11:53,1603252410,1762533744,-159281334
2020/10/21 11:52,1603252350,1726686368,-123434018
2020/10/21 11:51,1603252290,1726182816,-122930526
2020/10/21 11:50,1603252230,1436639184,166613046
2020/10/21 11:49,1603252170,1238860976,364391194
2020/10/21 11:48,1603252110,1863035400,-259783290
2020/10/21 11:47,1603252050,1195600776,407651274
2020/10/21 11:46,1603251990,1663502176,-60250186
2020/10/21 11:45,1603251930,1550590568,52661362
2020/10/21 11:44,1603251870,1541625264,61626606
2020/10/21 11:43,1603251810,1532785848,70465962
2020/10/21 11:42,1603251750,1506504192,96747558
2020/10/21 11:41,1603251690,1382442736,220808954
2020/10/21 11:40,1603251630,1276702536,326549094
2020/10/21 11:39,1603251570,1264146824,339104746
2020/10/21 11:38,1603251510,1454656768,148594742
2020/10/21 11:37,1603251450,1701586832,-98335382
2020/10/21 11:36,1603251390,1561539920,41711470
2020/10/21 11:35,1603251330,1504032616,99218714
2020/10/21 11:34,1603251270,1363108864,240142406
2020/10/21 11:33,1603251210,1402307080,200944130
2020/10/21 11:32,1603251150,966165104,637086046
2020/10/21 11:31,1603251090,1290581096,312669994
2020/10/21 11:30,1603251030,964719968,638531062
2020/10/21 11:29,1603250970,1485005976,118244994
2020/10/21 11:28,1603250910,1376487944,226762966
2020/10/21 11:27,1603250850,1223011432,380239418
2020/10/21 11:26,1603250790,1321271312,281979478
2020/10/21 11:25,1603250730,1347020520,256230210
2020/10/21 11:24,1603250670,1233038520,370212150
2020/10/21 11:23,1603250610,1572920640,30329970
2020/10/21 11:22,1603250550,1408663608,194586942
2020/10/21 11:21,1603250490,1241769648,361480842
2020/10/21 11:20,1603250430,1088363056,514887374
2020/10/21 11:19,1603250370,1453806232,149444138
2020/10/21 11:18,1603250310,1439681576,163568734
2020/10/21 11:17,1603250250,1168276008,434974242
2020/10/21 11:16,1603250190,1150221504,453028686
2020/10/21 11:15,1603250130,1230263256,372986874
2020/10/21 11:14,1603250070,1197852008,405398062
2020/10/21 11:13,1603250010,1162050440,441199570
2020/10/21 11:12,1603249950,1199027320,404222630
2020/10/21 11:11,1603249890,1081376984,521872906
2020/10/21 11:10,1603249830,1176609424,426640406
2020/10/21 11:09,1603249770,1262586336,340663434
2020/10/21 11:08,1603249710,1478862360,124387350
2020/10/21 11:07,1603249651,1064083096,539166555
2020/10/21 11:06,1603249590,1462545488,140704102
2020/10/21 11:05,1603249530,1260679240,342570290
2020/10/21 11:04,1603249470,1549758960,53490510
2020/10/21 11:03,1603249410,1211399112,391850298
2020/10/21 11:02,1603249350,1715808040,-112558690
2020/10/21 11:01,1603249290,1203546304,399702986
2020/10/21 11:00,1603249230,1402573672,200675558
2020/10/21 10:59,1603249170,1106116984,497132186
2020/10/21 10:58,1603249110,1024640112,578608998
2020/10/21 10:57,1603249050,1751359712,-148110662
2020/10/21 10:56,1603248990,1595343576,7905414
2020/10/21 10:55,1603248930,1116656088,486592842
2020/10/21 10:54,1603248870,1526544976,76703894
2020/10/21 10:53,1603248810,1257971272,345277538
2020/10/21 10:52,1603248750,1023347536,579901214
2020/10/21 10:51,1603248690,1190063984,413184706
2020/10/21 10:50,1603248630,1366911096,236337534
2020/10/21 10:49,1603248570,1332202264,271046306
2020/10/21 10:48,1603248510,1184594584,418653926
2020/10/21 10:47,1603248450,997483560,605764890
2020/10/21 10:46,1603248390,1371962144,231286246
2020/10/21 10:45,1603248330,1050505760,552742570
2020/10/21 10:44,1603248270,1155185856,448062414
2020/10/21 10:43,1603248210,1626952096,-23703886
2020/10/21 10:42,1603248150,1068624600,534623550
2020/10/21 10:41,1603248090,1405498080,197750010
2020/10/21 10:40,1603248030,1165797912,437450118
2020/10/21 10:39,1603247970,1129912256,473335714
2020/10/21 10:38,1603247910,1380124456,223123454
2020/10/21 10:37,1603247850,1020831624,582416226
2020/10/21 10:36,1603247790,1433520096,169727694
2020/10/21 10:35,1603247730,1449273352,153974378
2020/10/21 10:34,1603247670,1072038816,531208854
2020/10/21 10:33,1603247610,1055167104,548080506
2020/10/21 10:32,1603247550,1417153912,186093638
2020/10/21 10:31,1603247490,1291546000,311701490
2020/10/21 10:30,1603247430,1298543528,304703902
2020/10/21 10:29,1603247370,1535933896,67313474
2020/10/21 10:28,1603247310,996349432,606897878
2020/10/21 10:27,1603247250,1572840456,30406794
2020/10/21 10:26,1603247190,1070687816,532559374
2020/10/21 10:25,1603247130,1070223976,533023154
2020/10/21 10:24,1603247070,1337038584,266208486
2020/10/21 10:23,1603247010,1173211928,430035082
2020/10/21 10:22,1603246950,1396114928,207132022
2020/10/21 10:21,1603246890,1339493280,263753610
2020/10/21 10:20,1603246830,1365095952,238150878
2020/10/21 10:19,1603246770,1287449376,315797394
2020/10/21 10:18,1603246710,1431065416,172181294
2020/10/21 10:17,1603246650,1335362128,267884522
2020/10/21 10:16,1603246590,1098517616,504728974
2020/10/21 10:15,1603246530,979677232,623569298
2020/10/21 10:14,1603246470,1050928544,552317926
2020/10/21 10:13,1603246410,979752392,623494018
2020/10/21 10:12,1603246350,1318168064,285078286
2020/10/21 10:11,1603246290,1242310624,360935666
2020/10/21 10:10,1603246230,1310590016,292656214
2020/10/21 10:09,1603246170,1764232504,-160986334
2020/10/21 10:08,1603246110,1713086976,-109840866
2020/10/21 10:07,1603246050,1242378504,360867546
2020/10/21 10:06,1603245990,1117525160,485720830
2020/10/21 10:05,1603245930,1264139120,339106810
2020/10/21 10:04,1603245870,1075581064,527664806
2020/10/21 10:03,1603245810,1584349896,18895914
2020/10/21 10:02,1603245750,1137213016,466032734
2020/10/21 10:01,1603245690,1608542272,-5296582
2020/10/21 10:00,1603245630,1486348200,116897430
2020/10/21 09:59,1603245570,1395299664,207945906
2020/10/21 09:58,1603245510,1196526088,406719422
2020/10/21 09:57,1603245450,1317798696,285446754
2020/10/21 09:56,1603245390,1019904536,583340854
2020/10/21 09:55,1603245330,1215952696,387292634
2020/10/21 09:54,1603245270,1463045040,140200230
2020/10/21 09:53,1603245210,1265313696,337931514
2020/10/21 09:52,1603245150,962630344,640614806
2020/10/21 09:51,1603245090,1358342360,244902730
2020/10/21 09:50,1603245030,1198766272,404478758
2020/10/21 09:49,1603244970,1099272464,503972506
2020/10/21 09:48,1603244910,964913368,638331542
2020/10/21 09:47,1603244850,1351505424,251739426
2020/10/21 09:46,1603244790,1283852848,319391942
2020/10/21 09:45,1603244730,1723157232,-119912502
2020/10/21 09:44,1603244670,1042090096,561154574
2020/10/21 09:43,1603244610,1248527608,354717002
2020/10/21 09:42,1603244550,1307484184,295760366
2020/10/21 09:41,1603244490,1126663664,476580826
2020/10/21 09:40,1603244430,1321956088,281288342
2020/10/21 09:39,1603244370,1141757456,461486914
2020/10/21 09:38,1603244310,1409062128,194182182
2020/10/21 09:37,1603244250,1080736616,522507634
2020/10/21 09:36,1603244190,1075074184,528170006
2020/10/21 09:35,1603244130,1617601936,-14357806
2020/10/21 09:34,1603244070,1432969064,170275006
2020/10/21 09:33,1603244010,1279503448,323740562
2020/10/21 09:32,1603243950,1689809240,-86565290
2020/10/21 09:31,1603243890,1598118888,5125002
2020/10/21 09:30,1603243830,1253157040,350086790
2020/10/21 09:29,1603243770,970911800,632331970
2020/10/21 09:28,1603243710,1435194560,168049150
2020/10/21 09:27,1603243650,1364148432,239095218
2020/10/21 09:26,1603243590,1330502312,272741278
2020/10/21 09:25,1603243530,1193593344,409650186
2020/10/21 09:24,1603243470,1069101808,534141662
2020/10/21 09:23,1603243410,1187286992,415956418
2020/10/21 09:22,1603243350,1459667816,143575534
2020/10/21 09:21,1603243290,1312369360,290873930
2020/10/21 09:20,1603243230,1075636872,527606358
2020/10/21 09:19,1603243170,1529104688,74138482
2020/10/21 09:18,1603243110,1227483576,375759534
2020/10/21 09:17,1603243050,1364582664,238660386
2020/10/21 09:16,1603242990,1249162024,354080966
2020/10/21 09:15,1603242930,1089638128,513604802
2020/10/21 09:14,1603242870,1547101992,56140878
2020/10/21 09:13,1603242810,1425525448,177717362
2020/10/21 09:12,1603242750,1100451456,502791294
2020/10/21 09:11,1603242690,1476184072,127058618
2020/10/21 09:10,1603242630,1242030192,361212438
2020/10/21 09:09,1603242570,1069375680,533866890
2020/10/21 09:08,1603242510,1214504480,388738030
2020/10/21 09:07,1603242450,1595006072,8236378
2020/10/21 09:06,1603242390,1307779984,295462406
2020/10/21 09:05,1603242330,1424082312,179160018
2020/10/21 09:04,1603242270,1648006208,-44763938
2020/10/21 09:03,1603242210,1742497184,-139254974
2020/10/21 09:02,1603242150,1622282688,-19040538
2020/10/21 09:01,1603242090,1627288040,-24045950
2020/10/21 09:00,1603242030,1348037168,255204862
2020/10/21 08:59,1603241970,1076779280,526462690
2020/10/21 08:58,1603241910,1428731144,174510766
2020/10/21 08:57,1603241850,1181756416,421485434
2020/10/21 08:56,1603241790,1442838768,160403022
2020/10/21 08:55,1603241730,1580383768,22857962
2020/10/21 08:54,1603241670,1298330560,304911110
2020/10/21 08:53,1603241610,1162592752,440648858
2020/10/21 08:52,1603241550,1247199472,356042078
2020/10/21 08:51,1603241490,999736000,603505490
2020/10/21 08:50,1603241430,957202512,646038918
2020/10/21 08:49,1603241370,1033471752,569769618
2020/10/21 08:48,1603241310,1223110112,380131198
2020/10/21 08:47,1603241250,1583315488,19925762
2020/10/21 08:46,1603241190,1281906296,321334894
2020/10/21 08:45,1603241130,1347106960,256134170
2020/10/21 08:44,1603241070,1168754728,434486342
2020/10/21 08:43,1603241010,1045516360,557724650
2020/10/21 08:42,1603240950,1542503936,60737014
2020/10/21 08:41,1603240890,1455032584,148208306
2020/10/21 08:40,1603240830,981575264,621665566
2020/10/21 08:39,1603240770,1705279288,-102038518
2020/10/21 08:38,1603240710,1469364424,133876286
2020/10/21 08:37,1603240650,1258499392,344741258
2020/10/21 08:36,1603240590,1159317200,443923390
2020/10/21 08:35,1603240530,1304143336,299097194
2020/10/21 08:34,1603240470,891376376,711864094
2020/10/21 08:33,1603240410,1430402992,172837418
2020/10/21 08:32,1603240350,1387115512,216124838
2020/10/21 08:31,1603240290,1642988376,-39748086
2020/10/21 08:30,1603240230,1609173144,-5932914
2020/10/21 08:29,1603240170,1403282360,199957810
2020/10/21 08:28,1603240110,1140012272,463227838
2020/10/21 08:27,1603240050,997167824,606072226
2020/10/21 08:26,1603239990,1205156536,398083454
2020/10/21 08:25,1603239930,1116357488,486882442
2020/10/21 08:24,1603239870,1072914016,530325854
2020/10/21 08:23,1603239810,958208624,645031186
2020/10/21 08:22,1603239750,1478689032,124550718
2020/10/21 08:21,1603239690,1514790048,88449642
2020/10/21 08:20,1603239630,1004081240,599158390
2020/10/21 08:19,1603239570,976113728,627125842
2020/10/21 08:18,1603239510,1415497208,187742302
2020/10/21 08:17,1603239450,1339182288,264057162
2020/10/21 08:16,1603239390,1319210920,284028470
2020/10/21 08:15,1603239330,1182994512,420244818
2020/10/21 08:14,1603239270,1201905016,401334254
2020/10/21 08:13,1603239210,979956416,623282794
2020/10/21 08:12,1603239150,1667236704,-63997554
2020/10/21 08:11,1603239090,1516429144,86809946
2020/10/21 08:10,1603239030,1040720248,562518782
2020/10/21 08:09,1603238970,967507408,635731562
2020/10/21 08:08,1603238910,1512986360,90252550
2020/10/21 08:07,1603238850,1411493416,191745434
2020/10/21 08:06,1603238790,1542823584,60415206
2020/10/21 08:05,1603238730,1621377168,-18138438
2020/10/21 08:04,1603238670,1675040216,-71801546
2020/10/21 08:03,1603238610,1425699216,177539394
2020/10/21 08:02,1603238550,1311008184,292230366
2020/10/21 08:01,1603238490,1212280056,390958434
2020/10/21 08:00,1603238430,1156990560,446247870
2020/10/21 07:59,1603238370,1076701632,526536738
2020/10/21 07:58,1603238310,1069074504,534163806
2020/10/21 07:57,1603238250,1252303032,350935218
2020/10/21 07:56,1603238190,1388983760,214254430
2020/10/21 07:55,1603238130,1334130640,269107490
2020/10/21 07:54,1603238070,1281065400,322172670
2020/10/21 07:53,1603238010,1156135464,447102546
2020/10/21 07:52,1603237950,1382895184,220342766
2020/10/21 07:51,1603237890,1265029848,338208042
2020/10/21 07:50,1603237830,1354883696,248354134
2020/10/21 07:49,1603237770,1114535024,488702746
2020/10/21 07:48,1603237710,1241505848,361731862
2020/10/21 07:47,1603237650,1515626520,87611130
2020/10/21 07:46,1603237590,1521001808,82235782
2020/10/21 07:45,1603237530,1070971680,532265850
2020/10/21 07:44,1603237470,1196806176,406431294
2020/10/21 07:43,1603237410,1430749872,172487538
2020/10/21 07:42,1603237350,1376675272,226562078
2020/10/21 07:41,1603237290,1420944992,182292298
2020/10/21 07:40,1603237230,1328097040,275140190
2020/10/21 07:39,1603237170,1040825000,562412170
2020/10/21 07:38,1603237110,1115677264,487559846
2020/10/21 07:37,1603237050,1215129488,388107562
2020/10/21 07:36,1603236990,1002285280,600951710
2020/10/21 07:35,1603236930,1260586048,342650882
2020/10/21 07:34,1603236870,987363024,615873846
2020/10/21 07:33,1603236810,1211466568,391770242
2020/10/21 07:32,1603236750,1057789792,545446958
2020/10/21 07:31,1603236690,1517071856,86164834
2020/10/21 07:30,1603236630,1203080408,400156222
2020/10/21 07:29,1603236570,1091668104,511568466
2020/10/21 07:28,1603236510,1252612488,350624022
2020/10/21 07:27,1603236450,1087344216,515892234
2020/10/21 07:26,1603236390,1038567792,564668598
2020/10/21 07:25,1603236330,1484683136,118553194
2020/10/21 07:24,1603236270,1522746368,80489902
2020/10/21 07:23,1603236210,1292657808,310578402
2020/10/21 07:22,1603236150,1435695960,167540190
2020/10/21 07:21,1603236090,1309009688,294226402
2020/10/21 07:20,1603236030,1355026168,248209862
2020/10/21 07:19,1603235970,992154240,611081730
2020/10/21 07:18,1603235910,1196598752,406637158
2020/10/21 07:17,1603235850,1533142016,70093834
2020/10/21 07:16,1603235790,1509920096,93315694
2020/10/21 07:15,1603235730,978951480,624284250
2020/10/21 07:14,1603235670,1547705896,55529774
2020/10/21 07:13,1603235610,1216687376,386548234
2020/10/21 07:12,1603235550,1666164760,-62929210
2020/10/21 07:11,1603235490,1062012064,541223426
2020/10/21 07:10,1603235430,981801560,621433870
2020/10/21 07:09,1603235370,1697080168,-93844798
2020/10/21 07:08,1603235310,1140454248,462781062
2020/10/21 07:07,1603235250,1604430400,-1195150
2020/10/21 07:06,1603235190,1171334952,431900238
2020/10/21 07:05,1603235130,1415493304,187741826
2020/10/21 07:04,1603235070,1103451016,499784054
2020/10/21 07:03,1603235010,1602698656,536354
2020/10/21 07:02,1603234950,1051823824,551411126
2020/10/21 07:01,1603234890,1182530800,420704090
2020/10/21 07:00,1603234830,1465868608,137366222
2020/10/21 06:59,1603234770,1019810088,583424682
2020/10/21 06:58,1603234710,971065928,632168782
2020/10/21 06:57,1603234650,1244062472,359172178
2020/10/21 06:56,1603234590,859292712,743941878
2020/10/21 06:55,1603234530,1139298176,463936354
2020/10/21 06:54,1603234470,1224838632,378395838
2020/10/21 06:53,1603234410,1659298032,-56063622
2020/10/21 06:52,1603234350,1396483600,206750750
2020/10/21 06:51,1603234290,1172415800,430818490
2020/10/21 06:50,1603234230,1557385768,45848462
2020/10/21 06:49,1603234170,1300047152,303187018
2020/10/21 06:48,1603234110,1345066824,258167286
2020/10/21 06:47,1603234050,1576126952,27107098
2020/10/21 06:46,1603233990,1034556472,568677518
2020/10/21 06:45,1603233930,1630185904,-26951974
2020/10/21 06:44,1603233870,1463164264,140069606
2020/10/21 06:43,1603233810,1090019840,513213970
2020/10/21 06:42,1603233750,1274700760,328532990
2020/10/21 06:41,1603233690,1230937760,372295930
2020/10/21 06:40,1603233630,1731478152,-128244522
2020/10/21 06:39,1603233570,1016903280,586330290
2020/10/21 06:38,1603233510,994125896,609107614
2020/10/21 06:37,1603233450,986022592,617210858
2020/10/21 06:36,1603233390,922192736,681040654
2020/10/21 06:35,1603233330,1226069128,377164202
2020/10/21 06:34,1603233270,1329421816,273811454
2020/10/21 06:33,1603233210,1301985720,301247490
2020/10/21 06:32,1603233150,993756312,609476838
2020/10/21 06:31,1603233090,1224095968,379137122
2020/10/21 06:30,1603233030,1278490904,324742126
2020/10/21 06:29,1603232970,1482961424,120271546
2020/10/21 06:28,1603232910,1450316400,152916510
2020/10/21 06:27,1603232850,1284135760,319097090
2020/10/21 06:26,1603232790,1130511448,472721342
2020/10/21 06:25,1603232730,1049809688,553423042
2020/10/21 06:24,1603232670,1501469928,101762742
2020/10/21 06:23,1603232610,1070501680,532730930
2020/10/21 06:22,1603232550,1577695336,25537214
2020/10/21 06:21,1603232490,1379901464,223331026
2020/10/21 06:20,1603232430,1296282592,306949838
2020/10/21 06:19,1603232370,1077191792,526040578
2020/10/21 06:18,1603232310,1164641232,438591078
2020/10/21 06:17,1603232250,1559332328,43899922
2020/10/21 06:16,1603232190,1356390488,246841702
2020/10/21 06:15,1603232130,1230431592,372800538
2020/10/21 06:14,1603232070,1485079544,118152526
2020/10/21 06:13,1603232010,1259026304,344205706
2020/10/21 06:12,1603231950,1010997312,592234638
2020/10/21 06:11,1603231890,922011704,681220186
2020/10/21 06:10,1603231830,1448593072,154638758
2020/10/21 06:09,1603231770,1194516792,408714978
2020/10/21 06:08,1603231710,1092539792,510691918
2020/10/21 06:07,1603231650,1070664792,532566858
2020/10/21 06:06,1603231590,1357295256,245936334
2020/10/21 06:05,1603231530,1349446128,253785402
2020/10/21 06:04,1603231470,1018790904,584440566
2020/10/21 06:03,1603231410,1564599168,38632242
2020/10/21 06:02,1603231350,1277448120,325783230
2020/10/21 06:01,1603231290,1254403872,348827418
2020/10/21 06:00,1603231230,934753768,668477462
2020/10/21 05:59,1603231170,1353129208,250101962
2020/10/21 05:58,1603231110,1552394320,50836790
2020/10/21 05:57,1603231050,1184592992,418638058
2020/10/21 05:56,1603230990,1028444440,574786550
2020/10/21 05:55,1603230930,1735397688,-132166758
2020/10/21 05:54,1603230870,1602714960,515910
2020/10/21 05:53,1603230810,1478984888,124245922
2020/10/21 05:52,1603230750,1383153808,220076942
2020/10/21 05:51,1603230690,1094175480,509055210
2020/10/21 05:50,1603230630,1407571544,195659086
2020/10/21 05:49,1603230570,1128392136,474838434
2020/10/21 05:48,1603230510,1588465856,14764654
2020/10/21 05:47,1603230450,1426104256,177126194
2020/10/21 05:46,1603230390,1184359112,418871278
2020/10/21 05:45,1603230330,1092640832,510589498
2020/10/21 05:44,1603230270,1263295000,339935270
2020/10/21 05:43,1603230210,1363610480,239619730
2020/10/21 05:42,1603230150,1066135832,537094318
2020/10/21 05:41,1603230090,1507575160,95654930
2020/10/21 05:40,1603230030,1387346760,215883270
2020/10/21 05:39,1603229970,1162794392,440435578
2020/10/21 05:38,1603229910,1281873232,321356678
2020/10/21 05:37,1603229850,1129929568,473300282
2020/10/21 05:36,1603229790,1700162016,-96932226
2020/10/21 05:35,1603229730,1611809552,-8579822
2020/10/21 05:34,1603229670,1389328160,213901510
2020/10/21 05:33,1603229610,1580487376,22742234
2020/10/21 05:32,1603229550,1411604432,191625118
2020/10/21 05:31,1603229490,1247993200,355236290
2020/10/21 05:30,1603229430,1325966312,277263118
2020/10/21 05:29,1603229370,1210203032,393026338
2020/10/21 05:28,1603229310,1162439472,440789838
2020/10/21 05:27,1603229250,1417392984,185836266
2020/10/21 05:26,1603229190,1275388024,327841166
2020/10/21 05:25,1603229130,902852232,700376898
2020/10/21 05:24,1603229070,1134198592,469030478
2020/10/21 05:23,1603229010,1170288080,432940930
2020/10/21 05:22,1603228950,1042007008,561221942
2020/10/21 05:21,1603228890,850500800,752728090
2020/10/21 05:20,1603228830,1574440896,28787934
2020/10/21 05:19,1603228770,1248810512,354418258
2020/10/21 05:18,1603228710,1020455648,582773062
2020/10/21 05:17,1603228650,1360139048,243089602
2020/10/21 05:16,1603228590,1449890024,153338566
2020/10/21 05:15,1603228530,1552748744,50479786
2020/10/21 05:14,1603228470,1090951184,512277286
2020/10/21 05:13,1603228410,993709296,609519114
2020/10/21 05:12,1603228350,1406320328,196908022
2020/10/21 05:11,1603228290,1218056088,385172202
2020/10/21 05:10,1603228230,1086456528,516771702
2020/10/21 05:09,1603228170,1146070600,457157570
2020/10/21 05:08,1603228110,971371056,631857054
2020/10/21 05:07,1603228050,951972968,651255082
2020/10/21 05:06,1603227990,1226225768,377002222
2020/10/21 05:05,1603227930,1147932864,455295066
2020/10/21 05:04,1603227870,932641384,670586486
2020/10/21 05:03,1603227810,1177395632,425832178
2020/10/21 05:02,1603227750,1460575440,142652310
2020/10/21 05:01,1603227690,994619504,608608186
2020/10/21 05:00,1603227630,1669867480,-66639850
2020/10/21 04:59,1603227570,1437071832,166155738
2020/10/21 04:58,1603227510,1077603032,525624478
2020/10/21 04:57,1603227450,1339795456,263431994
2020/10/21 04:56,1603227390,1052538424,550688966
2020/10/21 04:55,1603227330,1070095392,533131938
2020/10/21 04:54,1603227270,1099526584,503700686
2020/10/21 04:53,1603227210,1060285184,542942026
2020/10/21 04:52,1603227150,1368447944,234779206
2020/10/21 04:51,1603227090,1624573032,-21345942
2020/10/21 04:50,1603227030,1488831440,114395590
2020/10/21 04:49,1603226970,1307694872,295532098
2020/10/21 04:48,1603226910,1201563880,401663030
2020/10/21 04:47,1603226850,980848520,622378330
2020/10/21 04:46,1603226790,1464400336,138826454
2020/10/21 04:45,1603226730,935440696,667786034
2020/10/21 04:44,1603226670,1361406576,241820094
2020/10/21 04:43,1603226610,1206061720,397164890
2020/10/21 04:42,1603226550,1468784296,134442254
2020/10/21 04:41,1603226490,1472604312,130622178
2020/10/21 04:40,1603226430,1490320376,112906054
2020/10/21 04:39,1603226370,988276608,614949762
2020/10/21 04:38,1603226310,1116023360,487202950
2020/10/21 04:37,1603226250,1134050200,469176050
2020/10/21 04:36,1603226190,1080673096,522553094
2020/10/21 04:35,1603226130,842783304,760442826
2020/10/21 04:34,1603226070,1032266848,570959222
2020/10/21 04:33,1603226010,1049364336,553861674
2020/10/21 04:32,1603225950,1435564336,167661614
2020/10/21 04:31,1603225890,1275550336,327675554
2020/10/21 04:30,1603225830,964690448,638535382
2020/10/21 04:29,1603225770,1058905992,544319778
2020/10/21 04:28,1603225710,1373769120,229456590
2020/10/21 04:27,1603225650,1333723960,269501690
2020/10/21 04:26,1603225590,1207855704,395369886
2020/10/21 04:25,1603225530,1016407992,586817538
2020/10/21 04:24,1603225470,1114455704,488769766
2020/10/21 04:23,1603225410,929510272,673715138
2020/10/21 04:22,1603225350,1575561824,27663526
2020/10/21 04:21,1603225290,1400340664,202884626
2020/10/21 04:20,1603225230,1575088376,28136854
2020/10/21 04:19,1603225170,1226788632,376436538
2020/10/21 04:18,1603225110,1303231016,299994094
2020/10/21 04:17,1603225050,1037593080,565631970
2020/10/21 04:16,1603224990,961089472,642135518
2020/10/21 04:15,1603224930,1189433416,413791514
2020/10/21 04:14,1603224870,1220110888,383113982
2020/10/21 04:13,1603224810,989462880,613761930
2020/10/21 04:12,1603224750,1248046424,355178326
2020/10/21 04:11,1603224690,939532952,663691738
2020/10/21 04:10,1603224630,1559121584,44103046
2020/10/21 04:09,1603224570,1500542856,102681714
2020/10/21 04:08,1603224510,1356392664,246831846
2020/10/21 04:07,1603224450,955412232,647812218
2020/10/21 04:06,1603224390,1308814112,294410278
2020/10/21 04:05,1603224330,994221704,609002626
2020/10/21 04:04,1603224270,1277781576,325442694
2020/10/21 04:03,1603224210,1056322920,546901290
2020/10/21 04:02,1603224150,1491512072,111712078
2020/10/21 04:01,1603224090,1314664128,288559962
2020/10/21 04:00,1603224030,1319197504,284026526
2020/10/21 03:59,1603223970,1443260696,159963274
2020/10/21 03:58,1603223910,1175904000,427319910
2020/10/21 03:57,1603223850,1073478656,529745194
2020/10/21 03:56,1603223790,1224805656,378418134
2020/10/21 03:55,1603223730,987217208,616006522
2020/10/21 03:54,1603223670,1595612432,7611238
2020/10/21 03:53,1603223610,1392420704,210802906
2020/10/21 03:52,1603223550,1313988792,289234758
2020/10/21 03:51,1603223490,1022676928,580546562
2020/10/21 03:50,1603223430,1032327472,570895958
2020/10/21 03:49,1603223370,1239235952,363987418
2020/10/21 03:48,1603223310,904366568,698856742
2020/10/21 03:47,1603223250,1330496192,272727058
2020/10/21 03:46,1603223190,1024394184,578829006
2020/10/21 03:45,1603223130,1038335568,564887562
2020/10/21 03:44,1603223070,836199592,767023478
2020/10/21 03:43,1603223010,1084254744,518968266
2020/10/21 03:42,1603222950,839171584,764051366
2020/10/21 03:41,1603222890,1161138736,442084154
2020/10/21 03:40,1603222830,1078942040,524280790
2020/10/21 03:39,1603222770,876377320,726845450
2020/10/21 03:38,1603222710,1164320504,438902206
2020/10/21 03:37,1603222650,929307968,673914682
2020/10/21 03:36,1603222590,838404248,764818342
2020/10/21 03:35,1603222530,1133834176,469388354
2020/10/21 03:34,1603222470,1095824504,507397966
2020/10/21 03:33,1603222410,1157312344,445910066
2020/10/21 03:32,1603222350,1488206576,115015774
2020/10/21 03:31,1603222290,1522388000,80834290
2020/10/21 03:30,1603222230,1011618928,591603302
2020/10/21 03:29,1603222170,1236568320,366653850
2020/10/21 03:28,1603222110,1069980048,533242062
2020/10/21 03:27,1603222050,963061488,640160562
2020/10/21 03:26,1603221990,831318560,771903430
2020/10/21 03:25,1603221930,978932312,624289618
2020/10/21 03:24,1603221870,1124365544,478856326
2020/10/21 03:23,1603221810,1056802416,546419394
2020/10/21 03:22,1603221750,1233977592,369244158
2020/10/21 03:21,1603221690,919448856,683772834
2020/10/21 03:20,1603221630,1108973504,494248126
2020/10/21 03:19,1603221570,1440040752,163180818
2020/10/21 03:18,1603221510,1214346848,388874662
2020/10/21 03:17,1603221450,1174041304,429180146
2020/10/21 03:16,1603221390,1471061944,132159446
2020/10/21 03:15,1603221330,1288628216,314593114
2020/10/21 03:14,1603221270,1202635976,400585294
2020/10/21 03:13,1603221210,1135197152,468024058
2020/10/21 03:12,1603221150,1291652472,311568678
2020/10/21 03:11,1603221090,1035810192,567410898
2020/10/21 03:10,1603221030,1085565672,517655358
2020/10/21 03:09,1603220970,957017832,646203138
2020/10/21 03:08,1603220910,1264335360,338885550
2020/10/21 03:07,1603220850,1350436880,252783970
2020/10/21 03:06,1603220790,1031129088,572091702
2020/10/21 03:05,1603220730,915931992,687288738
2020/10/21 03:04,1603220670,1205978544,397242126
2020/10/21 03:03,1603220610,1149876784,453343826
2020/10/21 03:02,1603220550,1478947032,124273518
2020/10/21 03:01,1603220490,1241340984,361879506
2020/10/21 03:00,1603220430,988375480,614844950
2020/10/21 02:59,1603220370,1202058272,401162098
2020/10/21 02:58,1603220310,1276782600,326437710
2020/10/21 02:57,1603220250,1293764088,309456162
2020/10/21 02:56,1603220190,1023336392,579883798
2020/10/21 02:55,1603220130,942132384,661087746
2020/10/21 02:54,1603220070,1278218504,325001566
2020/10/21 02:53,1603220010,918862960,684357050
2020/10/21 02:52,1603219950,1218449968,384769982
2020/10/21 02:51,1603219890,1016563888,586656002
2020/10/21 02:50,1603219830,913355424,689864406
2020/10/21 02:49,1603219770,962792384,640427386
2020/10/21 02:48,1603219710,1204026328,399193382
2020/10/21 02:47,1603219650,1161239936,441979714
2020/10/21 02:46,1603219590,1021259304,581960286
2020/10/21 02:45,1603219530,1325797904,277421626
2020/10/21 02:44,1603219470,998478904,604740566
2020/10/21 02:43,1603219410,1187598640,415620770
2020/10/21 02:42,1603219350,857828232,745391118
2020/10/21 02:41,1603219290,1614766424,-11547134
2020/10/21 02:40,1603219230,1191546176,411673054
2020/10/21 02:39,1603219170,1213669144,389550026
2020/10/21 02:38,1603219110,967615456,635603654
2020/10/21 02:37,1603219050,1423232968,179986082
2020/10/21 02:36,1603218990,1017892560,585326430
2020/10/21 02:35,1603218930,1192072512,411146418
2020/10/21 02:34,1603218870,1092094496,511124374
2020/10/21 02:33,1603218810,915690296,687528514
2020/10/21 02:32,1603218750,1263509280,339709470
2020/10/21 02:31,1603218690,1201856160,401362530
2020/10/21 02:30,1603218630,945099024,658119606
2020/10/21 02:29,1603218570,1035379160,567839410
2020/10/21 02:28,1603218510,1112375032,490843478
2020/10/21 02:27,1603218450,1275371440,327847010
2020/10/21 02:26,1603218390,999819120,603399270
2020/10/21 02:25,1603218330,1387040448,216177882
2020/10/21 02:24,1603218270,1209264048,393954222
2020/10/21 02:23,1603218210,949047432,654170778
2020/10/21 02:22,1603218150,1081995616,521222534
2020/10/21 02:21,1603218090,1516127256,87090834
2020/10/21 02:20,1603218030,1406589832,196628198
2020/10/21 02:19,1603217970,1213477880,389740090
2020/10/21 02:18,1603217910,1056017144,547200766
2020/10/21 02:17,1603217850,1333185536,270032314
2020/10/21 02:16,1603217790,996940232,606277558
2020/10/21 02:15,1603217730,907048928,696168802
2020/10/21 02:14,1603217670,1434185760,169031910
2020/10/21 02:13,1603217610,1139115704,464101906
2020/10/21 02:12,1603217550,926812976,676404574
2020/10/21 02:11,1603217490,1123810688,479406802
2020/10/21 02:10,1603217430,1042107928,561109502
2020/10/21 02:09,1603217370,1158612176,444605194
2020/10/21 02:08,1603217310,1087953176,515264134
2020/10/21 02:07,1603217250,1464779952,138437298
2020/10/21 02:06,1603217190,1484394984,118822206
2020/10/21 02:05,1603217130,1254395288,348821842
2020/10/21 02:04,1603217070,1613552512,-10335442
2020/10/21 02:03,1603217010,1401216664,202000346
2020/10/21 02:02,1603216950,1022178936,581038014
2020/10/21 02:01,1603216890,1501871424,101345466
2020/10/21 02:00,1603216830,1203282128,399934702
2020/10/21 01:59,1603216770,1034757568,568459202
2020/10/21 01:58,1603216710,1272763200,330453510
2020/10/21 01:57,1603216650,1108013416,495203234
2020/10/21 01:56,1603216590,1473816088,129400502
2020/10/21 01:55,1603216530,1143869240,459347290
2020/10/21 01:54,1603216470,1574201856,29014614
2020/10/21 01:53,1603216410,1184703488,418512922
2020/10/21 01:52,1603216351,857506000,745710351
2020/10/21 01:51,1603216290,1585932408,17283882
2020/10/21 01:50,1603216230,1227843824,375372406
2020/10/21 01:49,1603216170,1018510120,584706050
2020/10/21 01:48,1603216110,1057850864,545365246
2020/10/21 01:47,1603216050,1585557568,17658482
2020/10/21 01:46,1603215990,1075676704,527539286
2020/10/21 01:45,1603215930,1524740440,78475490
2020/10/21 01:44,1603215870,995107288,608108582
2020/10/21 01:43,1603215810,1263301624,339914186
2020/10/21 01:42,1603215750,1023244768,579970982
2020/10/21 01:41,1603215690,905407688,697808002
2020/10/21 01:40,1603215630,891969008,711246622
2020/10/21 01:39,1603215570,1228366240,374849330
2020/10/21 01:38,1603215510,984471160,618744350
2020/10/21 01:37,1603215450,1008553088,594662362
2020/10/21 01:36,1603215390,1046343688,556871702
2020/10/21 01:35,1603215330,1200477072,402738258
2020/10/21 01:34,1603215270,819880536,783334734
2020/10/21 01:33,1603215210,1243962296,359252914
2020/10/21 01:32,1603215150,1230790480,372424670
2020/10/21 01:31,1603215090,1096186064,507029026
2020/10/21 01:30,1603215030,1040053480,563161550
2020/10/21 01:29,1603214970,962333016,640881954
2020/10/21 01:28,1603214910,1383326776,219888134
2020/10/21 01:27,1603214850,1162774352,440440498
2020/10/21 01:26,1603214790,996349360,606865430
2020/10/21 01:25,1603214730,963737592,639477138
2020/10/21 01:24,1603214670,955084232,648130438
2020/10/21 01:23,1603214610,1176588352,426626258
2020/10/21 01:22,1603214550,1351205120,252009430
2020/10/21 01:21,1603214490,1111789408,491425082
2020/10/21 01:20,1603214430,912507632,690706798
2020/10/21 01:19,1603214370,1111813360,491401010
2020/10/21 01:18,1603214310,793033968,810180342
2020/10/21 01:17,1603214250,1263294128,339920122
2020/10/21 01:16,1603214190,902584104,700630086
2020/10/21 01:15,1603214130,933055808,670158322
2020/10/21 01:14,1603214070,1362360280,240853790
2020/10/21 01:13,1603214010,1275166264,328047746
2020/10/21 01:12,1603213950,1188380736,414833214
2020/10/21 01:11,1603213890,1247060280,356153610
2020/10/21 01:10,1603213830,1504326968,98886862
2020/10/21 01:09,1603213770,1260656000,342557770
2020/10/21 01:08,1603213710,1141767192,461446518
2020/10/21 01:07,1603213650,1060305760,542907890
2020/10/21 01:06,1603213590,1425743264,177470326
2020/10/21 01:05,1603213530,1303714080,299499450
2020/10/21 01:04,1603213470,1157136624,446076846
2020/10/21 01:03,1603213410,1116061848,487151562
2020/10/21 01:02,1603213350,1178493224,424720126
2020/10/21 01:01,1603213290,908639776,694573514
2020/10/21 01:00,1603213230,1115476952,487736278
2020/10/21 00:59,1603213170,902791520,700421650
2020/10/21 00:58,1603213110,1025357752,577855358
2020/10/21 00:57,1603213050,1054744512,548468538
2020/10/21 00:56,1603212990,925546392,677666598
2020/10/21 00:55,1603212930,860830432,742382498
2020/10/21 00:54,1603212870,955134352,648078518
2020/10/21 00:53,1603212810,1286637848,316574962
2020/10/21 00:52,1603212750,1251414696,351798054
2020/10/21 00:51,1603212690,931854256,671358434
2020/10/21 00:50,1603212630,875483576,727729054
2020/10/21 00:49,1603212570,1007645528,595567042
2020/10/21 00:48,1603212510,853727448,749485062
2020/10/21 00:47,1603212450,1217371880,385840570
2020/10/21 00:46,1603212390,1488659704,114552686
2020/10/21 00:45,1603212330,1413627896,189584434
2020/10/21 00:44,1603212270,1143676912,459535358
2020/10/21 00:43,1603212210,1108449576,494762634
2020/10/21 00:42,1603212150,1053159864,550052286
2020/10/21 00:41,1603212090,1384875032,218337058
2020/10/21 00:40,1603212030,1405627408,197584622
2020/10/21 00:39,1603211970,1424871392,178340578
2020/10/21 00:38,1603211910,1247982512,355229398
2020/10/21 00:37,1603211850,976510776,626701074
2020/10/21 00:36,1603211790,1442790688,160421102
2020/10/21 00:35,1603211730,992463464,610748266
2020/10/21 00:34,1603211670,1121604968,481606702
2020/10/21 00:33,1603211610,945774056,657437554
2020/10/21 00:32,1603211550,876926168,726285382
2020/10/21 00:31,1603211490,1269680352,333531138
2020/10/21 00:30,1603211430,1166148552,437062878
2020/10/21 00:29,1603211370,890904824,712306546
2020/10/21 00:28,1603211310,1098040224,505171086
2020/10/21 00:27,1603211250,1575348312,27862938
2020/10/21 00:26,1603211190,1361404256,241806934
2020/10/21 00:25,1603211130,1167892816,435318314
2020/10/21 00:24,1603211070,1067335328,535875742
2020/10/21 00:23,1603211010,957798896,645412114
2020/10/21 00:22,1603210950,1320589024,282621926
2020/10/21 00:21,1603210890,1103419120,499791770
2020/10/21 00:20,1603210830,1330329472,272881358
2020/10/21 00:19,1603210770,1265578336,337632434
2020/10/21 00:18,1603210710,1040305032,562905678
2020/10/21 00:17,1603210650,1297613936,305596714
2020/10/21 00:16,1603210590,940065848,663144742
2020/10/21 00:15,1603210530,1287373472,315837058
2020/10/21 00:14,1603210470,1044911416,558299054
2020/10/21 00:13,1603210410,1478464752,124745658
2020/10/21 00:12,1603210350,1132497760,470712590
2020/10/21 00:11,1603210290,884093168,719117122
2020/10/21 00:10,1603210230,1382310288,220899942
2020/10/21 00:09,1603210170,871045712,732164458
2020/10/21 00:08,1603210110,1267098872,336111238
2020/10/21 00:07,1603210050,1172562000,430648050
2020/10/21 00:06,1603209990,949913456,653296534
2020/10/21 00:05,1603209930,1204939904,398270026
2020/10/21 00:04,1603209870,1000125016,603084854
2020/10/21 00:03,1603209810,1017277224,585932586
2020/10/21 00:02,1603209750,1265165440,338044310
2020/10/21 00:01,1603209690,863769960,739439730
2020/10/21 00:00,1603209630,1050346256,552863374
2020/10/20 23:59,1603209570,1246287616,356921954
2020/10/20 23:58,1603209510,1100515536,502693974
2020/10/20 23:57,1603209450,874903144,728306306
2020/10/20 23:56,1603209390,1260287360,342922030
2020/10/20 23:55,1603209330,1132520856,470688474
2020/10/20 23:54,1603209270,1209740400,393468870
2020/10/20 23:53,1603209210,1103148920,500060290
2020/10/20 23:52,1603209150,886185736,717023414
2020/10/20 23:51,1603209090,1147151232,456057858
2020/10/20 23:50,1603209030,1289177640,314031390
2020/10/20 23:49,1603208970,1326565480,276643490
2020/10/20 23:48,1603208910,843294272,759914638
2020/10/20 23:47,1603208850,1380507512,222701338
2020/10/20 23:46,1603208790,1121167464,482041326
2020/10/20 23:45,1603208730,1027330016,575878714
2020/10/20 23:44,1603208670,993597696,609610974
2020/10/20 23:43,1603208610,852063776,751144834
2020/10/20 23:42,1603208550,1188208448,415000102
2020/10/20 23:41,1603208490,1170197296,433011194
2020/10/20 23:40,1603208430,1053963584,549244846
2020/10/20 23:39,1603208370,1158527832,444680538
2020/10/20 23:38,1603208310,1104447160,498761150
2020/10/20 23:37,1603208250,880470856,722737394
2020/10/20 23:36,1603208190,1099166440,504041750
2020/10/20 23:35,1603208130,979228864,623979266
2020/10/20 23:34,1603208070,1510321816,92886254
2020/10/20 23:33,1603208010,1543115400,60092610
2020/10/20 23:32,1603207950,1429996904,173211046
2020/10/20 23:31,1603207890,1416963360,186244530
2020/10/20 23:30,1603207830,1156130064,447077766
2020/10/20 23:29,1603207770,1176562240,426645530
2020/10/20 23:28,1603207710,946551152,656656558
2020/10/20 23:27,1603207650,1241057584,362150066
2020/10/20 23:26,1603207590,1112570616,490636974
2020/10/20 23:25,1603207530,945345984,657861546
2020/10/20 23:24,1603207470,1068915616,534291854
2020/10/20 23:23,1603207410,1064759800,538447610
2020/10/20 23:22,1603207350,1349511688,253695662
2020/10/20 23:21,1603207290,1408836288,194371002
2020/10/20 23:20,1603207230,839104192,764103038
2020/10/20 23:19,1603207170,1459632664,143574506
2020/10/20 23:18,1603207110,1006969000,596238110
2020/10/20 23:17,1603207050,1388167512,215039538
2020/10/20 23:16,1603206990,1188364528,414842462
2020/10/20 23:15,1603206930,1092412400,510794530
2020/10/20 23:14,1603206870,925504216,677702654
2020/10/20 23:13,1603206810,985211352,617995458
2020/10/20 23:12,1603206750,931730040,671476710
2020/10/20 23:11,1603206690,1542103144,61103546
2020/10/20 23:10,1603206630,1509570336,93636294
2020/10/20 23:09,1603206570,1176887992,426318578
2020/10/20 23:08,1603206510,1101462552,501743958
2020/10/20 23:07,1603206450,1364293904,238912546
2020/10/20 23:06,1603206390,1231384704,371821686
2020/10/20 23:05,1603206330,1107545976,495660354
2020/10/20 23:04,1603206270,1042681888,560524382
2020/10/20 23:03,1603206210,1074167688,529038522
2020/10/20 23:02,1603206150,918361120,684845030
2020/10/20 23:01,1603206090,1037916160,565289930
2020/10/20 23:00,1603206030,978509440,624696590
2020/10/20 22:59,1603205970,1470817592,132388378
2020/10/20 22:58,1603205910,1168139208,435066702
2020/10/20 22:57,1603205850,1166603336,436602514
2020/10/20 22:56,1603205790,1053905040,549300750
2020/10/20 22:55,1603205730,1392363968,210841762
2020/10/20 22:54,1603205670,1089703608,513502062
2020/10/20 22:53,1603205610,1016846832,586358778
2020/10/20 22:52,1603205550,922024440,681181110
2020/10/20 22:51,1603205490,1367649016,235556474
2020/10/20 22:50,1603205430,1048357304,554848126
2020/10/20 22:49,1603205370,1008869928,594335442
2020/10/20 22:48,1603205310,1255889472,347315838
2020/10/20 22:47,1603205250,1117758256,485446994
2020/10/20 22:46,1603205190,772629240,830575950
2020/10/20 22:45,1603205130,1366920336,236284794
2020/10/20 22:44,1603205070,1649140248,-45935178
2020/10/20 22:43,1603205010,1542354392,60850618
2020/10/20 22:42,1603204950,1257503336,345701614
2020/10/20 22:41,1603204890,999755896,603448994
2020/10/20 22:40,1603204830,1175355144,427849686
2020/10/20 22:39,1603204770,902945968,700258802
2020/10/20 22:38,1603204710,976140416,627064294
2020/10/20 22:37,1603204650,1083012712,520191938
2020/10/20 22:36,1603204590,1265394512,337810078
2020/10/20 22:35,1603204530,1248226944,354977586
2020/10/20 22:34,1603204470,1235125408,368079062
2020/10/20 22:33,1603204410,844434456,758769954
2020/10/20 22:32,1603204350,1211929496,391274854
2020/10/20 22:31,1603204290,1299631304,303572986
2020/10/20 22:30,1603204230,879304056,723900174
2020/10/20 22:29,1603204170,864335968,738868202
2020/10/20 22:28,1603204110,953795912,649408198
2020/10/20 22:27,1603204050,1318545712,284658338
2020/10/20 22:26,1603203990,1196271760,406932230
2020/10/20 22:25,1603203930,1132683080,470520850
2020/10/20 22:24,1603203870,876158728,727045142
2020/10/20 22:23,1603203810,1433058720,170145090
2020/10/20 22:22,1603203750,953635272,649568478
2020/10/20 22:21,1603203690,1513180976,90022714
2020/10/20 22:20,1603203630,857732200,745471430
2020/10/20 22:19,1603203570,1061013464,542190106
2020/10/20 22:18,1603203510,1417175024,186028486
2020/10/20 22:17,1603203450,1303252264,299951186
2020/10/20 22:16,1603203390,1066759400,536443990
2020/10/20 22:15,1603203330,1084352648,518850682
2020/10/20 22:14,1603203270,1024220544,578982726
2020/10/20 22:13,1603203210,1031677240,571525970
2020/10/20 22:12,1603203150,929736184,673466966
2020/10/20 22:11,1603203090,906409832,696793258
2020/10/20 22:10,1603203030,895507032,707695998
2020/10/20 22:09,1603202970,997342360,605860610
2020/10/20 22:08,1603202910,1186008768,417194142
2020/10/20 22:07,1603202850,896272152,706930698
2020/10/20 22:06,1603202790,1278337296,324865494
2020/10/20 22:05,1603202730,1048431448,554771282
2020/10/20 22:04,1603202670,1194474168,408728502
2020/10/20 22:03,1603202610,956864408,646338202
2020/10/20 22:02,1603202550,1211458128,391744422
2020/10/20 22:01,1603202490,1051521544,551680946
2020/10/20 22:00,1603202430,1096022088,507180342
2020/10/20 21:59,1603202370,992210552,610991818
2020/10/20 21:58,1603202310,1146238528,456963782
2020/10/20 21:57,1603202250,1186775408,416426842
2020/10/20 21:56,1603202190,1423223120,179979070
2020/10/20 21:55,1603202130,1354709488,248492642
2020/10/20 21:54,1603202070,1230853040,372349030
2020/10/20 21:53,1603202010,1621233128,-18031118
2020/10/20 21:52,1603201950,1008013144,595188806
2020/10/20 21:51,1603201890,1433412880,169789010
2020/10/20 21:50,1603201830,1319748960,283452870
2020/10/20 21:49,1603201770,1359793392,243408378
2020/10/20 21:48,1603201710,1065863920,537337790
2020/10/20 21:47,1603201650,1084901864,518299786
2020/10/20 21:46,1603201590,1040840128,562361462
2020/10/20 21:45,1603201530,821960328,781241202
2020/10/20 21:44,1603201470,1076200008,527001462
2020/10/20 21:43,1603201410,1026715008,576486402
2020/10/20 21:42,1603201350,1212183328,391018022
2020/10/20 21:41,1603201290,1069770984,533430306
2020/10/20 21:40,1603201230,865241520,737959710
2020/10/20 21:39,1603201170,1085066816,518134354
2020/10/20 21:38,1603201110,873038000,730163110
2020/10/20 21:37,1603201050,834688552,768512498
2020/10/20 21:36,1603200990,871940152,731260838
2020/10/20 21:35,1603200930,1365288936,237911994
2020/10/20 21:34,1603200870,964032616,639168254
2020/10/20 21:33,1603200810,1317457920,285742890
2020/10/20 21:32,1603200750,1397814112,205386638
2020/10/20 21:31,1603200690,1200928016,402272674
2020/10/20 21:30,1603200630,1476875688,126324942
2020/10/20 21:29,1603200570,1204930384,398270186
2020/10/20 21:28,1603200510,931388040,671812470
2020/10/20 21:27,1603200450,1393155600,210044850
2020/10/20 21:26,1603200390,1523098904,80101486
2020/10/20 21:25,1603200330,897982288,705218042
2020/10/20 21:24,1603200270,1212981856,390218414
2020/10/20 21:23,1603200210,936474504,666725706
2020/10/20 21:22,1603200150,1090099824,513100326
2020/10/20 21:21,1603200090,911910624,691289466
2020/10/20 21:20,1603200030,1142721856,460478174
2020/10/20 21:19,1603199970,964195480,639004490
2020/10/20 21:18,1603199910,813186248,790013662
2020/10/20 21:17,1603199850,880368904,722830946
2020/10/20 21:16,1603199790,970061456,633138334
2020/10/20 21:15,1603199730,1282697456,320502274
2020/10/20 21:14,1603199670,1157031504,446168166
2020/10/20 21:13,1603199610,1025468464,577731146
2020/10/20 21:12,1603199550,794064720,809134830
2020/10/20 21:11,1603199490,809332040,793867450
2020/10/20 21:10,1603199430,1331687816,271511614
2020/10/20 21:09,1603199370,823047816,780151554
2020/10/20 21:08,1603199310,962268080,640931230
2020/10/20 21:07,1603199250,990560168,612639082
2020/10/20 21:06,1603199190,1305515736,297683454
2020/10/20 21:05,1603199130,1079631328,523567802
2020/10/20 21:04,1603199070,859558088,743640982
2020/10/20 21:03,1603199010,748302344,854896666
2020/10/20 21:02,1603198950,1037267888,565931062
2020/10/20 21:01,1603198890,912286352,690912538
2020/10/20 21:00,1603198830,1065840552,537358278
2020/10/20 20:59,1603198770,1241019928,362178842
2020/10/20 20:58,1603198710,1206548200,396650510
2020/10/20 20:57,1603198650,1304019872,299178778
2020/10/20 20:56,1603198590,1144672504,458526086
2020/10/20 20:55,1603198530,1350552184,252646346
2020/10/20 20:54,1603198470,1222620248,380578222
2020/10/20 20:53,1603198410,1280732032,322466378
2020/10/20 20:52,1603198350,1083365176,519833174
2020/10/20 20:51,1603198290,816963664,786234626
2020/10/20 20:50,1603198230,1213461088,389737142
2020/10/20 20:49,1603198170,1354821544,248376626
2020/10/20 20:48,1603198110,1037837368,565360742
2020/10/20 20:47,1603198050,897954104,705243946
2020/10/20 20:46,1603197990,904580088,698617902
2020/10/20 20:45,1603197930,1030495888,572702042
2020/10/20 20:44,1603197870,901287320,701910550
2020/10/20 20:43,1603197810,817226528,785971282
2020/10/20 20:42,1603197750,1155957960,447239790
2020/10/20 20:41,1603197690,1068329528,534868162
2020/10/20 20:40,1603197630,936190952,667006678
2020/10/20 20:39,1603197570,1015766864,587430706
2020/10/20 20:38,1603197510,1243665208,359532302
2020/10/20 20:37,1603197450,998391864,604805586
2020/10/20 20:36,1603197390,981863408,621333982
2020/10/20 20:35,1603197330,910955072,692242258
2020/10/20 20:34,1603197270,813552032,789645238
2020/10/20 20:33,1603197210,798808928,804388282
2020/10/20 20:32,1603197150,806200560,796996590
2020/10/20 20:31,1603197090,1035962736,567234354
2020/10/20 20:30,1603197030,941898688,661298342
2020/10/20 20:29,1603196970,1199770408,403426562
2020/10/20 20:28,1603196910,930720280,672476630
2020/10/20 20:27,1603196850,1168817608,434379242
2020/10/20 20:26,1603196790,827469776,775727014
2020/10/20 20:25,1603196730,1001928288,601268442
2020/10/20 20:24,1603196670,1144898248,458298422
2020/10/20 20:23,1603196610,1088732264,514464346
2020/10/20 20:22,1603196550,1004746544,598450006
2020/10/20 20:21,1603196490,1253295960,349900530
2020/10/20 20:20,1603196430,1365792976,237403454
2020/10/20 20:19,1603196370,1237832976,365363394
2020/10/20 20:18,1603196310,832299904,770896406
2020/10/20 20:17,1603196250,1175863032,427333218
2020/10/20 20:16,1603196190,1051651544,551544646
2020/10/20 20:15,1603196130,859554800,743641330
2020/10/20 20:14,1603196070,844349152,758846918
2020/10/20 20:13,1603196011,820162056,783033955
2020/10/20 20:12,1603195950,1554305560,48890390
2020/10/20 20:11,1603195890,1419318736,183877154
2020/10/20 20:10,1603195830,984785344,618410486
2020/10/20 20:09,1603195770,861111320,742084450
2020/10/20 20:08,1603195710,1338006432,265189278
2020/10/20 20:07,1603195650,994045976,609149674
2020/10/20 20:06,1603195590,891310824,711884766
2020/10/20 20:05,1603195530,753925680,849269850
2020/10/20 20:04,1603195470,1168147512,435047958
2020/10/20 20:03,1603195410,1094841792,508353618
2020/10/20 20:02,1603195350,1134891392,468303958
2020/10/20 20:01,1603195290,1156389224,446806066
2020/10/20 20:00,1603195230,1020113592,583081638
2020/10/20 19:59,1603195170,896225848,706969322
2020/10/20 19:58,1603195110,962138792,641056318
2020/10/20 19:57,1603195050,1163834128,439360922
2020/10/20 19:56,1603194990,1074236216,528958774
2020/10/20 19:55,1603194930,1000908136,602286794
2020/10/20 19:54,1603194870,889107304,714087566
2020/10/20 19:53,1603194810,1180614512,422580298
2020/10/20 19:52,1603194750,1092968320,510226430
2020/10/20 19:51,1603194690,1052289216,550905474
2020/10/20 19:50,1603194630,959846504,643348126
2020/10/20 19:49,1603194570,1191015760,412178810
2020/10/20 19:48,1603194510,1104588568,498605942
2020/10/20 19:47,1603194450,883950784,719243666
2020/10/20 19:46,1603194390,842327032,760867358
2020/10/20 19:45,1603194330,1191565168,411629162
2020/10/20 19:44,1603194270,1140358208,462836062
2020/10/20 19:43,1603194210,997529384,605664826
2020/10/20 19:42,1603194150,875267608,727926542
2020/10/20 19:41,1603194090,931486928,671707162
2020/10/20 19:40,1603194030,1145570648,457623382
2020/10/20 19:39,1603193970,1118255584,484938386
2020/10/20 19:38,1603193910,1137356256,465837654
2020/10/20 19:37,1603193850,950686000,652507850
2020/10/20 19:36,1603193790,1160936440,442257350
2020/10/20 19:35,1603193730,994060792,609132938
2020/10/20 19:34,1603193670,1183167648,420026022
2020/10/20 19:33,1603193610,1035433744,567759866
2020/10/20 19:32,1603193550,928524632,674668918
2020/10/20 19:31,1603193490,774052592,829140898
2020/10/20 19:30,1603193430,1369302272,233891158
2020/10/20 19:29,1603193370,1258036032,345157338
2020/10/20 19:28,1603193310,1146250672,456942638
2020/10/20 19:27,1603193250,1350481720,252711530
2020/10/20 19:26,1603193190,1221026616,382166574
2020/10/20 19:25,1603193130,882933696,720259434
2020/10/20 19:24,1603193070,807842216,795350854
2020/10/20 19:23,1603193010,1268703752,334489258
2020/10/20 19:22,1603192950,1034170904,569022046
2020/10/20 19:21,1603192890,1286884976,316307914
2020/10/20 19:20,1603192830,958496176,644696654
2020/10/20 19:19,1603192771,748271288,854921483
2020/10/20 19:18,1603192710,1278667808,324524902
2020/10/20 19:17,1603192650,961967600,641225050
2020/10/20 19:16,1603192590,1329866032,273326558
2020/10/20 19:15,1603192530,1259046200,344146330
2020/10/20 19:14,1603192470,1165501800,437690670
2020/10/20 19:13,1603192410,1221949720,381242690
2020/10/20 19:12,1603192350,804553664,798638686
2020/10/20 19:11,1603192290,1006366512,596825778
2020/10/20 19:10,1603192230,1257935408,345256822
2020/10/20 19:09,1603192170,1166894232,436297938
2020/10/20 19:08,1603192110,825035112,778156998
2020/10/20 19:07,1603192050,905052144,698139906
2020/10/20 19:06,1603191990,851340552,751851438
2020/10/20 19:05,1603191930,762519184,840672746
2020/10/20 19:04,1603191870,790767480,812424390
2020/10/20 19:03,1603191810,750874680,852317130
2020/10/20 19:02,1603191750,929843208,673348542
2020/10/20 19:01,1603191690,839073312,764118378
2020/10/20 19:00,1603191630,741745360,861446270
2020/10/20 18:59,1603191570,1018161264,585030306
2020/10/20 18:58,1603191510,916979024,686212486
2020/10/20 18:57,1603191450,1300139328,303052122
2020/10/20 18:56,1603191390,857122768,746068622
2020/10/20 18:55,1603191330,1055258424,547932906
2020/10/20 18:54,1603191270,960214480,642976790
2020/10/20 18:53,1603191210,1289780072,313411138
2020/10/20 18:52,1603191150,1186887136,416304014
2020/10/20 18:51,1603191090,1060225640,542965450
2020/10/20 18:50,1603191030,940353672,662837358
2020/10/20 18:49,1603190970,831361720,771829250
2020/10/20 18:48,1603190910,992543064,610647846
2020/10/20 18:47,1603190850,813296944,789893906
2020/10/20 18:46,1603190790,1541144904,62045886
2020/10/20 18:45,1603190730,1388484016,214706714
2020/10/20 18:44,1603190670,1313776368,289414302
2020/10/20 18:43,1603190610,1237806064,365384546
2020/10/20 18:42,1603190550,1463339272,139851278
2020/10/20 18:41,1603190490,805568384,797622106
2020/10/20 18:40,1603190430,865074520,738115910
2020/10/20 18:39,1603190370,1014593352,588597018
2020/10/20 18:38,1603190310,812873552,790316758
2020/10/20 18:37,1603190250,860578256,742611994
2020/10/20 18:36,1603190190,1292312672,310877518
2020/10/20 18:35,1603190130,874153072,729037058
2020/10/20 18:34,1603190070,916772136,686417934
2020/10/20 18:33,1603190010,880286216,722903794
2020/10/20 18:32,1603189950,1038028768,565161182
2020/10/20 18:31,1603189890,1132379160,470810730
2020/10/20 18:30,1603189830,970626768,632563062
2020/10/20 18:29,1603189770,722824136,880365634
2020/10/20 18:28,1603189710,1126357080,476832630
2020/10/20 18:27,1603189650,750494912,852694738
2020/10/20 18:26,1603189590,975513608,627675982
2020/10/20 18:25,1603189530,821228456,781961074
2020/10/20 18:24,1603189470,840546952,762642518
2020/10/20 18:23,1603189410,810579792,792609618
2020/10/20 18:22,1603189350,1055931168,547258182
2020/10/20 18:21,1603189290,928866376,674322914
2020/10/20 18:20,1603189230,824454816,778734414
2020/10/20 18:19,1603189170,734725424,868463746
2020/10/20 18:18,1603189110,1116139360,487049750
2020/10/20 18:17,1603189050,1051903520,551285530
2020/10/20 18:16,1603188990,786976864,816212126
2020/10/20 18:15,1603188930,1444454464,158734466
2020/10/20 18:14,1603188870,1256750376,346438494
2020/10/20 18:13,1603188810,1067928632,535260178
2020/10/20 18:12,1603188750,1008398416,594790334
2020/10/20 18:11,1603188690,881563928,721624762
2020/10/20 18:10,1603188630,988227608,614961022
2020/10/20 18:09,1603188570,958743824,644444746
2020/10/20 18:08,1603188510,1407653992,195534518
2020/10/20 18:07,1603188450,1254794880,348393570
2020/10/20 18:06,1603188390,1109389400,493798990
2020/10/20 18:05,1603188330,888821752,714366578
2020/10/20 18:04,1603188270,1123827936,479360334
2020/10/20 18:03,1603188210,847522776,755665434
2020/10/20 18:02,1603188150,738993792,864194358
2020/10/20 18:01,1603188090,1006230240,596957850
2020/10/20 18:00,1603188030,1010365032,592822998
2020/10/20 17:59,1603187970,845063144,758124826
2020/10/20 17:58,1603187910,1356596536,246591374
2020/10/20 17:57,1603187850,998878872,604308978
2020/10/20 17:56,1603187790,856010496,747177294
2020/10/20 17:55,1603187730,1002394568,600793162
2020/10/20 17:54,1603187670,909204280,693983390
2020/10/20 17:53,1603187610,872816472,730371138
2020/10/20 17:52,1603187550,1037308912,565878638
2020/10/20 17:51,1603187490,767598000,835589490
2020/10/20 17:50,1603187430,1150192632,452994798
2020/10/20 17:49,1603187370,880967320,722220050
2020/10/20 17:48,1603187310,1398051192,205136118
2020/10/20 17:47,1603187250,1143927664,459259586
2020/10/20 17:46,1603187190,1035276704,567910486
2020/10/20 17:45,1603187130,1080887976,522299154
2020/10/20 17:44,1603187070,780062656,823124414
2020/10/20 17:43,1603187010,991746856,611440154
2020/10/20 17:42,1603186950,916841936,686345014
2020/10/20 17:41,1603186890,956119488,647067402
2020/10/20 17:40,1603186830,793439824,809747006
2020/10/20 17:39,1603186770,1070468520,532718250
2020/10/20 17:38,1603186710,768799912,834386798
2020/10/20 17:37,1603186650,1119381216,483805434
2020/10/20 17:36,1603186590,915362536,687824054
2020/10/20 17:35,1603186530,799276056,803910474
2020/10/20 17:34,1603186470,768657472,834528998
2020/10/20 17:33,1603186410,1236065008,367121402
2020/10/20 17:32,1603186350,1058697808,544488542
2020/10/20 17:31,1603186290,758298032,844888258
2020/10/20 17:30,1603186230,1099720776,503465454
2020/10/20 17:29,1603186170,970745504,632440666
2020/10/20 17:28,1603186110,922422056,680764054
2020/10/20 17:27,1603186050,1363173296,240012754
2020/10/20 17:26,1603185990,1314537320,288648670
2020/10/20 17:25,1603185930,1143377480,459808450
2020/10/20 17:24,1603185870,1003452096,599733774
2020/10/20 17:23,1603185810,922830384,680355426
2020/10/20 17:22,1603185750,1095525136,507660614
2020/10/20 17:21,1603185690,1015899512,587286178
2020/10/20 17:20,1603185630,764201600,838984030
2020/10/20 17:19,1603185570,1043309952,559875618
2020/10/20 17:18,1603185510,946441800,656743710
2020/10/20 17:17,1603185450,733198912,869986538
2020/10/20 17:16,1603185390,715069472,888115918
2020/10/20 17:15,1603185330,1213868400,389316930
2020/10/20 17:14,1603185270,829400480,773784790
2020/10/20 17:13,1603185210,778269240,824915970
2020/10/20 17:12,1603185150,1112061000,491124150
2020/10/20 17:11,1603185090,835504776,767680314
2020/10/20 17:10,1603185030,793935656,809249374
2020/10/20 17:09,1603184970,711158616,892026354
2020/10/20 17:08,1603184910,1257687464,345497446
2020/10/20 17:07,1603184850,885363928,717820922
2020/10/20 17:06,1603184790,709726920,893457870
2020/10/20 17:05,1603184730,1125338264,477846466
2020/10/20 17:04,1603184670,859867464,743317206
2020/10/20 17:03,1603184610,935882344,667302266
2020/10/20 17:02,1603184550,821373096,781811454
2020/10/20 17:01,1603184490,1055967552,547216938
2020/10/20 17:00,1603184430,888690784,714493646
2020/10/20 16:59,1603184370,910894192,692290178
2020/10/20 16:58,1603184310,868212984,734971326
2020/10/20 16:57,1603184250,977474176,625710074
2020/10/20 16:56,1603184190,1070055128,533129062
2020/10/20 16:55,1603184130,1017432152,585751978
2020/10/20 16:54,1603184070,876039800,727144270
2020/10/20 16:53,1603184010,1103104640,500079370
2020/10/20 16:52,1603183950,1031906352,571277598
2020/10/20 16:51,1603183890,966969936,636213954
2020/10/20 16:50,1603183830,820851656,782332174
2020/10/20 16:49,1603183770,1067895168,535288602
2020/10/20 16:48,1603183710,974991712,628191998
2020/10/20 16:47,1603183650,859322864,743860786
2020/10/20 16:46,1603183590,1258896888,344286702
2020/10/20 16:45,1603183530,891972736,711210794
2020/10/20 16:44,1603183470,771310360,831873110
2020/10/20 16:43,1603183410,1360462024,242721386
2020/10/20 16:42,1603183350,1242508328,360675022
2020/10/20 16:41,1603183290,825566984,777616306
2020/10/20 16:40,1603183230,1279732200,323451030
2020/10/20 16:39,1603183170,992186336,610996834
2020/10/20 16:38,1603183110,872374840,730808270
2020/10/20 16:37,1603183050,815503000,787680050
2020/10/20 16:36,1603182990,765575504,837607486
2020/10/20 16:35,1603182930,1107173408,496009522
2020/10/20 16:34,1603182870,941767832,661415038
2020/10/20 16:33,1603182810,1003261312,599921498
2020/10/20 16:32,1603182750,848757832,754424918
2020/10/20 16:31,1603182690,785407688,817775002
2020/10/20 16:30,1603182630,864167912,739014718
2020/10/20 16:29,1603182570,823359952,779822618
2020/10/20 16:28,1603182510,1006378568,596803942
2020/10/20 16:27,1603182450,868370944,734811506
2020/10/20 16:26,1603182390,701881424,901300966
2020/10/20 16:25,1603182330,1178185384,424996946
2020/10/20 16:24,1603182270,1000626104,602556166
2020/10/20 16:23,1603182210,775605704,827576506
2020/10/20 16:22,1603182150,1133645856,469536294
2020/10/20 16:21,1603182090,989207512,613974578
2020/10/20 16:20,1603182030,1021665432,581516598
2020/10/20 16:19,1603181970,1004321112,598860858
2020/10/20 16:18,1603181910,1038615424,564566486
2020/10/20 16:17,1603181850,975163848,628018002
2020/10/20 16:16,1603181790,1121220880,481960910
2020/10/20 16:15,1603181730,1193146896,410034834
2020/10/20 16:14,1603181670,1019233808,583947862
2020/10/20 16:13,1603181610,1408354968,194826642
2020/10/20 16:12,1603181550,1172055256,431126294
2020/10/20 16:11,1603181490,1099095032,504086458
2020/10/20 16:10,1603181430,844822480,758358950
2020/10/20 16:09,1603181370,1368585664,234595706
2020/10/20 16:08,1603181310,1238100072,365081238
2020/10/20 16:07,1603181250,937848736,665332514
2020/10/20 16:06,1603181190,1106493816,496687374
2020/10/20 16:05,1603181130,968713440,634467690
2020/10/20 16:04,1603181070,1058028976,545152094
2020/10/20 16:03,1603181010,1041945832,561235178
2020/10/20 16:02,1603180950,774729624,828451326
2020/10/20 16:01,1603180890,1120000664,483180226
2020/10/20 16:00,1603180830,975472920,627707910
2020/10/20 15:59,1603180770,1177037136,426143634
2020/10/20 15:58,1603180710,1031074648,572106062
2020/10/20 15:57,1603180650,812630168,790550482
2020/10/20 15:56,1603180590,833550080,769630510
2020/10/20 15:55,1603180530,1233989064,369191466
2020/10/20 15:54,1603180470,831271864,771908606
2020/10/20 15:53,1603180410,1011661736,591518674
2020/10/20 15:52,1603180350,1371098264,232082086
2020/10/20 15:51,1603180290,1259143896,344036394
2020/10/20 15:50,1603180230,1455221392,147958838
2020/10/20 15:49,1603180170,1178397584,424782586
2020/10/20 15:48,1603180110,986155592,617024518
2020/10/20 15:47,1603180050,1087135280,516044770
2020/10/20 15:46,1603179990,825270664,777909326
2020/10/20 15:45,1603179930,1106056776,497123154
2020/10/20 15:44,1603179870,980500048,622679822
2020/10/20 15:43,1603179810,1260613904,342565906
2020/10/20 15:42,1603179750,944746112,658433638
2020/10/20 15:41,1603179690,902668144,700511546
2020/10/20 15:40,1603179630,870628832,732550798
2020/10/20 15:39,1603179570,802040984,801138586
2020/10/20 15:38,1603179510,1306364528,296814982
2020/10/20 15:37,1603179450,1496116208,107063242
2020/10/20 15:36,1603179390,1266501824,336677566
2020/10/20 15:35,1603179330,1063055384,540123946
2020/10/20 15:34,1603179270,1151344048,451835222
2020/10/20 15:33,1603179210,735559200,867620010
2020/10/20 15:32,1603179150,907193608,695985542
2020/10/20 15:31,1603179090,749453984,853725106
2020/10/20 15:30,1603179030,726190416,876988614
2020/10/20 15:29,1603178970,1121448392,481730578
2020/10/20 15:28,1603178910,1384761704,218417206
2020/10/20 15:27,1603178850,1360165624,243013226
2020/10/20 15:26,1603178790,1073425928,529752862
2020/10/20 15:25,1603178730,1165263776,437914954
2020/10/20 15:24,1603178670,929036072,674142598
2020/10/20 15:23,1603178610,1144658728,458519882
2020/10/20 15:22,1603178550,1168556088,434622462
2020/10/20 15:21,1603178490,1006930256,596248234
2020/10/20 15:20,1603178430,1101340008,501838422
2020/10/20 15:19,1603178370,1041312312,561866058
2020/10/20 15:18,1603178310,719812624,883365686
2020/10/20 15:17,1603178250,993667592,609510658
2020/10/20 15:16,1603178190,756287040,846891150
2020/10/20 15:15,1603178130,1018742728,584435402
2020/10/20 15:14,1603178070,908922376,694255694
2020/10/20 15:13,1603178010,1119037656,484140354
2020/10/20 15:12,1603177950,1180772448,422405502
2020/10/20 15:11,1603177890,1097186808,505991082
2020/10/20 15:10,1603177830,1034101240,569076590
2020/10/20 15:09,1603177770,1118510120,484667650
2020/10/20 15:08,1603177710,944750480,658427230
2020/10/20 15:07,1603177650,825293824,777883826
2020/10/20 15:06,1603177590,1104749200,498428390
2020/10/20 15:05,1603177530,974358040,628819490
2020/10/20 15:04,1603177470,1066942416,536235054
2020/10/20 15:03,1603177410,779310688,823866722
2020/10/20 15:02,1603177350,1041460768,561716582
2020/10/20 15:01,1603177290,966073784,637103506
2020/10/20 15:00,1603177230,1045829664,557347566
2020/10/20 14:59,1603177170,787045624,816131546
2020/10/20 14:58,1603177110,834230384,768946726
2020/10/20 14:57,1603177050,922672816,680504234
2020/10/20 14:56,1603176990,814970824,788206166
2020/10/20 14:55,1603176930,772579512,830597418
2020/10/20 14:54,1603176870,963951592,639225278
2020/10/20 14:53,1603176810,750750880,852425930
2020/10/20 14:52,1603176750,832823912,770352838
2020/10/20 14:51,1603176690,894234544,708942146
2020/10/20 14:50,1603176630,1164393184,438783446
2020/10/20 14:49,1603176570,876413080,726763490
2020/10/20 14:48,1603176510,1057131008,546045502
2020/10/20 14:47,1603176450,729474336,873702114
2020/10/20 14:46,1603176390,930932608,672243782
2020/10/20 14:45,1603176330,748300984,854875346
2020/10/20 14:44,1603176270,942100616,661075654
2020/10/20 14:43,1603176210,784579312,818596898
2020/10/20 14:42,1603176150,698247944,904928206
2020/10/20 14:41,1603176090,893656992,709519098
2020/10/20 14:40,1603176030,730996448,872179582
2020/10/20 14:39,1603175970,928845272,674330698
2020/10/20 14:38,1603175910,798972424,804203486
2020/10/20 14:37,1603175850,865541448,737634402
2020/10/20 14:36,1603175790,1161679064,441496726
2020/10/20 14:35,1603175730,1067597696,535578034
2020/10/20 14:34,1603175670,1017235752,585939918
2020/10/20 14:33,1603175610,888552216,714623394
2020/10/20 14:32,1603175550,741138840,862036710
2020/10/20 14:31,1603175490,1193370424,409805066
2020/10/20 14:30,1603175430,1218376136,384799294
2020/10/20 14:29,1603175370,1044558576,558616794
2020/10/20 14:28,1603175310,1468608640,134566670
2020/10/20 14:27,1603175250,897521264,705653986
2020/10/20 14:26,1603175190,1116993008,486182182
2020/10/20 14:25,1603175130,760062184,843112946
2020/10/20 14:24,1603175070,1141183008,461992062
2020/10/20 14:23,1603175010,1028125096,575049914
2020/10/20 14:22,1603174950,930561752,672613198
2020/10/20 14:21,1603174890,802608272,800566618
2020/10/20 14:20,1603174830,805493464,797681366
2020/10/20 14:19,1603174770,1357958864,245215906
2020/10/20 14:18,1603174710,1168828200,434346510
2020/10/20 14:17,1603174650,920813392,682361258
2020/10/20 14:16,1603174590,926403176,676771414
2020/10/20 14:15,1603174530,788929184,814245346
2020/10/20 14:14,1603174470,1302292816,300881654
2020/10/20 14:13,1603174410,1178040848,425133562
2020/10/20 14:12,1603174350,884927960,718246390
2020/10/20 14:11,1603174290,960817072,642357218
2020/10/20 14:10,1603174230,802248320,800925910
2020/10/20 14:09,1603174170,1137539448,465634722
2020/10/20 14:08,1603174110,1070354176,532819934
2020/10/20 14:07,1603174050,1200290320,402883730
2020/10/20 14:06,1603173990,950473968,652700022
2020/10/20 14:05,1603173930,805412352,797761578
2020/10/20 14:04,1603173870,1381867416,221306454
2020/10/20 14:03,1603173810,1233755568,369418242
2020/10/20 14:02,1603173750,818630544,784543206
2020/10/20 14:01,1603173690,1273066040,330107650
2020/10/20 14:00,1603173630,1420888536,182285094
2020/10/20 13:59,1603173570,1084013320,519160250
2020/10/20 13:58,1603173510,995878392,607295118
2020/10/20 13:57,1603173450,847639848,755533602
2020/10/20 13:56,1603173390,845482520,757690870
2020/10/20 13:55,1603173330,931958976,671214354
2020/10/20 13:54,1603173270,1123558352,479614918
2020/10/20 13:53,1603173210,975125232,628047978
2020/10/20 13:52,1603173150,1121263096,481910054
2020/10/20 13:51,1603173090,840847072,762326018
2020/10/20 13:50,1603173030,881004424,722168606
2020/10/20 13:49,1603172970,809041936,794131034
2020/10/20 13:48,1603172910,951680832,651492078
2020/10/20 13:47,1603172850,904844656,698328194
2020/10/20 13:46,1603172790,734149912,869022878
2020/10/20 13:45,1603172730,863861000,739311730
2020/10/20 13:44,1603172670,1207300984,395871686
2020/10/20 13:43,1603172610,893933912,709238698
2020/10/20 13:42,1603172550,1073342968,529829582
2020/10/20 13:41,1603172490,711930728,891241762
2020/10/20 13:40,1603172430,1088502976,514669454
2020/10/20 13:39,1603172370,818186112,784986258
2020/10/20 13:38,1603172310,825050088,778122222
2020/10/20 13:37,1603172250,773603960,829568290
2020/10/20 13:36,1603172190,975884096,627288094
2020/10/20 13:35,1603172130,783764464,819407666
2020/10/20 13:34,1603172070,1009662776,593509294
2020/10/20 13:33,1603172010,872781328,730390682
2020/10/20 13:32,1603171950,707942456,895229494
2020/10/20 13:31,1603171890,1030295816,572876074
2020/10/20 13:30,1603171830,964605960,638565870
2020/10/20 13:29,1603171770,879897152,723274618
2020/10/20 13:28,1603171710,1392987704,210184006
2020/10/20 13:27,1603171650,1056109640,547062010
2020/10/20 13:26,1603171590,865934600,737236990
2020/10/20 13:25,1603171530,803583832,799587698
2020/10/20 13:24,1603171470,1067979536,535191934
2020/10/20 13:23,1603171410,937975936,665195474
2020/10/20 13:22,1603171350,836999640,766171710
2020/10/20 13:21,1603171290,1345072736,258098554
2020/10/20 13:20,1603171230,706346016,896825214
2020/10/20 13:19,1603171170,1169443760,433727410
2020/10/20 13:18,1603171110,1032985568,570185542
2020/10/20 13:17,1603171050,848674960,754496090
2020/10/20 13:16,1603170990,711307832,891863158
2020/10/20 13:15,1603170930,1123772304,479398626
2020/10/20 13:14,1603170870,1070506560,532664310
2020/10/20 13:13,1603170810,1156887264,446283546
2020/10/20 13:12,1603170750,935914672,667256078
2020/10/20 13:11,1603170690,804897000,798273690
2020/10/20 13:10,1603170630,822845008,780325622
2020/10/20 13:09,1603170570,1195969872,407200698
2020/10/20 13:08,1603170510,1208536600,394633910
2020/10/20 13:07,1603170450,829621448,773549002
2020/10/20 13:06,1603170390,692858872,910311518
2020/10/20 13:05,1603170330,1246683760,356486570
2020/10/20 13:04,1603170270,958462968,644707302
2020/10/20 13:03,1603170210,906304872,696865338
2020/10/20 13:02,1603170150,1313628080,289542070
2020/10/20 13:01,1603170090,1403818904,199351186
2020/10/20 13:00,1603170030,1032385560,570784470
2020/10/20 12:59,1603169970,1103602648,499567322
2020/10/20 12:58,1603169910,977367336,625802574
2020/10/20 12:57,1603169850,1080281744,522888106
2020/10/20 12:56,1603169790,913152624,690017166
2020/10/20 12:55,1603169730,798505584,804664146
2020/10/20 12:54,1603169670,1398870376,204299294
2020/10/20 12:53,1603169610,1321892776,281276834
2020/10/20 12:52,1603169550,1356254368,246915182
2020/10/20 12:51,1603169490,1126355632,476813858
2020/10/20 12:50,1603169430,972594744,630574686
2020/10/20 12:49,1603169370,756499696,846669674
2020/10/20 12:48,1603169310,1313003192,290166118
2020/10/20 12:47,1603169250,897158776,706010474
2020/10/20 12:46,1603169190,1356114376,247054814
2020/10/20 12:45,1603169130,1047504128,555665002
2020/10/20 12:44,1603169070,1081245968,521923102
2020/10/20 12:43,1603169010,1100200608,502968402
2020/10/20 12:42,1603168950,1024891016,578277934
2020/10/20 12:41,1603168890,1232835800,370333090
2020/10/20 12:40,1603168830,1060871224,542297606
2020/10/20 12:39,1603168770,1131576152,471592618
2020/10/20 12:38,1603168710,1207732656,395436054
2020/10/20 12:37,1603168650,713931520,889237130
2020/10/20 12:36,1603168590,842385448,760783142
2020/10/20 12:35,1603168530,761944432,841224098
2020/10/20 12:34,1603168470,977561392,625607078
2020/10/20 12:33,1603168410,888471280,714697130
2020/10/20 12:32,1603168350,812573144,790595206
2020/10/20 12:31,1603168290,666226608,936941682
2020/10/20 12:30,1603168230,1105797600,497370630
2020/10/20 12:29,1603168170,778374856,824793314
2020/10/20 12:28,1603168110,1002681024,600487086
2020/10/20 12:27,1603168050,746373592,856794458
2020/10/20 12:26,1603167990,1191372760,411795230
2020/10/20 12:25,1603167930,1037592096,565575834
2020/10/20 12:24,1603167870,1250024456,353143414
2020/10/20 12:23,1603167810,1146617088,456550722
2020/10/20 12:22,1603167750,1128596040,474571710
2020/10/20 12:21,1603167690,1293626048,309541642
2020/10/20 12:20,1603167630,844816872,758350758
2020/10/20 12:19,1603167570,919703976,683463594
2020/10/20 12:18,1603167510,839019272,764148238
2020/10/20 12:17,1603167450,744721088,858446362
2020/10/20 12:16,1603167390,813514480,789652910
2020/10/20 12:15,1603167330,1240737072,362430258
2020/10/20 12:14,1603167270,770116560,833050710
2020/10/20 12:13,1603167210,1182901312,420265898
2020/10/20 12:12,1603167150,1093212208,509954942
2020/10/20 12:11,1603167090,1067061936,536105154
2020/10/20 12:10,1603167030,1093663352,509503678
2020/10/20 12:09,1603166970,734240312,868926658
2020/10/20 12:08,1603166910,1316039576,287127334
2020/10/20 12:07,1603166850,1038603536,564563314
2020/10/20 12:06,1603166790,947336648,655830142
2020/10/20 12:05,1603166730,917971208,685195522
2020/10/20 12:04,1603166670,875376704,727789966
2020/10/20 12:03,1603166610,842065064,761101546
2020/10/20 12:02,1603166550,754481944,848684606
2020/10/20 12:01,1603166490,902553288,700613202
2020/10/20 12:00,1603166430,801616864,801549566
2020/10/20 11:59,1603166370,657469872,945696498
2020/10/20 11:58,1603166310,1202837520,400328790
2020/10/20 11:57,1603166250,826341328,776824922
2020/10/20 11:56,1603166190,1023189056,579977134
2020/10/20 11:55,1603166130,1464181880,138984250
2020/10/20 11:54,1603166070,1256607256,346558814
2020/10/20 11:53,1603166010,682661448,920504562
2020/10/20 11:52,1603165950,808815200,794350750
2020/10/20 11:51,1603165890,1031261688,571904202
2020/10/20 11:50,1603165830,818269000,784896830
2020/10/20 11:49,1603165770,620739120,982426650
2020/10/20 11:48,1603165710,737976888,865188822
2020/10/20 11:47,1603165650,1051235792,551929858
2020/10/20 11:46,1603165590,1295096168,308069422
2020/10/20 11:45,1603165530,878338168,724827362
2020/10/20 11:44,1603165470,767126840,836038630
2020/10/20 11:43,1603165410,863683120,739482290
2020/10/20 11:42,1603165350,879483504,723681846
2020/10/20 11:41,1603165290,906210168,696955122
2020/10/20 11:40,1603165230,985176272,617988958
2020/10/20 11:39,1603165170,943847384,659317786
2020/10/20 11:38,1603165110,734758856,868406254
2020/10/20 11:37,1603165050,817145968,786019082
2020/10/20 11:36,1603164990,915139216,688025774
2020/10/20 11:35,1603164930,712718192,890446738
2020/10/20 11:34,1603164870,980343624,622821246
2020/10/20 11:33,1603164810,740048600,863116210
2020/10/20 11:32,1603164750,713132720,890032030
2020/10/20 11:31,1603164690,945646752,657517938
2020/10/20 11:30,1603164630,957256536,645908094
2020/10/20 11:29,1603164570,939865056,663299514
2020/10/20 11:28,1603164510,808151248,795013262
2020/10/20 11:27,1603164450,1345409960,257754490
2020/10/20 11:26,1603164390,1136595304,466569086
2020/10/20 11:25,1603164330,1203237496,399926834
2020/10/20 11:24,1603164270,1111133288,492030982
2020/10/20 11:23,1603164210,1174722912,428441298
2020/10/20 11:22,1603164150,1472419672,130744478
2020/10/20 11:21,1603164090,1048928312,554235778
2020/10/20 11:20,1603164030,900300208,702863822
2020/10/20 11:19,1603163970,1037450672,565713298
2020/10/20 11:18,1603163910,986363568,616800342
2020/10/20 11:17,1603163850,946565400,656598450
2020/10/20 11:16,1603163790,1254648032,348515758
2020/10/20 11:15,1603163730,1146396624,456767106
2020/10/20 11:14,1603163670,1128722472,474441198
2020/10/20 11:13,1603163610,1085268288,517895322
2020/10/20 11:12,1603163550,1185726744,417436806
2020/10/20 11:11,1603163490,576015608,1027147882
2020/10/20 11:10,1603163430,906559920,696603510
2020/10/20 11:09,1603163370,881861952,721301418
2020/10/20 11:08,1603163310,758009120,845154190
2020/10/20 11:07,1603163250,878591208,724572042
2020/10/20 11:06,1603163190,1036878288,566284902
2020/10/20 11:05,1603163130,734352864,868810266
2020/10/20 11:04,1603163070,1058176440,544986630
2020/10/20 11:03,1603163010,1070805416,532357594
2020/10/20 11:02,1603162950,810085520,793077430
2020/10/20 11:01,1603162890,909823776,693339114
2020/10/20 11:00,1603162830,964139128,639023702
2020/10/20 10:59,1603162770,957010824,646151946
2020/10/20 10:58,1603162710,1115647832,487514878
2020/10/20 10:57,1603162650,672951088,930211562
2020/10/20 10:56,1603162590,765772992,837389598
2020/10/20 10:55,1603162530,928584384,674578146
2020/10/20 10:54,1603162470,841610752,761551718
2020/10/20 10:53,1603162410,868577168,734585242
2020/10/20 10:52,1603162350,1006721816,596440534
2020/10/20 10:51,1603162290,754395024,848767266
2020/10/20 10:50,1603162230,1413451800,189710430
2020/10/20 10:49,1603162170,986625952,616536218
2020/10/20 10:48,1603162110,985450120,617711990
2020/10/20 10:47,1603162050,756301112,846860938
2020/10/20 10:46,1603161990,1097774184,505387806
2020/10/20 10:45,1603161930,805340656,797821274
2020/10/20 10:44,1603161870,1263455752,339706118
2020/10/20 10:43,1603161810,1294209984,308951826
2020/10/20 10:42,1603161750,868471872,734689878
2020/10/20 10:41,1603161690,711215440,891946250
2020/10/20 10:40,1603161630,886962736,716198894
2020/10/20 10:39,1603161570,678056120,925105450
2020/10/20 10:38,1603161510,1065579064,537582446
2020/10/20 10:37,1603161450,1104262120,498899330
2020/10/20 10:36,1603161390,1441201624,161959766
2020/10/20 10:35,1603161330,1321780392,281380938
2020/10/20 10:34,1603161270,1247790792,355370478
2020/10/20 10:33,1603161210,934995056,668166154
2020/10/20 10:32,1603161150,691475920,911685230
2020/10/20 10:31,1603161090,958791336,644369754
2020/10/20 10:30,1603161030,1235095360,368065670
2020/10/20 10:29,1603160970,720032536,883128434
2020/10/20 10:28,1603160910,723521056,879639854
2020/10/20 10:27,1603160850,1397042608,206118242
2020/10/20 10:26,1603160790,1300066032,303094758
2020/10/20 10:25,1603160730,1017437856,585722874
2020/10/20 10:24,1603160670,1185450024,417710646
2020/10/20 10:23,1603160610,728163600,874997010
2020/10/20 10:22,1603160550,916915112,686245438
2020/10/20 10:21,1603160490,1460867632,142292858
2020/10/20 10:20,1603160430,1050959840,552200590
2020/10/20 10:19,1603160370,948537304,654623066
2020/10/20 10:18,1603160310,875422200,727738110
2020/10/20 10:17,1603160250,1019874640,583285610
2020/10/20 10:16,1603160190,755490448,847669742
2020/10/20 10:15,1603160130,1106032136,497127994
2020/10/20 10:14,1603160070,1011984808,591175262
2020/10/20 10:13,1603160010,895417512,707742498
2020/10/20 10:12,1603159950,809226664,793933286
2020/10/20 10:11,1603159890,785784360,817375530
2020/10/20 10:10,1603159830,822722728,780437102
2020/10/20 10:09,1603159770,1213950768,389209002
2020/10/20 10:08,1603159710,1079969504,523190206
2020/10/20 10:07,1603159650,1355400256,247759394
2020/10/20 10:06,1603159590,957907808,645251782
2020/10/20 10:05,1603159530,1398509144,204650386
2020/10/20 10:04,1603159470,1142973672,460185798
2020/10/20 10:03,1603159410,896547640,706611770
2020/10/20 10:02,1603159350,1089801120,513358230
2020/10/20 10:01,1603159290,1324475352,278683938
2020/10/20 10:00,1603159230,1224772160,378387070
2020/10/20 09:59,1603159170,941522456,661636714
2020/10/20 09:58,1603159110,821879824,781279286
2020/10/20 09:57,1603159050,994423248,608735802
2020/10/20 09:56,1603158990,869751176,733407814
2020/10/20 09:55,1603158930,1427768192,175390738
2020/10/20 09:54,1603158870,874325088,728833782
2020/10/20 09:53,1603158810,802212440,800946370
2020/10/20 09:52,1603158750,698670600,904488150
2020/10/20 09:51,1603158690,1265222552,337936138
2020/10/20 09:50,1603158630,1303486008,299672622
2020/10/20 09:49,1603158570,1014250392,588908178
2020/10/20 09:48,1603158510,1074279440,528879070
2020/10/20 09:47,1603158450,669023432,934135018
2020/10/20 09:46,1603158390,1067956072,535202318
2020/10/20 09:45,1603158330,1128830104,474328226
2020/10/20 09:44,1603158270,896251040,706907230
2020/10/20 09:43,1603158210,715908064,887250146
2020/10/20 09:42,1603158150,1017958848,585199302
2020/10/20 09:41,1603158090,725826616,877331474
2020/10/20 09:40,1603158030,905084416,698073614
2020/10/20 09:39,1603157970,1066340584,536817386
2020/10/20 09:38,1603157910,930550360,672607550
2020/10/20 09:37,1603157850,851939272,751218578
2020/10/20 09:36,1603157790,906430992,696726798
2020/10/20 09:35,1603157730,722668152,880489578
2020/10/20 09:34,1603157670,1245974136,357183534
2020/10/20 09:33,1603157610,1162892224,440265386
2020/10/20 09:32,1603157550,751099392,852058158
2020/10/20 09:31,1603157490,1228248200,374909290
2020/10/20 09:30,1603157430,1034590504,568566926
2020/10/20 09:29,1603157370,1000255360,602902010
2020/10/20 09:28,1603157310,802527632,800629678
2020/10/20 09:27,1603157250,913430624,689726626
2020/10/20 09:26,1603157190,872113856,731043334
2020/10/20 09:25,1603157130,882100744,721056386
2020/10/20 09:24,1603157070,701959840,901197230
2020/10/20 09:23,1603157010,901885392,701271618
2020/10/20 09:22,1603156950,719292544,883864406
2020/10/20 09:21,1603156890,957318624,645838266
2020/10/20 09:20,1603156830,1132518352,470638478
2020/10/20 09:19,1603156770,886796656,716360114
2020/10/20 09:18,1603156710,1339066928,264089782
2020/10/20 09:17,1603156650,1101767184,501389466
2020/10/20 09:16,1603156590,893299472,709857118
2020/10/20 09:15,1603156530,811224152,791932378
2020/10/20 09:14,1603156470,1315085792,288070678
2020/10/20 09:13,1603156410,1046667104,556489306
2020/10/20 09:12,1603156350,1458057912,145098438
2020/10/20 09:11,1603156290,1320883488,282272802
2020/10/20 09:10,1603156230,1158390392,444765838
2020/10/20 09:09,1603156170,1060838480,542317690
2020/10/20 09:08,1603156110,855166024,747990086
2020/10/20 09:07,1603156050,678513976,924642074
2020/10/20 09:06,1603155990,954159936,648996054
2020/10/20 09:05,1603155930,770694016,832461914
2020/10/20 09:04,1603155870,1058156264,544999606
2020/10/20 09:03,1603155810,1090995368,512160442
2020/10/20 09:02,1603155750,1024983968,578171782
2020/10/20 09:01,1603155690,618424464,984731226
2020/10/20 09:00,1603155630,803304448,799851182
2020/10/20 08:59,1603155570,701407280,901748290
2020/10/20 08:58,1603155510,877450824,725704686
2020/10/20 08:57,1603155450,695022224,908133226
2020/10/20 08:56,1603155390,1141732824,461422566
2020/10/20 08:55,1603155330,982518432,620636898
2020/10/20 08:54,1603155270,992142952,611012318
2020/10/20 08:53,1603155210,1074824208,528331002
2020/10/20 08:52,1603155150,707916672,895238478
2020/10/20 08:51,1603155090,888256320,714898770
2020/10/20 08:50,1603155030,1123146688,480008342
2020/10/20 08:49,1603154970,1249409760,353745210
2020/10/20 08:48,1603154910,845089312,758065598
2020/10/20 08:47,1603154850,892526832,710628018
2020/10/20 08:46,1603154790,918421304,684733486
2020/10/20 08:45,1603154730,907922448,695232282
2020/10/20 08:44,1603154670,578031528,1025123142
2020/10/20 08:43,1603154610,1256427072,346727538
2020/10/20 08:42,1603154550,822494024,780660526
2020/10/20 08:41,1603154490,1036031072,567123418
2020/10/20 08:40,1603154430,952215440,650938990
2020/10/20 08:39,1603154370,871070040,732084330
2020/10/20 08:38,1603154310,612565568,990588742
2020/10/20 08:37,1603154250,1110639416,492514834
2020/10/20 08:36,1603154190,845271160,757883030
2020/10/20 08:35,1603154130,1015297144,587856986
2020/10/20 08:34,1603154070,887912504,715241566
2020/10/20 08:33,1603154010,735780376,867373634
2020/10/20 08:32,1603153950,1021576736,581577214
2020/10/20 08:31,1603153890,691469656,911684234
2020/10/20 08:30,1603153830,675915072,927238758
2020/10/20 08:29,1603153770,890358648,712795122
2020/10/20 08:28,1603153710,788005728,815147982
2020/10/20 08:27,1603153650,1088615144,514538506
2020/10/20 08:26,1603153590,939952440,663201150
2020/10/20 08:25,1603153530,928384656,674768874
2020/10/20 08:24,1603153470,871727176,731426294
2020/10/20 08:23,1603153410,1087776128,515377282
2020/10/20 08:22,1603153350,1042066568,561086782
2020/10/20 08:21,1603153290,853846216,749307074
2020/10/20 08:20,1603153230,790153320,812999910
2020/10/20 08:19,1603153170,718997688,884155482
2020/10/20 08:18,1603153110,1057773752,545379358
2020/10/20 08:17,1603153050,670604944,932548106
2020/10/20 08:16,1603152990,1159294520,443858470
2020/10/20 08:15,1603152930,743807640,859345290
2020/10/20 08:14,1603152870,1125025528,478127342
2020/10/20 08:13,1603152810,1167229688,435923122
2020/10/20 08:12,1603152750,886854728,716298022
2020/10/20 08:11,1603152690,596690512,1006462178
2020/10/20 08:10,1603152630,808723376,794429254
2020/10/20 08:09,1603152570,579666072,1023486498
2020/10/20 08:08,1603152510,586664816,1016487694
2020/10/20 08:07,1603152450,789950504,813201946
2020/10/20 08:06,1603152390,794213584,808938806
2020/10/20 08:05,1603152330,956268752,646883578
2020/10/20 08:04,1603152270,996320448,606831822
2020/10/20 08:03,1603152210,715200568,887951642
2020/10/20 08:02,1603152150,594230744,1008921406
2020/10/20 08:01,1603152090,893451880,709700210
2020/10/20 08:00,1603152030,585899592,1017252438
2020/10/20 07:59,1603151970,634883208,968268762
2020/10/20 07:58,1603151910,608345808,994806102
2020/10/20 07:57,1603151850,866039120,737112730
2020/10/20 07:56,1603151790,647139360,956012430
2020/10/20 07:55,1603151730,697163768,905987962
2020/10/20 07:54,1603151670,799381880,803769790
2020/10/20 07:53,1603151610,924017560,679134050
2020/10/20 07:52,1603151550,799499640,803651910
2020/10/20 07:51,1603151490,966952680,636198810
2020/10/20 07:50,1603151430,890321208,712830222
2020/10/20 07:49,1603151370,859825256,743326114
2020/10/20 07:48,1603151310,759891336,843259974
2020/10/20 07:47,1603151250,992383912,610767338
2020/10/20 07:46,1603151190,600023320,1003127870
2020/10/20 07:45,1603151130,964875576,638275554
2020/10/20 07:44,1603151070,936344536,666806534
2020/10/20 07:43,1603151010,1337903640,265247370
2020/10/20 07:42,1603150950,1246872824,356278126
2020/10/20 07:41,1603150890,1095622304,507528586
2020/10/20 07:40,1603150830,1049840440,553310390
2020/10/20 07:39,1603150770,989315208,613835562
2020/10/20 07:38,1603150710,769214320,833936390
2020/10/20 07:37,1603150650,1229505336,373645314
2020/10/20 07:36,1603150590,1094785408,508365182
2020/10/20 07:35,1603150530,948744160,654406370
2020/10/20 07:34,1603150470,797091032,806059438
2020/10/20 07:33,1603150410,1056172136,546978274
2020/10/20 07:32,1603150350,771372912,831777438
2020/10/20 07:31,1603150290,953827752,649322538
2020/10/20 07:30,1603150230,837674512,765475718
2020/10/20 07:29,1603150170,1030025504,573124666
2020/10/20 07:28,1603150110,907090096,696060014
2020/10/20 07:27,1603150050,1248744384,354405666
2020/10/20 07:26,1603149990,994248456,608901534
2020/10/20 07:25,1603149930,805048824,798101106
2020/10/20 07:24,1603149870,1030798640,572351230
2020/10/20 07:23,1603149810,858782544,744367266
2020/10/20 07:22,1603149750,1042737448,560412302
2020/10/20 07:21,1603149690,1350771656,252378034
2020/10/20 07:20,1603149630,1261993936,341155694
2020/10/20 07:19,1603149570,654543736,948605834
2020/10/20 07:18,1603149510,876688912,726460598
2020/10/20 07:17,1603149450,1013906488,589242962
2020/10/20 07:16,1603149390,890285288,712864102
2020/10/20 07:15,1603149330,854671104,748478226
2020/10/20 07:14,1603149270,771445240,831704030
2020/10/20 07:13,1603149210,848633544,754515666
2020/10/20 07:12,1603149150,1164826104,438323046
2020/10/20 07:11,1603149090,1098622056,504527034
2020/10/20 07:10,1603149030,866527968,736621062
2020/10/20 07:09,1603148970,688357304,914791666
2020/10/20 07:08,1603148910,1060787936,542360974
2020/10/20 07:07,1603148850,964969664,638179186
2020/10/20 07:06,1603148790,1038203824,564944966
2020/10/20 07:05,1603148730,841157448,761991282
2020/10/20 07:04,1603148670,942982312,660166358
2020/10/20 07:03,1603148610,1193232456,409916154
2020/10/20 07:02,1603148550,715616192,887532358
2020/10/20 07:01,1603148490,1009934000,593214490
2020/10/20 07:00,1603148430,1172518840,430629590
2020/10/20 06:59,1603148370,1208338696,394809674
2020/10/20 06:58,1603148310,1030472056,572676254
2020/10/20 06:57,1603148250,765300224,837848026
2020/10/20 06:56,1603148190,861684560,741463630
2020/10/20 06:55,1603148130,804835208,798312922
2020/10/20 06:54,1603148070,802837656,800310414
2020/10/20 06:53,1603148010,1081140952,522007058
2020/10/20 06:52,1603147950,938911640,664236310
2020/10/20 06:51,1603147890,738315072,864832818
2020/10/20 06:50,1603147830,757622864,845524966
2020/10/20 06:49,1603147770,954390120,648757650
2020/10/20 06:48,1603147710,1089101488,514046222
2020/10/20 06:47,1603147650,1209359944,393787706
2020/10/20 06:46,1603147590,921106912,682040678
2020/10/20 06:45,1603147530,883211224,719936306
2020/10/20 06:44,1603147470,988005040,615142430
2020/10/20 06:43,1603147410,892852008,710295402
2020/10/20 06:42,1603147350,772645432,830501918
2020/10/20 06:41,1603147290,976051568,627095722
2020/10/20 06:40,1603147230,840959336,762187894
2020/10/20 06:39,1603147170,950293160,652854010
2020/10/20 06:38,1603147110,779242272,823904838
2020/10/20 06:37,1603147050,657712912,945434138
2020/10/20 06:36,1603146990,585796024,1017350966
2020/10/20 06:35,1603146930,962478384,640668546
2020/10/20 06:34,1603146870,865609184,737537686
2020/10/20 06:33,1603146810,1226131504,377015306
2020/10/20 06:32,1603146750,868161024,734985726
2020/10/20 06:31,1603146690,648504904,954641786
2020/10/20 06:30,1603146630,828047928,775098702
2020/10/20 06:29,1603146570,829659144,773487426
2020/10/20 06:28,1603146510,832814864,770331646
2020/10/20 06:27,1603146450,723260088,879886362
2020/10/20 06:26,1603146390,538338976,1064807414
2020/10/20 06:25,1603146330,925582448,677563882
2020/10/20 06:24,1603146270,933285808,669860462
2020/10/20 06:23,1603146210,843423760,759722450
2020/10/20 06:22,1603146150,1064405384,538740766
2020/10/20 06:21,1603146090,1037036432,566109658
2020/10/20 06:20,1603146030,726706960,876439070
2020/10/20 06:19,1603145970,862552512,740593458
2020/10/20 06:18,1603145910,1194295296,408850614
2020/10/20 06:17,1603145850,1129509560,473636290
2020/10/20 06:16,1603145790,773146952,829998838
2020/10/20 06:15,1603145730,892407528,710738202
2020/10/20 06:14,1603145670,781838336,821307334
2020/10/20 06:13,1603145610,608089848,995055762
2020/10/20 06:12,1603145550,910333256,692812294
2020/10/20 06:11,1603145490,682621600,920523890
2020/10/20 06:10,1603145430,868548392,734597038
2020/10/20 06:09,1603145370,774486680,828658690
2020/10/20 06:08,1603145310,798297776,804847534
2020/10/20 06:07,1603145250,817176696,785968554
2020/10/20 06:06,1603145190,869764976,733380214
2020/10/20 06:05,1603145130,820874792,782270338
2020/10/20 06:04,1603145070,744111224,859033846
2020/10/20 06:03,1603145010,1152554912,450590098
2020/10/20 06:02,1603144950,960193784,642951166
2020/10/20 06:01,1603144890,850518912,752625978
2020/10/20 06:00,1603144830,1088447744,514697086
2020/10/20 05:59,1603144770,1066199680,536945090
2020/10/20 05:58,1603144710,813151296,789993414
2020/10/20 05:57,1603144650,827178224,775966426
2020/10/20 05:56,1603144590,891412648,711731942
2020/10/20 05:55,1603144530,796979176,806165354
2020/10/20 05:54,1603144470,639580296,963564174
2020/10/20 05:53,1603144410,809694544,793449866
2020/10/20 05:52,1603144350,664199208,938945142
2020/10/20 05:51,1603144290,601107096,1002037194
2020/10/20 05:50,1603144230,868177304,734966926
2020/10/20 05:49,1603144170,710159608,892984562
2020/10/20 05:48,1603144110,633633808,969510302
2020/10/20 05:47,1603144050,545246296,1057897754
2020/10/20 05:46,1603143990,897427000,705716990
2020/10/20 05:45,1603143930,736501208,866642722
2020/10/20 05:44,1603143870,1129450456,473693414
2020/10/20 05:43,1603143810,653749648,949394162
2020/10/20 05:42,1603143750,797209320,805934430
2020/10/20 05:41,1603143690,741907896,861235794
2020/10/20 05:40,1603143630,640214528,962929102
2020/10/20 05:39,1603143570,698768752,904374818
2020/10/20 05:38,1603143510,751478888,851664622
2020/10/20 05:37,1603143450,630226976,972916474
2020/10/20 05:36,1603143390,881089416,722053974
2020/10/20 05:35,1603143330,598247720,1004895610
2020/10/20 05:34,1603143270,719585760,883557510
2020/10/20 05:33,1603143210,798405664,804737546
2020/10/20 05:32,1603143150,577526776,1025616374
2020/10/20 05:31,1603143090,669158472,933984618
2020/10/20 05:30,1603143030,1005402024,597741006
2020/10/20 05:29,1603142970,688900040,914242930
2020/10/20 05:28,1603142910,1199546568,403596342
2020/10/20 05:27,1603142850,1119439600,483703250
2020/10/20 05:26,1603142790,931364280,671778510
2020/10/20 05:25,1603142730,716945312,886197418
2020/10/20 05:24,1603142670,1158573992,444568678
2020/10/20 05:23,1603142610,1200298472,402844138
2020/10/20 05:22,1603142550,746985912,856156638
2020/10/20 05:21,1603142490,772785120,830357370
2020/10/20 05:20,1603142430,823199320,779943110
2020/10/20 05:19,1603142370,982398216,620744154
2020/10/20 05:18,1603142310,750311736,852830574
2020/10/20 05:17,1603142250,1094145608,508996642
2020/10/20 05:16,1603142190,752730408,850411782
2020/10/20 05:15,1603142130,1070051288,533090842
2020/10/20 05:14,1603142070,1342114400,261027670
2020/10/20 05:13,1603142010,965603520,637538490
2020/10/20 05:12,1603141950,1303248560,299893390
2020/10/20 05:11,1603141890,889841272,713300618
2020/10/20 05:10,1603141830,1096006560,507135270
2020/10/20 05:09,1603141770,748087104,855054666
2020/10/20 05:08,1603141710,768623928,834517782
2020/10/20 05:07,1603141650,620425576,982716074
2020/10/20 05:06,1603141590,852112680,751028910
2020/10/20 05:05,1603141530,612128752,991012778
2020/10/20 05:04,1603141470,679125304,924016166
2020/10/20 05:03,1603141410,650232872,952908538
2020/10/20 05:02,1603141350,636310200,966831150
2020/10/20 05:01,1603141290,821239808,781901482
2020/10/20 05:00,1603141230,1034366896,568774334
2020/10/20 04:59,1603141170,1210535536,392605634
2020/10/20 04:58,1603141110,1131283176,471857934
2020/10/20 04:57,1603141050,798887608,804253442
2020/10/20 04:56,1603140990,916515472,686625518
2020/10/20 04:55,1603140930,884574312,718566618
2020/10/20 04:54,1603140870,694270600,908870270
2020/10/20 04:53,1603140810,711972640,891168170
2020/10/20 04:52,1603140750,1252121952,351018798
2020/10/20 04:51,1603140690,785924448,817216242
2020/10/20 04:50,1603140630,795772152,807368478
2020/10/20 04:49,1603140570,777198896,825941674
2020/10/20 04:48,1603140510,672891448,930249062
2020/10/20 04:47,1603140450,1179836808,423303642
2020/10/20 04:46,1603140390,940182456,662957934
2020/10/20 04:45,1603140330,1108392360,494747970
2020/10/20 04:44,1603140270,901476152,701664118
2020/10/20 04:43,1603140210,1184540960,418599250
2020/10/20 04:42,1603140150,1138506872,464633278
2020/10/20 04:41,1603140090,1156734384,446405706
2020/10/20 04:40,1603140030,890989880,712150150
2020/10/20 04:39,1603139970,926264816,676875154
2020/10/20 04:38,1603139910,843475296,759664614
2020/10/20 04:37,1603139850,737854904,865284946
2020/10/20 04:36,1603139790,625816688,977323102
2020/10/20 04:35,1603139730,800578584,802561146
2020/10/20 04:34,1603139670,927761224,675378446
2020/10/20 04:33,1603139610,670284760,932854850
2020/10/20 04:32,1603139550,958981016,644158534
2020/10/20 04:31,1603139490,1148433440,454706050
2020/10/20 04:30,1603139430,877699848,725439582
2020/10/20 04:29,1603139370,720110112,883029258
2020/10/20 04:28,1603139310,1303284904,299854406
2020/10/20 04:27,1603139250,808028744,795110506
2020/10/20 04:26,1603139190,712845768,890293422
2020/10/20 04:25,1603139130,599834800,1003304330
2020/10/20 04:24,1603139070,760709776,842429294
2020/10/20 04:23,1603139010,1002625288,600513722
2020/10/20 04:22,1603138950,643937952,959200998
2020/10/20 04:21,1603138890,1103442064,499696826
2020/10/20 04:20,1603138830,1278962448,324176382
2020/10/20 04:19,1603138770,1214573264,388565506
2020/10/20 04:18,1603138710,972930200,630208510
2020/10/20 04:17,1603138650,605341504,997797146
2020/10/20 04:16,1603138590,913628544,689510046
2020/10/20 04:15,1603138530,746572144,856566386
2020/10/20 04:14,1603138470,864871600,738266870
2020/10/20 04:13,1603138410,1249257344,353881066
2020/10/20 04:12,1603138350,788841008,814297342
2020/10/20 04:11,1603138290,964826984,638311306
2020/10/20 04:10,1603138230,790131960,813006270
2020/10/20 04:09,1603138170,730105480,873032690
2020/10/20 04:08,1603138110,784647448,818490662
2020/10/20 04:07,1603138050,855188328,747949722
2020/10/20 04:06,1603137990,903693976,699444014
2020/10/20 04:05,1603137930,835318744,767819186
2020/10/20 04:04,1603137870,790627584,812510286
2020/10/20 04:03,1603137810,837141288,765996522
2020/10/20 04:02,1603137750,800648760,802488990
2020/10/20 04:01,1603137690,993426360,609711330
2020/10/20 04:00,1603137630,1250355808,352781822
2020/10/20 03:59,1603137570,657847224,945290346
2020/10/20 03:58,1603137510,826745376,776392134
2020/10/20 03:57,1603137450,735313344,867824106
2020/10/20 03:56,1603137390,682043528,921093862
2020/10/20 03:55,1603137330,1003770360,599366970
2020/10/20 03:54,1603137270,1064299560,538837710
2020/10/20 03:53,1603137210,1088618872,514518338
2020/10/20 03:52,1603137150,701467904,901669246
2020/10/20 03:51,1603137090,685655808,917481282
2020/10/20 03:50,1603137030,537359024,1065778006
2020/10/20 03:49,1603136970,964424832,638712138
2020/10/20 03:48,1603136910,898553344,704583566
2020/10/20 03:47,1603136850,1159515792,443621058
2020/10/20 03:46,1603136790,993774040,609362750
2020/10/20 03:45,1603136730,1195969224,407167506
2020/10/20 03:44,1603136670,1149933600,453203070
2020/10/20 03:43,1603136610,1032111112,571025498
2020/10/20 03:42,1603136550,894753296,708383254
2020/10/20 03:41,1603136490,940359088,662777402
2020/10/20 03:40,1603136430,842689936,760446494
2020/10/20 03:39,1603136370,919664744,683471626
2020/10/20 03:38,1603136310,862424136,740712174
2020/10/20 03:37,1603136250,1077277024,525859226
2020/10/20 03:36,1603136190,876018296,727117894
2020/10/20 03:35,1603136130,870983488,732152642
2020/10/20 03:34,1603136070,1297942112,305193958
2020/10/20 03:33,1603136010,535444664,1067691346
2020/10/20 03:32,1603135950,638359208,964776742
2020/10/20 03:31,1603135890,980178688,622957202
2020/10/20 03:30,1603135830,896831384,706304446
2020/10/20 03:29,1603135770,563236424,1039899346
2020/10/20 03:28,1603135710,1116531872,486603838
2020/10/20 03:27,1603135650,683664488,919471162
2020/10/20 03:26,1603135590,765071488,838064102
2020/10/20 03:25,1603135530,1250281040,352854490
2020/10/20 03:24,1603135470,1166482424,436653046
2020/10/20 03:23,1603135410,911775680,691359730
2020/10/20 03:22,1603135350,998004112,605131238
2020/10/20 03:21,1603135290,1140365304,462769986
2020/10/20 03:20,1603135230,1179216232,423918998
2020/10/20 03:19,1603135170,1254070200,349064970
2020/10/20 03:18,1603135110,1362854728,240280382
2020/10/20 03:17,1603135050,1119178136,483956914
2020/10/20 03:16,1603134990,1008627528,594507462
2020/10/20 03:15,1603134930,737958480,865176450
2020/10/20 03:14,1603134870,1222419472,380715398
2020/10/20 03:13,1603134810,1185533656,417601154
2020/10/20 03:12,1603134750,664116552,939018198
2020/10/20 03:11,1603134690,1090562576,512572114
2020/10/20 03:10,1603134630,915497720,687636910
2020/10/20 03:09,1603134570,966760896,636373674
2020/10/20 03:08,1603134510,717779664,885354846
2020/10/20 03:07,1603134450,1241638712,361495738
2020/10/20 03:06,1603134390,664054032,939080358
2020/10/20 03:05,1603134330,617259320,985875010
2020/10/20 03:04,1603134270,674167008,928967262
2020/10/20 03:03,1603134210,603334808,999799402
2020/10/20 03:02,1603134150,704287768,898846382
2020/10/20 03:01,1603134090,773113272,830020818
2020/10/20 03:00,1603134030,571998736,1031135294
2020/10/20 02:59,1603133970,1035501096,567632874
2020/10/20 02:58,1603133910,975115552,628018358
2020/10/20 02:57,1603133850,646198544,956935306
2020/10/20 02:56,1603133790,888280144,714853646
2020/10/20 02:55,1603133730,969271192,633862538
2020/10/20 02:54,1603133670,726346784,876786886
2020/10/20 02:53,1603133610,847734736,755398874
2020/10/20 02:52,1603133550,1284820664,318312886
2020/10/20 02:51,1603133490,1126605552,476527938
2020/10/20 02:50,1603133431,1030527432,572605999
2020/10/20 02:49,1603133370,1313594080,289539290
2020/10/20 02:48,1603133310,1166324632,436808678
2020/10/20 02:47,1603133250,974436032,628697218
2020/10/20 02:46,1603133190,825235184,777898006
2020/10/20 02:45,1603133130,898347840,704785290
2020/10/20 02:44,1603133070,1281895776,321237294
2020/10/20 02:43,1603133010,1104866288,498266722
2020/10/20 02:42,1603132950,1014798112,588334838
2020/10/20 02:41,1603132890,933462296,669670594
2020/10/20 02:40,1603132830,741973904,861158926
2020/10/20 02:39,1603132770,651406568,951726202
2020/10/20 02:38,1603132710,803538144,799594566
2020/10/20 02:37,1603132650,557920112,1045212538
2020/10/20 02:36,1603132590,890947824,712184766
2020/10/20 02:35,1603132530,945667544,657464986
2020/10/20 02:34,1603132470,737902288,865230182
2020/10/20 02:33,1603132410,1029107792,574024618
2020/10/20 02:32,1603132350,925876512,677255838
2020/10/20 02:31,1603132290,980429408,622702882
2020/10/20 02:30,1603132230,1072303760,530828470
2020/10/20 02:29,1603132170,799065928,804066242
2020/10/20 02:28,1603132110,1198443520,404688590
2020/10/20 02:27,1603132050,721416128,881715922
2020/10/20 02:26,1603131990,809801296,793330694
2020/10/20 02:25,1603131930,941954728,661177202
2020/10/20 02:24,1603131870,658225504,944906366
2020/10/20 02:23,1603131810,1009420920,593710890
2020/10/20 02:22,1603131750,822460272,780671478
2020/10/20 02:21,1603131690,938156280,664975410
2020/10/20 02:20,1603131630,645730816,957400814
2020/10/20 02:19,1603131570,1088699344,514432226
2020/10/20 02:18,1603131510,991059136,612072374
2020/10/20 02:17,1603131450,930320352,672811098
2020/10/20 02:16,1603131390,1209470616,393660774
2020/10/20 02:15,1603131330,1089297200,513834130
2020/10/20 02:14,1603131270,809851968,793279302
2020/10/20 02:13,1603131210,1158744920,444386290
2020/10/20 02:12,1603131150,1129078304,474052846
2020/10/20 02:11,1603131090,906809000,696322090
2020/10/20 02:10,1603131030,771292448,831838582
2020/10/20 02:09,1603130970,661719064,941411906
2020/10/20 02:08,1603130910,657803696,945327214
2020/10/20 02:07,1603130850,691376512,911754338
2020/10/20 02:06,1603130790,884651520,718479270
2020/10/20 02:05,1603130730,598638688,1004492042
2020/10/20 02:04,1603130670,591051384,1012079286
2020/10/20 02:03,1603130610,893304384,709826226
2020/10/20 02:02,1603130550,534926176,1068204374
2020/10/20 02:01,1603130490,634677928,968452562
2020/10/20 02:00,1603130430,920149352,682981078
2020/10/20 01:59,1603130370,778808464,824321906
2020/10/20 01:58,1603130310,588392920,1014737390
2020/10/20 01:57,1603130250,701569256,901560994
2020/10/20 01:56,1603130190,514757416,1088372774
2020/10/20 01:55,1603130130,761296248,841833882
2020/10/20 01:54,1603130070,817631512,785498558
2020/10/20 01:53,1603130010,1025763976,577366034
2020/10/20 01:52,1603129950,1016617168,586512782
2020/10/20 01:51,1603129890,857977824,745152066
2020/10/20 01:50,1603129830,723500456,879629374
2020/10/20 01:49,1603129770,681452792,921676978
2020/10/20 01:48,1603129710,1191523200,411606510
2020/10/20 01:47,1603129650,852532584,750597066
2020/10/20 01:46,1603129590,857348168,745781422
2020/10/20 01:45,1603129530,814969760,788159770
2020/10/20 01:44,1603129470,611356400,991773070
2020/10/20 01:43,1603129410,899127288,704002122
2020/10/20 01:42,1603129350,624181080,978948270
2020/10/20 01:41,1603129290,688102080,915027210
2020/10/20 01:40,1603129230,1198012376,405116854
2020/10/20 01:39,1603129170,520483016,1082646154
2020/10/20 01:38,1603129110,762772272,840356838
2020/10/20 01:37,1603129050,1150614240,452514810
2020/10/20 01:36,1603128990,1067485368,535643622
2020/10/20 01:35,1603128930,936614552,666514378
2020/10/20 01:34,1603128870,846496800,756632070
2020/10/20 01:33,1603128810,1051759696,551369114
2020/10/20 01:32,1603128750,911708416,691420334
2020/10/20 01:31,1603128690,915893960,687234730
2020/10/20 01:30,1603128630,1145287648,457840982
2020/10/20 01:29,1603128570,1198160848,404967722
2020/10/20 01:28,1603128510,1288938192,314190318
2020/10/20 01:27,1603128450,1221919576,381208874
2020/10/20 01:26,1603128390,1095876048,507252342
2020/10/20 01:25,1603128330,1034723128,568405202
2020/10/20 01:24,1603128270,791680664,811447606
2020/10/20 01:23,1603128210,636435032,966693178
2020/10/20 01:22,1603128150,1343076056,260052094
2020/10/20 01:21,1603128090,1256755200,346372890
2020/10/20 01:20,1603128030,1318197224,284930806
2020/10/20 01:19,1603127970,1093989600,509138370
2020/10/20 01:18,1603127910,854285488,748842422
2020/10/20 01:17,1603127850,643826264,959301586
2020/10/20 01:16,1603127790,897041048,706086742
2020/10/20 01:15,1603127730,939815384,663312346
2020/10/20 01:14,1603127670,745255096,857872574
2020/10/20 01:13,1603127610,716946232,886181378
2020/10/20 01:12,1603127550,641619952,961507598
2020/10/20 01:11,1603127490,640775472,962352018
2020/10/20 01:10,1603127430,1311208352,291919078
2020/10/20 01:09,1603127370,792809432,810317938
2020/10/20 01:08,1603127310,896117344,707009966
2020/10/20 01:07,1603127250,709674472,893452778
2020/10/20 01:06,1603127190,633182456,969944734
2020/10/20 01:05,1603127130,1285672024,317455106
2020/10/20 01:04,1603127070,1096842024,506285046
2020/10/20 01:03,1603127010,1077055256,526071754
2020/10/20 01:02,1603126950,1044763248,558363702
2020/10/20 01:01,1603126890,939087064,664039826
2020/10/20 01:00,1603126830,917115080,686011750
2020/10/20 00:59,1603126770,1097612456,505514314
2020/10/20 00:58,1603126710,1134355400,468771310
2020/10/20 00:57,1603126650,1179000344,424126306
2020/10/20 00:56,1603126590,1132117264,471009326
2020/10/20 00:55,1603126530,1104194088,498932442
2020/10/20 00:54,1603126470,863535312,739591158
2020/10/20 00:53,1603126410,815608184,787518226
2020/10/20 00:52,1603126350,976860416,626265934
2020/10/20 00:51,1603126290,937285256,665841034
2020/10/20 00:50,1603126230,830561104,772565126
2020/10/20 00:49,1603126170,763952448,839173722
2020/10/20 00:48,1603126110,1346603736,256522374
2020/10/20 00:47,1603126050,711377104,891748946
2020/10/20 00:46,1603125990,1365971832,237154158
2020/10/20 00:45,1603125930,883422472,719703458
2020/10/20 00:44,1603125870,746277176,856848694
2020/10/20 00:43,1603125810,521703952,1081421858
2020/10/20 00:42,1603125750,545451448,1057674302
2020/10/20 00:41,1603125690,813927176,789198514
2020/10/20 00:40,1603125630,768240184,834885446
2020/10/20 00:39,1603125570,1284488520,318637050
2020/10/20 00:38,1603125510,887918328,715207182
2020/10/20 00:37,1603125450,754349640,848775810
2020/10/20 00:36,1603125390,664690240,938435150
2020/10/20 00:35,1603125330,710349960,892775370
2020/10/20 00:34,1603125270,1020622024,582503246
2020/10/20 00:33,1603125210,955545552,647579658
2020/10/20 00:32,1603125150,1208383456,394741694
2020/10/20 00:31,1603125090,748335032,854790058
2020/10/20 00:30,1603125030,1249799744,353325286
2020/10/20 00:29,1603124970,1073369680,529755290
2020/10/20 00:28,1603124910,877382144,725742766
2020/10/20 00:27,1603124850,767018496,836106354
2020/10/20 00:26,1603124790,1288341872,314782918
2020/10/20 00:25,1603124730,653156784,949967946
2020/10/20 00:24,1603124670,1154854616,448270054
2020/10/20 00:23,1603124610,1103367096,499757514
2020/10/20 00:22,1603124550,1078574072,524550478
2020/10/20 00:21,1603124490,913939288,689185202
2020/10/20 00:20,1603124430,1082595272,520529158
2020/10/20 00:19,1603124370,1011428456,591695914
2020/10/20 00:18,1603124310,1387490552,215633758
2020/10/20 00:17,1603124250,1221718840,381405410
2020/10/20 00:16,1603124190,1034230672,568893518
2020/10/20 00:15,1603124130,746901576,856222554
2020/10/20 00:14,1603124070,1258256280,344867790
2020/10/20 00:13,1603124010,1335511368,267612642
2020/10/20 00:12,1603123950,1002308200,600815750
2020/10/20 00:11,1603123890,745700448,857423442
2020/10/20 00:10,1603123830,1043647568,559476262
2020/10/20 00:09,1603123770,811310648,791813122
2020/10/20 00:08,1603123710,851536488,751587222
2020/10/20 00:07,1603123650,589039680,1014083970
2020/10/20 00:06,1603123590,841055936,762067654
2020/10/20 00:05,1603123530,1155442512,447681018
2020/10/20 00:04,1603123470,941856848,661266622
2020/10/20 00:03,1603123410,686018616,917104794
2020/10/20 00:02,1603123350,671792200,931331150
2020/10/20 00:01,1603123290,1025400640,577722650
2020/10/20 00:00,1603123230,548687680,1054435550
2020/10/19 23:59,1603123170,786532600,816590570
2020/10/19 23:58,1603123110,550272792,1052850318
2020/10/19 23:57,1603123050,1076460768,526662282
2020/10/19 23:56,1603122990,1092132920,510990070
2020/10/19 23:55,1603122930,1063317616,539805314
2020/10/19 23:54,1603122870,1234865744,368257126
2020/10/19 23:53,1603122810,672311592,930811218
2020/10/19 23:52,1603122750,1284736032,318386718
2020/10/19 23:51,1603122690,1074620176,528502514
2020/10/19 23:50,1603122630,990449312,612673318
2020/10/19 23:49,1603122570,521069952,1082052618
2020/10/19 23:48,1603122510,834026304,769096206
2020/10/19 23:47,1603122450,910708728,692413722
2020/10/19 23:46,1603122390,1148328320,454794070
2020/10/19 23:45,1603122330,560958712,1042163618
2020/10/19 23:44,1603122270,848649768,754472502
2020/10/19 23:43,1603122210,653484392,949637818
2020/10/19 23:42,1603122150,569295280,1033826870
2020/10/19 23:41,1603122090,1134777272,468344818
2020/10/19 23:40,1603122030,947410072,655711958
2020/10/19 23:39,1603121970,796903224,806218746
2020/10/19 23:38,1603121910,1304256704,298865206
2020/10/19 23:37,1603121850,1097794264,505327586
2020/10/19 23:36,1603121790,804950752,798171038
2020/10/19 23:35,1603121730,719308432,883813298
2020/10/19 23:34,1603121670,1143823816,459297854
2020/10/19 23:33,1603121610,941944472,661177138
2020/10/19 23:32,1603121550,556331056,1046790494
2020/10/19 23:31,1603121490,1203989112,399132378
2020/10/19 23:30,1603121430,645155064,957966366
2020/10/19 23:29,1603121370,1161839224,441282146
2020/10/19 23:28,1603121310,971342360,631778950
2020/10/19 23:27,1603121250,895147632,707973618
2020/10/19 23:26,1603121190,1130940128,472181062
2020/10/19 23:25,1603121130,1039358288,563762842
2020/10/19 23:24,1603121070,875109960,728011110
2020/10/19 23:23,1603121010,737971096,865149914
2020/10/19 23:22,1603120950,685460136,917660814
2020/10/19 23:21,1603120890,1190851336,412269554
2020/10/19 23:20,1603120830,1099287992,503832838
2020/10/19 23:19,1603120770,991801848,611318922
2020/10/19 23:18,1603120710,904964424,698156286
2020/10/19 23:17,1603120650,902374672,700745978
2020/10/19 23:16,1603120590,986547504,616573086
2020/10/19 23:15,1603120530,1109839416,493281114
2020/10/19 23:14,1603120470,1041215712,561904758
2020/10/19 23:13,1603120410,1306780752,296339658
2020/10/19 23:12,1603120350,596124872,1006995478
2020/10/19 23:11,1603120290,1113879656,489240634
2020/10/19 23:10,1603120230,942132008,660988222
2020/10/19 23:09,1603120170,608926360,994193810
2020/10/19 23:08,1603120110,1252935216,350184894
2020/10/19 23:07,1603120050,681107776,922012274
2020/10/19 23:06,1603119990,1339063072,264056918
2020/10/19 23:05,1603119930,666147168,936972762
2020/10/19 23:04,1603119870,777859688,825260182
2020/10/19 23:03,1603119810,1105837864,497281946
2020/10/19 23:02,1603119750,972338656,630781094
2020/10/19 23:01,1603119690,928512056,674607634
2020/10/19 23:00,1603119630,712657528,890462102
2020/10/19 22:59,1603119570,1214354040,388765530
2020/10/19 22:58,1603119510,583000776,1020118734
2020/10/19 22:57,1603119450,1173785848,429333602
2020/10/19 22:56,1603119390,1079094256,524025134
2020/10/19 22:55,1603119330,993145072,609974258
2020/10/19 22:54,1603119270,896689488,706429782
2020/10/19 22:53,1603119210,699433752,903685458
2020/10/19 22:52,1603119150,646591760,956527390
2020/10/19 22:51,1603119090,526097160,1077021930
2020/10/19 22:50,1603119030,764341472,838777558
2020/10/19 22:49,1603118970,677340152,925778818
2020/10/19 22:48,1603118910,669823232,933295678
2020/10/19 22:47,1603118850,1226081192,377037658
2020/10/19 22:46,1603118790,764510792,838607998
2020/10/19 22:45,1603118730,605468232,997650498
2020/10/19 22:44,1603118670,779349080,823769590
2020/10/19 22:43,1603118610,556497456,1046621154
2020/10/19 22:42,1603118550,1037990200,565128350
2020/10/19 22:41,1603118490,1018939072,584179418
2020/10/19 22:40,1603118430,1226094648,377023782
2020/10/19 22:39,1603118370,1116204216,486914154
2020/10/19 22:38,1603118310,671098664,932019646
2020/10/19 22:37,1603118250,620132592,982985658
2020/10/19 22:36,1603118190,498017776,1105100414
2020/10/19 22:35,1603118130,555906272,1047211858
2020/10/19 22:34,1603118070,985461904,617656166
2020/10/19 22:33,1603118010,813193632,789924378
2020/10/19 22:32,1603117950,564355456,1038762494
2020/10/19 22:31,1603117890,641137384,961980506
2020/10/19 22:30,1603117830,757598448,845519382
2020/10/19 22:29,1603117770,616901896,986215874
2020/10/19 22:28,1603117710,564382992,1038734718
2020/10/19 22:27,1603117650,774248208,828869442
2020/10/19 22:26,1603117590,678582104,924535486
2020/10/19 22:25,1603117530,793722888,809394642
2020/10/19 22:24,1603117470,663968360,939149110
2020/10/19 22:23,1603117410,547706824,1055410586
2020/10/19 22:22,1603117350,678861512,924255838
2020/10/19 22:21,1603117290,454265264,1148852026
2020/10/19 22:20,1603117230,676294232,926822998
2020/10/19 22:19,1603117170,811786304,791330866
2020/10/19 22:18,1603117110,682346616,920770494
2020/10/19 22:17,1603117050,787602712,815514338
2020/10/19 22:16,1603116990,473966656,1129150334
2020/10/19 22:15,1603116930,633258080,969858850
2020/10/19 22:14,1603116870,494205864,1108911006
2020/10/19 22:13,1603116810,472921608,1130195202
2020/10/19 22:12,1603116750,576923968,1026192782
2020/10/19 22:11,1603116690,558084976,1045031714
2020/10/19 22:10,1603116630,822554768,780561862
2020/10/19 22:09,1603116570,688133128,914983442
2020/10/19 22:08,1603116510,524923872,1078192638
2020/10/19 22:07,1603116450,455020440,1148096010
2020/10/19 22:06,1603116390,785328872,817787518
2020/10/19 22:05,1603116330,954733800,648382530
2020/10/19 22:04,1603116270,710066232,893050038
2020/10/19 22:03,1603116210,834951528,768164682
2020/10/19 22:02,1603116150,709559888,893556262
2020/10/19 22:01,1603116090,587605296,1015510794
2020/10/19 22:00,1603116030,515226104,1087889926
2020/10/19 21:59,1603115970,675042608,928073362
2020/10/19 21:58,1603115910,678394912,924720998
2020/10/19 21:57,1603115850,484466712,1118649138
2020/10/19 21:56,1603115790,690716056,912399734
2020/10/19 21:55,1603115730,539591288,1063524442
2020/10/19 21:54,1603115670,487847424,1115268246
2020/10/19 21:53,1603115610,730338312,872777298
2020/10/19 21:52,1603115550,577367256,1025748294
2020/10/19 21:51,1603115490,728530808,874584682
2020/10/19 21:50,1603115430,559976032,1043139398
2020/10/19 21:49,1603115370,468282624,1134832746
2020/10/19 21:48,1603115310,484173920,1118941390
2020/10/19 21:47,1603115250,759921808,843193442
2020/10/19 21:46,1603115190,875978624,727136566
2020/10/19 21:45,1603115130,808409544,794705586
2020/10/19 21:44,1603115070,717959352,885155718
2020/10/19 21:43,1603115010,671310368,931804642
2020/10/19 21:42,1603114950,748803928,854311022
2020/10/19 21:41,1603114890,618628784,984486106
2020/10/19 21:40,1603114830,549845912,1053268918
2020/10/19 21:39,1603114770,702412488,900702282
2020/10/19 21:38,1603114710,660263608,942851102
2020/10/19 21:37,1603114650,702805064,900309586
2020/10/19 21:36,1603114590,689199864,913914726
2020/10/19 21:35,1603114530,600134616,1002979914
2020/10/19 21:34,1603114470,526340768,1076773702
2020/10/19 21:33,1603114410,428177944,1174936466
2020/10/19 21:32,1603114350,531820256,1071294094
2020/10/19 21:31,1603114290,765607960,837506330
2020/10/19 21:30,1603114230,783521792,819592438
2020/10/19 21:29,1603114170,720497960,882616210
2020/10/19 21:28,1603114110,1157823440,445290670
2020/10/19 21:27,1603114050,700147912,902966138
2020/10/19 21:26,1603113990,832227544,770886446
2020/10/19 21:25,1603113930,648825944,954287986
2020/10/19 21:24,1603113870,571474000,1031639870
2020/10/19 21:23,1603113810,727556056,875557754
2020/10/19 21:22,1603113750,563881464,1039232286
2020/10/19 21:21,1603113690,533131160,1069982530
2020/10/19 21:20,1603113630,603206032,999907598
2020/10/19 21:19,1603113570,485751032,1117362538
2020/10/19 21:18,1603113510,783335864,819777646
2020/10/19 21:17,1603113450,468917464,1134195986
2020/10/19 21:16,1603113390,450043816,1153069574
2020/10/19 21:15,1603113330,520513296,1082600034
2020/10/19 21:14,1603113270,653936032,949177238
2020/10/19 21:13,1603113210,468677104,1134436106
2020/10/19 21:12,1603113150,542537552,1060575598
2020/10/19 21:11,1603113090,442776352,1160336738
2020/10/19 21:10,1603113030,874931288,728181742
2020/10/19 21:09,1603112970,773333400,829779570
2020/10/19 21:08,1603112910,1016248936,586863974
2020/10/19 21:07,1603112850,768408152,834704698
2020/10/19 21:06,1603112790,810177944,792934846
2020/10/19 21:05,1603112730,1095048304,508064426
2020/10/19 21:04,1603112670,562475064,1040637606
2020/10/19 21:03,1603112610,790024400,813088210
2020/10/19 21:02,1603112550,805591648,797520902
2020/10/19 21:01,1603112490,665750712,937361778
2020/10/19 21:00,1603112430,478858984,1124253446
2020/10/19 20:59,1603112370,1010073648,593038722
2020/10/19 20:58,1603112310,1222559304,380553006
2020/10/19 20:57,1603112250,879879456,723232794
2020/10/19 20:56,1603112190,745539728,857572462
2020/10/19 20:55,1603112130,623234664,979877466
2020/10/19 20:54,1603112070,688562856,914549214
2020/10/19 20:53,1603112010,779140016,823971994
2020/10/19 20:52,1603111950,797363944,805748006
2020/10/19 20:51,1603111890,783323840,819788050
2020/10/19 20:50,1603111830,690303832,912807998
2020/10/19 20:49,1603111770,531870272,1071241498
2020/10/19 20:48,1603111710,910647880,692463830
2020/10/19 20:47,1603111650,581079848,1022031802
2020/10/19 20:46,1603111590,512348424,1090763166
2020/10/19 20:45,1603111530,386550496,1216561034
2020/10/19 20:44,1603111470,694380856,908730614
2020/10/19 20:43,1603111410,619119864,983991546
2020/10/19 20:42,1603111350,430797440,1172313910
2020/10/19 20:41,1603111290,640219672,962891618
2020/10/19 20:40,1603111230,1173614992,429496238
2020/10/19 20:39,1603111170,1014292432,588818738
2020/10/19 20:38,1603111110,470203344,1132907766
2020/10/19 20:37,1603111050,656919984,946191066
2020/10/19 20:36,1603110990,700783080,902327910
2020/10/19 20:35,1603110930,529387448,1073723482
2020/10/19 20:34,1603110870,852730576,750380294
2020/10/19 20:33,1603110810,735099008,868011802
2020/10/19 20:32,1603110750,846281448,756829302
2020/10/19 20:31,1603110690,750758000,852352690
2020/10/19 20:30,1603110630,415581416,1187529214
2020/10/19 20:29,1603110570,1001326608,601783962
2020/10/19 20:28,1603110510,865517792,737592718
2020/10/19 20:27,1603110450,447030520,1156079930
2020/10/19 20:26,1603110390,618913832,984196558
2020/10/19 20:25,1603110330,419747560,1183362770
2020/10/19 20:24,1603110270,578930440,1024179830
2020/10/19 20:23,1603110210,429046408,1174063802
2020/10/19 20:22,1603110150,776967328,826142822
2020/10/19 20:21,1603110090,715748496,887361594
2020/10/19 20:20,1603110030,559807464,1043302566
2020/10/19 20:19,1603109970,915562856,687547114
2020/10/19 20:18,1603109910,914851520,688258390
2020/10/19 20:17,1603109850,685294440,917815410
2020/10/19 20:16,1603109790,556277352,1046832438
2020/10/19 20:15,1603109730,506316968,1096792762
2020/10/19 20:14,1603109670,603689480,999420190
2020/10/19 20:13,1603109610,595298088,1007811522
2020/10/19 20:12,1603109550,605383616,997725934
2020/10/19 20:11,1603109490,1066818320,536291170
2020/10/19 20:10,1603109430,719818488,883290942
2020/10/19 20:09,1603109370,479746344,1123363026
2020/10/19 20:08,1603109310,551068760,1052040550
2020/10/19 20:07,1603109250,831329400,771779850
2020/10/19 20:06,1603109190,813245096,789864094
2020/10/19 20:05,1603109130,792571080,810538050
2020/10/19 20:04,1603109070,723651472,879457598
2020/10/19 20:03,1603109010,699288096,903820914
2020/10/19 20:02,1603108950,474377256,1128731694
2020/10/19 20:01,1603108890,630699896,972408994
2020/10/19 20:00,1603108830,432124328,1170984502
2020/10/19 19:59,1603108770,611405576,991703194
2020/10/19 19:58,1603108710,614445304,988663406
2020/10/19 19:57,1603108650,393372424,1209736226
2020/10/19 19:56,1603108590,724847864,878260726
2020/10/19 19:55,1603108530,692881392,910227138
2020/10/19 19:54,1603108470,727916536,875191934
2020/10/19 19:53,1603108410,566284840,1036823570
2020/10/19 19:52,1603108350,936353856,666754494
2020/10/19 19:51,1603108290,785829472,817278818
2020/10/19 19:50,1603108230,555408040,1047700190
2020/10/19 19:49,1603108170,625693064,977415106
2020/10/19 19:48,1603108110,502424760,1100683350
2020/10/19 19:47,1603108050,780268112,822839938
2020/10/19 19:46,1603107990,757376664,845731326
2020/10/19 19:45,1603107930,523353936,1079753994
2020/10/19 19:44,1603107870,642918816,960189054
2020/10/19 19:43,1603107810,524134768,1078973042
2020/10/19 19:42,1603107750,482169832,1120937918
2020/10/19 19:41,1603107690,988402304,614705386
2020/10/19 19:40,1603107630,1261516504,341591126
2020/10/19 19:39,1603107570,1219553720,383553850
2020/10/19 19:38,1603107510,1088346824,514760686
2020/10/19 19:37,1603107450,665224704,937882746
2020/10/19 19:36,1603107390,561526184,1041581206
2020/10/19 19:35,1603107330,644122216,958985114
2020/10/19 19:34,1603107270,723206832,879900438
2020/10/19 19:33,1603107210,456289344,1146817866
2020/10/19 19:32,1603107150,531339024,1071768126
2020/10/19 19:31,1603107090,443110648,1159996442
2020/10/19 19:30,1603107030,527421384,1075685646
2020/10/19 19:29,1603106970,538862896,1064244074
2020/10/19 19:28,1603106910,389134640,1213972270
2020/10/19 19:27,1603106850,473941432,1129165418
2020/10/19 19:26,1603106790,453015112,1150091678
2020/10/19 19:25,1603106730,570242912,1032863818
2020/10/19 19:24,1603106670,541092288,1062014382
2020/10/19 19:23,1603106610,883922904,719183706
2020/10/19 19:22,1603106550,528815984,1074290566
2020/10/19 19:21,1603106490,878387296,724719194
2020/10/19 19:20,1603106430,659378760,943727670
2020/10/19 19:19,1603106370,568409256,1034697114
2020/10/19 19:18,1603106310,589011704,1014094606
2020/10/19 19:17,1603106250,600354904,1002751346
2020/10/19 19:16,1603106190,815276544,787829646
2020/10/19 19:15,1603106130,634861488,968244642
2020/10/19 19:14,1603106070,469494464,1133611606
2020/10/19 19:13,1603106010,383563384,1219542626
2020/10/19 19:12,1603105950,557009008,1046096942
2020/10/19 19:11,1603105890,646686128,956419762
2020/10/19 19:10,1603105830,869254328,733851502
2020/10/19 19:09,1603105770,521101736,1082004034
2020/10/19 19:08,1603105710,625989848,977115862
2020/10/19 19:07,1603105650,632369824,970735826
2020/10/19 19:06,1603105590,711966224,891139366
2020/10/19 19:05,1603105530,773816344,829289186
2020/10/19 19:04,1603105470,861104928,742000542
2020/10/19 19:03,1603105410,550056744,1053048666
2020/10/19 19:02,1603105350,578486768,1024618582
2020/10/19 19:01,1603105290,863152440,739952850
2020/10/19 19:00,1603105230,604648256,998456974
2020/10/19 18:59,1603105170,448998400,1154106770
2020/10/19 18:58,1603105110,432180232,1170924878
2020/10/19 18:57,1603105050,641196744,961908306
2020/10/19 18:56,1603104990,699181272,903923718
2020/10/19 18:55,1603104930,534886488,1068218442
2020/10/19 18:54,1603104870,629980768,973124102
2020/10/19 18:53,1603104810,694006320,909098490
2020/10/19 18:52,1603104750,539036920,1064067830
2020/10/19 18:51,1603104690,590866040,1012238650
2020/10/19 18:50,1603104630,524670608,1078434022
2020/10/19 18:49,1603104570,445254920,1157849650
2020/10/19 18:48,1603104510,601403720,1001700790
2020/10/19 18:47,1603104450,585215712,1017888738
2020/10/19 18:46,1603104390,788757440,814346950
2020/10/19 18:45,1603104330,774505144,828599186
2020/10/19 18:44,1603104270,479147936,1123956334
2020/10/19 18:43,1603104210,789419864,813684346
2020/10/19 18:42,1603104150,579681920,1023422230
2020/10/19 18:41,1603104090,398690040,1204414050
2020/10/19 18:40,1603104030,1155522096,447581934
2020/10/19 18:39,1603103970,1055651888,547452082
2020/10/19 18:38,1603103910,995924912,607178998
2020/10/19 18:37,1603103850,507879104,1095224746
2020/10/19 18:36,1603103790,480874528,1122229262
2020/10/19 18:35,1603103730,532519200,1070584530
2020/10/19 18:34,1603103670,735171928,867931742
2020/10/19 18:33,1603103610,505555296,1097548314
2020/10/19 18:32,1603103550,488017232,1115086318
2020/10/19 18:31,1603103490,529153208,1073950282
2020/10/19 18:30,1603103430,857657160,745446270
2020/10/19 18:29,1603103370,751519192,851584178
2020/10/19 18:28,1603103310,540848424,1062254886
2020/10/19 18:27,1603103250,857199640,745903610
2020/10/19 18:26,1603103190,634016640,969086550
2020/10/19 18:25,1603103130,540593704,1062509426
2020/10/19 18:24,1603103070,415294312,1187808758
2020/10/19 18:23,1603103010,500374672,1102728338
2020/10/19 18:22,1603102950,534782264,1068320686
2020/10/19 18:21,1603102890,422949432,1180153458
2020/10/19 18:20,1603102830,356712040,1246390790
2020/10/19 18:19,1603102770,584590896,1018511874
2020/10/19 18:18,1603102710,435470472,1167632238
2020/10/19 18:17,1603102650,545232488,1057870162
2020/10/19 18:16,1603102590,499039824,1104062766
2020/10/19 18:15,1603102530,746714256,856388274
2020/10/19 18:14,1603102470,532407176,1070695294
2020/10/19 18:13,1603102410,668320552,934781858
2020/10/19 18:12,1603102350,1118704792,484397558
2020/10/19 18:11,1603102290,649455296,953646994
2020/10/19 18:10,1603102230,894560232,708541998
2020/10/19 18:09,1603102170,646905320,956196850
2020/10/19 18:08,1603102110,389569312,1213532798
2020/10/19 18:07,1603102050,406564496,1196537554
2020/10/19 18:06,1603101990,712678648,890423342
2020/10/19 18:05,1603101930,423007624,1180094306
2020/10/19 18:04,1603101870,631961048,971140822
2020/10/19 18:03,1603101810,644222880,958878930
2020/10/19 18:02,1603101750,537620456,1065481294
2020/10/19 18:01,1603101690,577021152,1026080538
2020/10/19 18:00,1603101630,414673952,1188427678
2020/10/19 17:59,1603101570,587868632,1015232938
2020/10/19 17:58,1603101510,405879056,1197222454
2020/10/19 17:57,1603101450,405133552,1197967898
2020/10/19 17:56,1603101390,503009712,1100091678
2020/10/19 17:55,1603101330,617147160,985954170
2020/10/19 17:54,1603101270,567593216,1035508054
2020/10/19 17:53,1603101210,583891544,1019209666
2020/10/19 17:52,1603101150,441641120,1161460030
2020/10/19 17:51,1603101090,613724720,989376370
2020/10/19 17:50,1603101030,471417936,1131683094
2020/10/19 17:49,1603100970,595547640,1007553330
2020/10/19 17:48,1603100910,548820736,1054280174
2020/10/19 17:47,1603100850,471087928,1132012922
2020/10/19 17:46,1603100790,756114936,846985854
2020/10/19 17:45,1603100730,560068864,1043031866
2020/10/19 17:44,1603100670,504759640,1098341030
2020/10/19 17:43,1603100610,379774816,1223325794
2020/10/19 17:42,1603100550,428249224,1174851326
2020/10/19 17:41,1603100490,350393128,1252707362
2020/10/19 17:40,1603100430,552826872,1050273558
2020/10/19 17:39,1603100370,579138608,1023961762
2020/10/19 17:38,1603100310,613330104,989770206
2020/10/19 17:37,1603100250,601280784,1001819466
2020/10/19 17:36,1603100190,370457632,1232642558
2020/10/19 17:35,1603100130,693710792,909389338
2020/10/19 17:34,1603100070,462464400,1140635670
2020/10/19 17:33,1603100010,407512640,1195587370
2020/10/19 17:32,1603099950,599768120,1003331830
2020/10/19 17:31,1603099890,499736512,1103363378
2020/10/19 17:30,1603099830,452971880,1150127950
2020/10/19 17:29,1603099770,560999624,1042100146
2020/10/19 17:28,1603099710,603510480,999589230
2020/10/19 17:27,1603099650,526945928,1076153722
2020/10/19 17:26,1603099590,392644448,1210455142
2020/10/19 17:25,1603099530,437098472,1166001058
2020/10/19 17:24,1603099470,399676872,1203422598
2020/10/19 17:23,1603099410,662743968,940355442
2020/10/19 17:22,1603099350,432378664,1170720686
2020/10/19 17:21,1603099290,628668016,974431274
2020/10/19 17:20,1603099230,740153392,862945838
2020/10/19 17:19,1603099170,593808816,1009290354
2020/10/19 17:18,1603099110,739489288,863609822
2020/10/19 17:17,1603099050,684073328,919025722
2020/10/19 17:16,1603098990,342202720,1260896270
2020/10/19 17:15,1603098930,427480712,1175618218
2020/10/19 17:14,1603098870,588891416,1014207454
2020/10/19 17:13,1603098810,573250536,1029848274
2020/10/19 17:12,1603098750,427839848,1175258902
2020/10/19 17:11,1603098690,743678896,859419794
2020/10/19 17:10,1603098630,609431776,993666854
2020/10/19 17:09,1603098570,421158712,1181939858
2020/10/19 17:08,1603098510,441761752,1161336758
2020/10/19 17:07,1603098450,389002848,1214095602
2020/10/19 17:06,1603098390,499209800,1103888590
2020/10/19 17:05,1603098330,411329936,1191768394
2020/10/19 17:04,1603098270,379986064,1223112206
2020/10/19 17:03,1603098210,472262568,1130835642
2020/10/19 17:02,1603098150,527903216,1075194934
2020/10/19 17:01,1603098090,593777568,1009320522
2020/10/19 17:00,1603098030,408786384,1194311646
2020/10/19 16:59,1603097970,467764264,1135333706
2020/10/19 16:58,1603097910,617207584,985890326
2020/10/19 16:57,1603097850,627396248,975701602
2020/10/19 16:56,1603097790,418066304,1185031486
2020/10/19 16:55,1603097730,617153768,985943962
2020/10/19 16:54,1603097670,505909800,1097187870
2020/10/19 16:53,1603097610,665057128,938040482
2020/10/19 16:52,1603097550,540223768,1062873782
2020/10/19 16:51,1603097490,479076864,1124020626
2020/10/19 16:50,1603097430,661928600,941168830
2020/10/19 16:49,1603097370,475227448,1127869922
2020/10/19 16:48,1603097310,687183168,915914142
2020/10/19 16:47,1603097250,435969232,1167128018
2020/10/19 16:46,1603097190,399087224,1204009966
2020/10/19 16:45,1603097130,569398832,1033698298
2020/10/19 16:44,1603097070,460026392,1143070678
2020/10/19 16:43,1603097010,605342456,997754554
2020/10/19 16:42,1603096950,405433120,1197663830
2020/10/19 16:41,1603096890,512913080,1090183810
2020/10/19 16:40,1603096830,597496880,1005599950
2020/10/19 16:39,1603096770,425099856,1177996914
2020/10/19 16:38,1603096710,898976064,704120646
2020/10/19 16:37,1603096650,513053568,1090043082
2020/10/19 16:36,1603096590,612022832,991073758
2020/10/19 16:35,1603096530,921564624,681531906
2020/10/19 16:34,1603096470,885901968,717194502
2020/10/19 16:33,1603096410,586163216,1016933194
2020/10/19 16:32,1603096350,667421712,935674638
2020/10/19 16:31,1603096290,462063232,1141033058
2020/10/19 16:30,1603096230,792815096,810281134
2020/10/19 16:29,1603096170,667704792,935391378
2020/10/19 16:28,1603096110,553725272,1049370838
2020/10/19 16:27,1603096050,426215920,1176880130
2020/10/19 16:26,1603095990,704569360,898526630
2020/10/19 16:25,1603095930,433269024,1169826906
2020/10/19 16:24,1603095870,527781904,1075313966
2020/10/19 16:23,1603095810,510987808,1092108002
2020/10/19 16:22,1603095750,676865752,926229998
2020/10/19 16:21,1603095690,384959512,1218136178
2020/10/19 16:20,1603095630,567160128,1035935502
2020/10/19 16:19,1603095570,578498904,1024596666
2020/10/19 16:18,1603095510,851985080,751110430
2020/10/19 16:17,1603095450,765228320,837867130
2020/10/19 16:16,1603095390,631095960,971999430
2020/10/19 16:15,1603095330,953778256,649317074
2020/10/19 16:14,1603095270,865916312,737178958
2020/10/19 16:13,1603095210,623229600,979865610
2020/10/19 16:12,1603095150,498981864,1104113286
2020/10/19 16:11,1603095090,707521768,895573322
2020/10/19 16:10,1603095030,595528120,1007566910
2020/10/19 16:09,1603094970,531362040,1071732930
2020/10/19 16:08,1603094910,462038408,1141056502
2020/10/19 16:07,1603094850,646448224,956646626
2020/10/19 16:06,1603094790,477886224,1125208566
2020/10/19 16:05,1603094730,574544680,1028550050
2020/10/19 16:04,1603094670,443535688,1159558982
2020/10/19 16:03,1603094610,453107480,1149987130
2020/10/19 16:02,1603094550,634194584,968899966
2020/10/19 16:01,1603094490,642540912,960553578
2020/10/19 16:00,1603094430,598169128,1004925302
2020/10/19 15:59,1603094370,561236600,1041857770
2020/10/19 15:58,1603094310,451607472,1151486838
2020/10/19 15:57,1603094250,351475352,1251618898
2020/10/19 15:56,1603094190,488705008,1114389182
2020/10/19 15:55,1603094130,753699136,849394994
2020/10/19 15:54,1603094070,679866096,923227974
2020/10/19 15:53,1603094010,486485280,1116608730
2020/10/19 15:52,1603093950,660200520,942893430
2020/10/19 15:51,1603093890,672506896,930586994
2020/10/19 15:50,1603093830,571663496,1031430334
2020/10/19 15:49,1603093770,882439616,720654154
2020/10/19 15:48,1603093710,599954656,1003139054
2020/10/19 15:47,1603093650,585996288,1017097362
2020/10/19 15:46,1603093590,663789304,939304286
2020/10/19 15:45,1603093530,375298632,1227794898
2020/10/19 15:44,1603093470,822110168,780983302
2020/10/19 15:43,1603093410,528928760,1074164650
2020/10/19 15:42,1603093350,478152808,1124940542
2020/10/19 15:41,1603093290,728732080,874361210
2020/10/19 15:40,1603093230,501520040,1101573190
2020/10/19 15:39,1603093170,759908656,843184514
2020/10/19 15:38,1603093110,521243384,1081849726
2020/10/19 15:37,1603093050,483106544,1119986506
2020/10/19 15:36,1603092990,794800440,808292550
2020/10/19 15:35,1603092930,405063728,1198029202
2020/10/19 15:34,1603092870,761174504,841918366
2020/10/19 15:33,1603092810,425916936,1177175874
2020/10/19 15:32,1603092750,596713528,1006379222
2020/10/19 15:31,1603092690,638689608,964403082
2020/10/19 15:30,1603092630,627416184,975676446
2020/10/19 15:29,1603092570,668653880,934438690
2020/10/19 15:28,1603092510,814188544,788903966
2020/10/19 15:27,1603092450,728789264,874303186
2020/10/19 15:26,1603092390,633638288,969454102
2020/10/19 15:25,1603092330,578413600,1024678730
2020/10/19 15:24,1603092270,513211656,1089880614
2020/10/19 15:23,1603092210,426507040,1176585170
2020/10/19 15:22,1603092150,500431088,1102661062
2020/10/19 15:21,1603092090,415712800,1187379290
2020/10/19 15:20,1603092030,523763128,1079328902
2020/10/19 15:19,1603091970,547002728,1056089242
2020/10/19 15:18,1603091910,703862040,899229870
2020/10/19 15:17,1603091850,426698288,1176393562
2020/10/19 15:16,1603091790,586915008,1016176782
2020/10/19 15:15,1603091730,390325920,1212765810
2020/10/19 15:14,1603091670,589365000,1013726670
2020/10/19 15:13,1603091610,540556208,1062535402
2020/10/19 15:12,1603091550,541853232,1061238318
2020/10/19 15:11,1603091490,372545272,1230546218
2020/10/19 15:10,1603091430,943473144,659618286
2020/10/19 15:09,1603091370,1062156264,540935106
2020/10/19 15:08,1603091310,893020656,710070654
2020/10/19 15:07,1603091250,827644800,775446450
2020/10/19 15:06,1603091190,664120872,938970318
2020/10/19 15:05,1603091130,396301416,1206789714
2020/10/19 15:04,1603091070,533244560,1069846510
2020/10/19 15:03,1603091010,582011472,1021079538
2020/10/19 15:02,1603090950,718657528,884433422
2020/10/19 15:01,1603090890,390379984,1212710906
2020/10/19 15:00,1603090830,484325408,1118765422
2020/10/19 14:59,1603090770,573521096,1029569674
2020/10/19 14:58,1603090710,598052896,1005037814
2020/10/19 14:57,1603090650,404565584,1198525066
2020/10/19 14:56,1603090590,756253400,846837190
2020/10/19 14:55,1603090530,719681832,883408698
2020/10/19 14:54,1603090470,662642952,940447518
2020/10/19 14:53,1603090410,485459568,1117630842
2020/10/19 14:52,1603090350,1030207920,572882430
2020/10/19 14:51,1603090290,557427784,1045662506
2020/10/19 14:50,1603090230,617849776,985240454
2020/10/19 14:49,1603090170,445023760,1158066410
2020/10/19 14:48,1603090110,392180512,1210909598
2020/10/19 14:47,1603090050,503650720,1099439330
2020/10/19 14:46,1603089990,378258432,1224831558
2020/10/19 14:45,1603089930,638497936,964591994
2020/10/19 14:44,1603089870,436556568,1166533302
2020/10/19 14:43,1603089810,630896472,972193338
2020/10/19 14:42,1603089750,437409560,1165680190
2020/10/19 14:41,1603089690,425599400,1177490290
2020/10/19 14:40,1603089630,629082064,974007566
2020/10/19 14:39,1603089570,534283304,1068806266
2020/10/19 14:38,1603089510,374444464,1228645046
2020/10/19 14:37,1603089450,699424664,903664786
2020/10/19 14:36,1603089390,529666936,1073422454
2020/10/19 14:35,1603089330,754420656,848668674
2020/10/19 14:34,1603089270,776233912,826855358
2020/10/19 14:33,1603089210,423544784,1179544426
2020/10/19 14:32,1603089150,420981752,1182107398
2020/10/19 14:31,1603089090,467916832,1135172258
2020/10/19 14:30,1603089030,532658224,1070430806
2020/10/19 14:29,1603088970,393275008,1209813962
2020/10/19 14:28,1603088910,379103152,1223985758
2020/10/19 14:27,1603088850,436880944,1166207906
2020/10/19 14:26,1603088790,382282144,1220806646
2020/10/19 14:25,1603088730,383993184,1219095546
2020/10/19 14:24,1603088670,399136784,1203951886
2020/10/19 14:23,1603088610,351210224,1251878386
2020/10/19 14:22,1603088550,318471840,1284616710
2020/10/19 14:21,1603088490,309793896,1293294594
2020/10/19 14:20,1603088430,392748256,1210340174
2020/10/19 14:19,1603088370,527666976,1075421394
2020/10/19 14:18,1603088310,362238976,1240849334
2020/10/19 14:17,1603088250,463928904,1139159346
2020/10/19 14:16,1603088190,680050400,923037790
2020/10/19 14:15,1603088130,701382880,901705250
2020/10/19 14:14,1603088070,577187472,1025900598
2020/10/19 14:13,1603088010,747751392,855336618
2020/10/19 14:12,1603087950,420874464,1182213486
2020/10/19 14:11,1603087890,926775520,676312370
2020/10/19 14:10,1603087830,358226216,1244861614
2020/10/19 14:09,1603087770,668610392,934477378
2020/10/19 14:08,1603087710,568636304,1034451406
2020/10/19 14:07,1603087650,791357776,811729874
2020/10/19 14:06,1603087590,777575424,825512166
2020/10/19 14:05,1603087530,503868248,1099219282
2020/10/19 14:04,1603087470,663318904,939768566
2020/10/19 14:03,1603087410,932358480,670728930
2020/10/19 14:02,1603087350,641784168,961303182
2020/10/19 14:01,1603087290,641497416,961589874
2020/10/19 14:00,1603087230,1024120496,578966734
2020/10/19 13:59,1603087170,635989304,967097866
2020/10/19 13:58,1603087110,501431256,1101655854
2020/10/19 13:57,1603087050,581842448,1021244602
2020/10/19 13:56,1603086990,842412960,760674030
2020/10/19 13:55,1603086930,604289360,998797570
2020/10/19 13:54,1603086870,653992904,949093966
2020/10/19 13:53,1603086810,678982216,924104594
2020/10/19 13:52,1603086750,1076539648,526547102
2020/10/19 13:51,1603086690,655220392,947866298
2020/10/19 13:50,1603086630,398082592,1205004038
2020/10/19 13:49,1603086570,516462928,1086623642
2020/10/19 13:48,1603086510,426741400,1176345110
2020/10/19 13:47,1603086450,551421456,1051664994
2020/10/19 13:46,1603086390,889967736,713118654
2020/10/19 13:45,1603086330,709483352,893602978
2020/10/19 13:44,1603086270,484676872,1118409398
2020/10/19 13:43,1603086210,762749216,840336994
2020/10/19 13:42,1603086150,527455136,1075631014
2020/10/19 13:41,1603086090,849879144,753206946
2020/10/19 13:40,1603086030,528790432,1074295598
2020/10/19 13:39,1603085970,369344776,1233741194
2020/10/19 13:38,1603085910,591243008,1011842902
2020/10/19 13:37,1603085850,398270504,1204815346
2020/10/19 13:36,1603085790,537736960,1065348830
2020/10/19 13:35,1603085730,540596048,1062489682
2020/10/19 13:34,1603085670,418683192,1184402478
2020/10/19 13:33,1603085610,325906392,1277179218
2020/10/19 13:32,1603085550,652748528,950337022
2020/10/19 13:31,1603085490,473310440,1129775050
2020/10/19 13:30,1603085430,476342376,1126743054
2020/10/19 13:29,1603085370,361533192,1241552178
2020/10/19 13:28,1603085310,426472056,1176613254
2020/10/19 13:27,1603085250,403132384,1199952866
2020/10/19 13:26,1603085190,387824056,1215261134
2020/10/19 13:25,1603085130,347844400,1255240730
2020/10/19 13:24,1603085070,431124440,1171960630
2020/10/19 13:23,1603085010,596441392,1006643618
2020/10/19 13:22,1603084950,454650944,1148434006
2020/10/19 13:21,1603084890,673871368,929213522
2020/10/19 13:20,1603084830,336546992,1266537838
2020/10/19 13:19,1603084770,455206872,1147877898
2020/10/19 13:18,1603084710,341604280,1261480430
2020/10/19 13:17,1603084650,644283432,958801218
2020/10/19 13:16,1603084590,572987960,1030096630
2020/10/19 13:15,1603084530,354219232,1248865298
2020/10/19 13:14,1603084470,310568640,1292515830
2020/10/19 13:13,1603084410,461223384,1141861026
2020/10/19 13:12,1603084350,348926536,1254157814
2020/10/19 13:11,1603084290,491522680,1111561610
2020/10/19 13:10,1603084230,348839120,1254245110
2020/10/19 13:09,1603084170,408361008,1194723162
2020/10/19 13:08,1603084110,484941664,1118142446
2020/10/19 13:07,1603084050,347162336,1255921714
2020/10/19 13:06,1603083990,577739208,1025344782
2020/10/19 13:05,1603083930,327728664,1275355266
2020/10/19 13:04,1603083870,570256288,1032827582
2020/10/19 13:03,1603083810,441979408,1161104402
2020/10/19 13:02,1603083750,583940752,1019142998
2020/10/19 13:01,1603083690,522341584,1080742106
2020/10/19 13:00,1603083630,319520552,1283563078
2020/10/19 12:59,1603083570,440049552,1163034018
2020/10/19 12:58,1603083510,464087376,1138996134
2020/10/19 12:57,1603083450,522368856,1080714594
2020/10/19 12:56,1603083390,435463816,1167619574
2020/10/19 12:55,1603083330,318358824,1284724506
2020/10/19 12:54,1603083270,509723120,1093360150
2020/10/19 12:53,1603083210,577345696,1025737514
2020/10/19 12:52,1603083150,403357352,1199725798
2020/10/19 12:51,1603083090,661657528,941425562
2020/10/19 12:50,1603083030,534097040,1068985990
2020/10/19 12:49,1603082970,417425696,1185657274
2020/10/19 12:48,1603082910,451093728,1151989182
2020/10/19 12:47,1603082850,755383976,847698874
2020/10/19 12:46,1603082790,384827064,1218255726
2020/10/19 12:45,1603082730,515709608,1087373122
2020/10/19 12:44,1603082670,396040432,1207042238
2020/10/19 12:43,1603082610,417040016,1186042594
2020/10/19 12:42,1603082550,381611752,1221470798
2020/10/19 12:41,1603082490,300349400,1302733090
2020/10/19 12:40,1603082430,544942656,1058139774
2020/10/19 12:39,1603082370,432564472,1170517898
2020/10/19 12:38,1603082310,505902296,1097180014
2020/10/19 12:37,1603082250,590428832,1012653418
2020/10/19 12:36,1603082190,536444008,1066638182
2020/10/19 12:35,1603082130,481808864,1121273266
2020/10/19 12:34,1603082070,329860440,1273221630
2020/10/19 12:33,1603082010,526385896,1076696114
2020/10/19 12:32,1603081950,453922336,1149159614
2020/10/19 12:31,1603081890,458967664,1144114226
2020/10/19 12:30,1603081830,339384480,1263697350
2020/10/19 12:29,1603081770,360742496,1242339274
2020/10/19 12:28,1603081710,716577752,886503958
2020/10/19 12:27,1603081650,759226304,843855346
2020/10/19 12:26,1603081590,780958376,822123214
2020/10/19 12:25,1603081530,611978144,991103386
2020/10/19 12:24,1603081470,732791856,870289614
2020/10/19 12:23,1603081410,609258776,993822634
2020/10/19 12:22,1603081350,539082504,1063998846
2020/10/19 12:21,1603081290,987406832,615674458
2020/10/19 12:20,1603081230,489086464,1113994766
2020/10/19 12:19,1603081170,462609952,1140471218
2020/10/19 12:18,1603081110,408807832,1194273278
2020/10/19 12:17,1603081050,542043824,1061037226
2020/10/19 12:16,1603080990,426785552,1176295438
2020/10/19 12:15,1603080930,327219024,1275861906
2020/10/19 12:14,1603080870,488482616,1114598254
2020/10/19 12:13,1603080810,298531848,1304548962
2020/10/19 12:12,1603080750,290691920,1312388830
2020/10/19 12:11,1603080690,515648008,1087432682
2020/10/19 12:10,1603080630,494004056,1109076574
2020/10/19 12:09,1603080570,348717352,1254363218
2020/10/19 12:08,1603080510,563722648,1039357862
2020/10/19 12:07,1603080450,394765320,1208315130
2020/10/19 12:06,1603080390,647846616,955233774
2020/10/19 12:05,1603080330,520023392,1083056938
2020/10/19 12:04,1603080270,444037184,1159043086
2020/10/19 12:03,1603080210,396058312,1207021898
2020/10/19 12:02,1603080150,478619896,1124460254
2020/10/19 12:01,1603080090,354526768,1248553322
2020/10/19 12:00,1603080030,508877512,1094202518
2020/10/19 11:59,1603079970,424127576,1178952394
2020/10/19 11:58,1603079910,398690312,1204389598
2020/10/19 11:57,1603079850,668942968,934136882
2020/10/19 11:56,1603079790,610723080,992356710
2020/10/19 11:55,1603079730,657580312,945499418
2020/10/19 11:54,1603079670,529809848,1073269822
2020/10/19 11:53,1603079610,453027912,1150051698
2020/10/19 11:52,1603079550,402310288,1200769262
2020/10/19 11:51,1603079490,328215848,1274863642
2020/10/19 11:50,1603079430,641349776,961729654
2020/10/19 11:49,1603079370,518057952,1085021418
2020/10/19 11:48,1603079310,334704936,1268374374
2020/10/19 11:47,1603079250,597634232,1005445018
2020/10/19 11:46,1603079190,518500960,1084578230
2020/10/19 11:45,1603079130,382488504,1220590626
2020/10/19 11:44,1603079070,300586784,1302492286
2020/10/19 11:43,1603079010,436557984,1166521026
2020/10/19 11:42,1603078950,382817416,1220261534
2020/10/19 11:41,1603078890,423662512,1179416378
2020/10/19 11:40,1603078830,315354928,1287723902
2020/10/19 11:39,1603078770,362386224,1240692546
2020/10/19 11:38,1603078710,392383984,1210694726
2020/10/19 11:37,1603078650,510006376,1093072274
2020/10/19 11:36,1603078590,597564120,1005514470
2020/10/19 11:35,1603078530,689754272,913324258
2020/10/19 11:34,1603078470,535072984,1068005486
2020/10/19 11:33,1603078410,342451280,1260627130
2020/10/19 11:32,1603078350,525941592,1077136758
2020/10/19 11:31,1603078290,524714656,1078363634
2020/10/19 11:30,1603078230,452172336,1150905894
2020/10/19 11:29,1603078170,423847120,1179231050
2020/10/19 11:28,1603078110,380877976,1222200134
2020/10/19 11:27,1603078050,694847544,908230506
2020/10/19 11:26,1603077990,569048744,1034029246
2020/10/19 11:25,1603077931,670819808,932258123
2020/10/19 11:24,1603077870,369548080,1233529790
2020/10/19 11:23,1603077810,701942248,901135562
2020/10/19 11:22,1603077750,369252592,1233825158
2020/10/19 11:21,1603077690,851540504,751537186
2020/10/19 11:20,1603077630,523214008,1079863622
2020/10/19 11:19,1603077570,379614560,1223463010
2020/10/19 11:18,1603077510,289064344,1314013166
2020/10/19 11:17,1603077450,364005664,1239071786
2020/10/19 11:16,1603077390,489368080,1113709310
2020/10/19 11:15,1603077330,656030896,947046434
2020/10/19 11:14,1603077270,623751552,979325718
2020/10/19 11:13,1603077210,468967136,1134110074
2020/10/19 11:12,1603077150,844979480,758097670
2020/10/19 11:11,1603077090,648191928,954885162
2020/10/19 11:10,1603077030,574293880,1028783150
2020/10/19 11:09,1603076970,549635456,1053441514
2020/10/19 11:08,1603076910,424941104,1178135806
2020/10/19 11:07,1603076850,1008070384,595006466
2020/10/19 11:06,1603076790,395274000,1207802790
2020/10/19 11:05,1603076730,569638256,1033438474
2020/10/19 11:04,1603076670,987120296,615956374
2020/10/19 11:03,1603076610,327701656,1275374954
2020/10/19 11:02,1603076550,859168776,743907774
2020/10/19 11:01,1603076490,746454240,856622250
2020/10/19 11:00,1603076430,490837696,1112238734
2020/10/19 10:59,1603076370,438532560,1164543810
2020/10/19 10:58,1603076310,557983424,1045092886
2020/10/19 10:57,1603076250,348787360,1254288890
2020/10/19 10:56,1603076190,550255960,1052820230
2020/10/19 10:55,1603076130,455163912,1147912218
2020/10/19 10:54,1603076070,425323272,1177752798
2020/10/19 10:53,1603076010,340276968,1262799042
2020/10/19 10:52,1603075950,620986656,982089294
2020/10/19 10:51,1603075890,481378608,1121697282
2020/10/19 10:50,1603075830,487571712,1115504118
2020/10/19 10:49,1603075770,593496512,1009579258
2020/10/19 10:48,1603075710,411881488,1191194222
2020/10/19 10:47,1603075650,437679088,1165396562
2020/10/19 10:46,1603075590,312015584,1291060006
2020/10/19 10:45,1603075530,327286304,1275789226
2020/10/19 10:44,1603075470,576664432,1026411038
2020/10/19 10:43,1603075410,356219824,1246855586
2020/10/19 10:42,1603075350,963920704,639154646
2020/10/19 10:41,1603075290,700448720,902626570
2020/10/19 10:40,1603075230,934070272,669004958
2020/10/19 10:39,1603075170,626694872,976380298
2020/10/19 10:38,1603075110,557035528,1046039582
2020/10/19 10:37,1603075050,586756568,1016318482
2020/10/19 10:36,1603074990,471321664,1131753326
2020/10/19 10:35,1603074930,552066544,1051008386
2020/10/19 10:34,1603074870,694046424,909028446
2020/10/19 10:33,1603074810,489458464,1113616346
2020/10/19 10:32,1603074750,582970520,1020104230
2020/10/19 10:31,1603074690,628430400,974644290
2020/10/19 10:30,1603074630,559818536,1043256094
2020/10/19 10:29,1603074570,734642048,868432522
2020/10/19 10:28,1603074510,897267312,705807198
2020/10/19 10:27,1603074450,781565568,821508882
2020/10/19 10:26,1603074390,765185208,837889182
2020/10/19 10:25,1603074330,610210288,992864042
2020/10/19 10:24,1603074270,509826304,1093247966
2020/10/19 10:23,1603074210,401289848,1201784362
2020/10/19 10:22,1603074150,974167648,628906502
2020/10/19 10:21,1603074090,495616824,1107457266
2020/10/19 10:20,1603074030,979030792,624043238
2020/10/19 10:19,1603073970,598690816,1004383154
2020/10/19 10:18,1603073910,440770760,1162303150
2020/10/19 10:17,1603073850,376296600,1226777250
2020/10/19 10:16,1603073790,675772232,927301558
2020/10/19 10:15,1603073730,570999736,1032073994
2020/10/19 10:14,1603073670,848341216,754732454
2020/10/19 10:13,1603073610,877336432,725737178
2020/10/19 10:12,1603073550,637688736,965384814
2020/10/19 10:11,1603073490,390627592,1212445898
2020/10/19 10:10,1603073430,480238168,1122835262
2020/10/19 10:09,1603073370,344789912,1258283458
2020/10/19 10:08,1603073310,531523640,1071549670
2020/10/19 10:07,1603073250,415843392,1187229858
2020/10/19 10:06,1603073190,345244184,1257829006
2020/10/19 10:05,1603073130,334529016,1268544114
2020/10/19 10:04,1603073070,594057296,1009015774
2020/10/19 10:03,1603073010,586710568,1016362442
2020/10/19 10:02,1603072950,600883408,1002189542
2020/10/19 10:01,1603072890,656983880,946089010
2020/10/19 10:00,1603072830,401691616,1201381214
2020/10/19 09:59,1603072770,375934512,1227138258
2020/10/19 09:58,1603072710,367919456,1235153254
2020/10/19 09:57,1603072650,459120728,1143951922
2020/10/19 09:56,1603072590,396633936,1206438654
2020/10/19 09:55,1603072530,502301000,1100771530
2020/10/19 09:54,1603072470,326639272,1276433198
2020/10/19 09:53,1603072410,633565392,969507018
2020/10/19 09:52,1603072350,459111304,1143961046
2020/10/19 09:51,1603072290,747505944,855566346
2020/10/19 09:50,1603072230,588361648,1014710582
2020/10/19 09:49,1603072170,982007848,621064322
2020/10/19 09:48,1603072110,629890888,973181222
2020/10/19 09:47,1603072050,1022385936,580686114
2020/10/19 09:46,1603071990,1096216840,506855150
2020/10/19 09:45,1603071930,748695424,854376506
2020/10/19 09:44,1603071870,829200952,773870918
2020/10/19 09:43,1603071810,595132544,1007939266
2020/10/19 09:42,1603071750,286610688,1316461062
2020/10/19 09:41,1603071690,537359368,1065712322
2020/10/19 09:40,1603071630,567882264,1035189366
2020/10/19 09:39,1603071570,310517672,1292553898
2020/10/19 09:38,1603071510,369865656,1233205854
2020/10/19 09:37,1603071450,678987344,924084106
2020/10/19 09:36,1603071390,748640976,854430414
2020/10/19 09:35,1603071330,645268544,957802786
2020/10/19 09:34,1603071270,666808424,936262846
2020/10/19 09:33,1603071210,441934680,1161136530
2020/10/19 09:32,1603071150,850025448,753045702
2020/10/19 09:31,1603071090,637574392,965496698
2020/10/19 09:30,1603071030,336679064,1266391966
2020/10/19 09:29,1603070970,391719840,1211351130
2020/10/19 09:28,1603070910,522990184,1080080726
2020/10/19 09:27,1603070850,727308848,875762002
2020/10/19 09:26,1603070790,371249584,1231821206
2020/10/19 09:25,1603070730,1042008008,561062722
2020/10/19 09:24,1603070670,395181304,1207889366
2020/10/19 09:23,1603070610,527236792,1075833818
2020/10/19 09:22,1603070550,533207864,1069862686
2020/10/19 09:21,1603070490,303461264,1299609226
2020/10/19 09:20,1603070430,917780240,685290190
2020/10/19 09:19,1603070370,680682520,922387850
2020/10/19 09:18,1603070310,917966624,685103686
2020/10/19 09:17,1603070250,576705880,1026364370
2020/10/19 09:16,1603070190,375929968,1227140222
2020/10/19 09:15,1603070130,608938168,994131962
2020/10/19 09:14,1603070070,346126328,1256943742
2020/10/19 09:13,1603070010,414011008,1189059002
2020/10/19 09:12,1603069950,658837648,944232302
2020/10/19 09:11,1603069890,648938656,954131234
2020/10/19 09:10,1603069830,490140008,1112929822
2020/10/19 09:09,1603069770,861481392,741588378
2020/10/19 09:08,1603069710,943458624,659611086
2020/10/19 09:07,1603069650,504696888,1098372762
2020/10/19 09:06,1603069590,1126340656,476728934
2020/10/19 09:05,1603069530,515493944,1087575586
2020/10/19 09:04,1603069470,715658616,887410854
2020/10/19 09:03,1603069410,357630128,1245439282
2020/10/19 09:02,1603069350,418988312,1184081038
2020/10/19 09:01,1603069290,594724240,1008345050
2020/10/19 09:00,1603069230,734083248,868985982
2020/10/19 08:59,1603069170,647782984,955286186
2020/10/19 08:58,1603069110,450048432,1153020678
2020/10/19 08:57,1603069050,297666680,1305402370
2020/10/19 08:56,1603068990,573959544,1029109446
2020/10/19 08:55,1603068930,478773440,1124295490
2020/10/19 08:54,1603068870,216639616,1386429254
2020/10/19 08:53,1603068810,522191568,1080877242
2020/10/19 08:52,1603068750,515305088,1087763662
2020/10/19 08:51,1603068690,377536008,1225532682
2020/10/19 08:50,1603068630,471694088,1131374542
2020/10/19 08:49,1603068570,324475056,1278593514
2020/10/19 08:48,1603068510,370629688,1232438822
2020/10/19 08:47,1603068450,337881648,1265186802
2020/10/19 08:46,1603068390,304373360,1298695030
2020/10/19 08:45,1603068330,686620600,916447730
2020/10/19 08:44,1603068270,641316904,961751366
2020/10/19 08:43,1603068210,470336008,1132732202
2020/10/19 08:42,1603068150,415820984,1187247166
2020/10/19 08:41,1603068090,651068952,951999138
2020/10/19 08:40,1603068030,396715096,1206352934
2020/10/19 08:39,1603067970,945478720,657589250
2020/10/19 08:38,1603067910,592528528,1010539382
2020/10/19 08:37,1603067850,290392656,1312675194
2020/10/19 08:36,1603067790,357691248,1245376542
2020/10/19 08:35,1603067730,272549920,1330517810
2020/10/19 08:34,1603067670,400523240,1202544430
2020/10/19 08:33,1603067610,305778320,1297289290
2020/10/19 08:32,1603067550,385620320,1217447230
2020/10/19 08:31,1603067490,276845696,1326221794
2020/10/19 08:30,1603067430,337969080,1265098350
2020/10/19 08:29,1603067370,423581776,1179485594
2020/10/19 08:28,1603067310,319292992,1283774318
2020/10/19 08:27,1603067250,447982360,1155084890
2020/10/19 08:26,1603067190,257130352,1345936838
2020/10/19 08:25,1603067130,274956496,1328110634
2020/10/19 08:24,1603067070,216220168,1386846902
2020/10/19 08:23,1603067010,613281160,989785850
2020/10/19 08:22,1603066950,651071416,951995534
2020/10/19 08:21,1603066890,415832184,1187234706
2020/10/19 08:20,1603066830,515350512,1087716318
2020/10/19 08:19,1603066770,261790920,1341275850
2020/10/19 08:18,1603066710,346144656,1256922054
2020/10/19 08:17,1603066650,618245112,984821538
2020/10/19 08:16,1603066590,591179440,1011887150
2020/10/19 08:15,1603066530,634872080,968194450
2020/10/19 08:14,1603066470,589834088,1013232382
2020/10/19 08:13,1603066410,332101128,1270965282
2020/10/19 08:12,1603066350,336216912,1266849438
2020/10/19 08:11,1603066290,616613072,986453218
2020/10/19 08:10,1603066230,631843856,971222374
2020/10/19 08:09,1603066170,398436528,1204629642
2020/10/19 08:08,1603066110,857735224,745330886
2020/10/19 08:07,1603066050,405103928,1197962122
2020/10/19 08:06,1603065990,289764080,1313301910
2020/10/19 08:05,1603065930,252287816,1350778114
2020/10/19 08:04,1603065870,238780080,1364285790
2020/10/19 08:03,1603065810,447901472,1155164338
2020/10/19 08:02,1603065750,306715408,1296350342
2020/10/19 08:01,1603065690,258670776,1344394914
2020/10/19 08:00,1603065630,515091112,1087974518
2020/10/19 07:59,1603065570,420606432,1182459138
2020/10/19 07:58,1603065510,555845760,1047219750
2020/10/19 07:57,1603065450,835003664,768061786
2020/10/19 07:56,1603065390,534843776,1068221614
2020/10/19 07:55,1603065330,856510040,746555290
2020/10/19 07:54,1603065270,767502784,835562486
2020/10/19 07:53,1603065210,307017072,1296048138
2020/10/19 07:52,1603065150,243944016,1359121134
2020/10/19 07:51,1603065090,366001600,1237063490
2020/10/19 07:50,1603065030,268038656,1335026374
2020/10/19 07:49,1603064970,232642384,1370422586
2020/10/19 07:48,1603064910,420571752,1182493158
2020/10/19 07:47,1603064850,531830544,1071234306
2020/10/19 07:46,1603064790,297981024,1305083766
2020/10/19 07:45,1603064730,402125248,1200939482
2020/10/19 07:44,1603064670,635099200,967965470
2020/10/19 07:43,1603064610,358123216,1244941394
2020/10/19 07:42,1603064550,493456936,1109607614
2020/10/19 07:41,1603064490,409319000,1193745490
2020/10/19 07:40,1603064430,334161616,1268902814
2020/10/19 07:39,1603064370,356494792,1246569578
2020/10/19 07:38,1603064310,523006160,1080058150
2020/10/19 07:37,1603064250,435755184,1167309066
2020/10/19 07:36,1603064190,385575040,1217489150
2020/10/19 07:35,1603064130,550435216,1052628914
2020/10/19 07:34,1603064070,440793256,1162270814
2020/10/19 07:33,1603064010,599527184,1003536826
2020/10/19 07:32,1603063950,301960344,1301103606
2020/10/19 07:31,1603063890,917806264,685257626
2020/10/19 07:30,1603063830,914469728,688594102
2020/10/19 07:29,1603063770,541122616,1061941154
2020/10/19 07:28,1603063710,296786480,1306277230
2020/10/19 07:27,1603063650,634348064,968715586
2020/10/19 07:26,1603063590,540711064,1062352526
2020/10/19 07:25,1603063530,492099832,1110963698
2020/10/19 07:24,1603063470,831066024,771997446
2020/10/19 07:23,1603063410,771331856,831731554
2020/10/19 07:22,1603063350,555310496,1047752854
2020/10/19 07:21,1603063290,465291840,1137771450
2020/10/19 07:20,1603063230,345953472,1257109758
2020/10/19 07:19,1603063170,317820184,1285242986
2020/10/19 07:18,1603063110,582644784,1020418326
2020/10/19 07:17,1603063050,299954568,1303108482
2020/10/19 07:16,1603062990,279727232,1323335758
2020/10/19 07:15,1603062930,296610992,1306451938
2020/10/19 07:14,1603062870,437692256,1165370614
2020/10/19 07:13,1603062810,257984840,1345077970
2020/10/19 07:12,1603062750,270499240,1332563510
2020/10/19 07:11,1603062690,365336808,1237725882
2020/10/19 07:10,1603062630,576467184,1026595446
2020/10/19 07:09,1603062570,445664024,1157398546
2020/10/19 07:08,1603062510,678171696,924890814
2020/10/19 07:07,1603062450,443773688,1159288762
2020/10/19 07:06,1603062390,280523544,1322538846
2020/10/19 07:05,1603062330,316954144,1286108186
2020/10/19 07:04,1603062270,437453480,1165608790
2020/10/19 07:03,1603062210,330200888,1272861322
2020/10/19 07:02,1603062150,264938632,1338123518
2020/10/19 07:01,1603062090,476244232,1126817858
2020/10/19 07:00,1603062030,320195744,1282866286
2020/10/19 06:59,1603061970,354087704,1248974266
2020/10/19 06:58,1603061910,333517848,1269544062
2020/10/19 06:57,1603061850,300473424,1302588426
2020/10/19 06:56,1603061790,364499904,1238561886
2020/10/19 06:55,1603061730,268883880,1334177850
2020/10/19 06:54,1603061670,283155152,1319906518
2020/10/19 06:53,1603061610,243289104,1359772506
2020/10/19 06:52,1603061550,426334088,1176727462
2020/10/19 06:51,1603061490,359264624,1243796866
2020/10/19 06:50,1603061430,346954080,1256107350
2020/10/19 06:49,1603061370,349354984,1253706386
2020/10/19 06:48,1603061310,395624072,1207437238
2020/10/19 06:47,1603061250,403550816,1199510434
2020/10/19 06:46,1603061190,377396408,1225664782
2020/10/19 06:45,1603061130,342464832,1260596298
2020/10/19 06:44,1603061070,384905400,1218155670
2020/10/19 06:43,1603061010,293063888,1309997122
2020/10/19 06:42,1603060950,449546184,1153514766
2020/10/19 06:41,1603060890,424909368,1178151522
2020/10/19 06:40,1603060830,404021552,1199039278
2020/10/19 06:39,1603060770,318063448,1284997322
2020/10/19 06:38,1603060710,377680528,1225380182
2020/10/19 06:37,1603060650,329759192,1273301458
2020/10/19 06:36,1603060590,310239832,1292820758
2020/10/19 06:35,1603060530,243878904,1359181626
2020/10/19 06:34,1603060470,329563240,1273497230
2020/10/19 06:33,1603060410,270009536,1333050874
2020/10/19 06:32,1603060350,447952880,1155107470
2020/10/19 06:31,1603060290,410550064,1192510226
2020/10/19 06:30,1603060230,549730840,1053329390
2020/10/19 06:29,1603060170,603554776,999505394
2020/10/19 06:28,1603060110,428247648,1174812462
2020/10/19 06:27,1603060050,258014320,1345045730
2020/10/19 06:26,1603059990,810270144,792789846
2020/10/19 06:25,1603059930,600132152,1002927778
2020/10/19 06:24,1603059870,299763416,1303296454
2020/10/19 06:23,1603059810,272858352,1330201458
2020/10/19 06:22,1603059750,273605112,1329454638
2020/10/19 06:21,1603059690,179125960,1423933730
2020/10/19 06:20,1603059630,431686920,1171372710
2020/10/19 06:19,1603059570,328654904,1274404666
2020/10/19 06:18,1603059510,471559328,1131500182
2020/10/19 06:17,1603059450,450903024,1152156426
2020/10/19 06:16,1603059390,934562456,668496934
2020/10/19 06:15,1603059330,805568424,797490906
2020/10/19 06:14,1603059270,842385536,760673734
2020/10/19 06:13,1603059210,673616568,929442642
2020/10/19 06:12,1603059150,611831160,991227990
2020/10/19 06:11,1603059090,549554248,1053504842
2020/10/19 06:10,1603059030,502946760,1100112270
2020/10/19 06:09,1603058970,754773104,848285866
2020/10/19 06:08,1603058910,446368840,1156690070
2020/10/19 06:07,1603058850,266676016,1336382834
2020/10/19 06:06,1603058790,363388280,1239670510
2020/10/19 06:05,1603058730,401231648,1201827082
2020/10/19 06:04,1603058670,450894312,1152164358
2020/10/19 06:03,1603058610,386041712,1217016898
2020/10/19 06:02,1603058550,483303400,1119755150
2020/10/19 06:01,1603058490,345711808,1257346682
2020/10/19 06:00,1603058430,433964024,1169094406
2020/10/19 05:59,1603058370,368871168,1234187202
2020/10/19 05:58,1603058310,649366800,953691510
2020/10/19 05:57,1603058250,392648592,1210409658
2020/10/19 05:56,1603058190,235374392,1367683798
2020/10/19 05:55,1603058130,367792056,1235266074
2020/10/19 05:54,1603058070,199780664,1403277406
2020/10/19 05:53,1603058010,492957808,1110100202
2020/10/19 05:52,1603057950,366793272,1236264678
2020/10/19 05:51,1603057890,272963144,1330094746
2020/10/19 05:50,1603057830,419120320,1183937510
2020/10/19 05:49,1603057770,306660776,1296396994
2020/10/19 05:48,1603057710,411071240,1191986470
2020/10/19 05:47,1603057650,460099624,1142958026
2020/10/19 05:46,1603057590,378648288,1224409302
2020/10/19 05:45,1603057530,603149768,999907762
2020/10/19 05:44,1603057470,396091648,1206965822
2020/10/19 05:43,1603057410,304892072,1298165338
2020/10/19 05:42,1603057350,447468896,1155588454
2020/10/19 05:41,1603057290,283858960,1319198330
2020/10/19 05:40,1603057230,237324680,1365732550
2020/10/19 05:39,1603057170,298152984,1304904186
2020/10/19 05:38,1603057110,360421376,1242635734
2020/10/19 05:37,1603057054,286756752,1316300302
2020/10/19 05:36,1603056990,575925208,1027131782
2020/10/19 05:35,1603056930,481356728,1121700202
2020/10/19 05:34,1603056870,468159520,1134897350
2020/10/19 05:33,1603056810,268738320,1334318490
2020/10/19 05:32,1603056750,687565904,915490846
2020/10/19 05:31,1603056690,389798592,1213258098
2020/10/19 05:30,1603056630,254289488,1348767142
2020/10/19 05:29,1603056570,321758064,1281298506
2020/10/19 05:28,1603056510,471591512,1131464998
2020/10/19 05:27,1603056450,240078208,1362978242
2020/10/19 05:26,1603056390,307918056,1295138334
2020/10/19 05:25,1603056330,242376504,1360679826
2020/10/19 05:24,1603056270,423545368,1179510902
2020/10/19 05:23,1603056210,347898504,1255157706
2020/10/19 05:22,1603056150,357029888,1246026262
2020/10/19 05:21,1603056090,457988024,1145068066
2020/10/19 05:20,1603056030,520352360,1082703670
2020/10/19 05:19,1603055970,414064192,1188991778
2020/10/19 05:18,1603055910,338857008,1264198902
2020/10/19 05:17,1603055850,504397032,1098658818
2020/10/19 05:16,1603055790,632822952,970232838
2020/10/19 05:15,1603055730,710485976,892569754
2020/10/19 05:14,1603055670,610121768,992933902
2020/10/19 05:13,1603055610,622358192,980697418
2020/10/19 05:12,1603055550,720786000,882269550
2020/10/19 05:11,1603055490,363427096,1239628394
2020/10/19 05:10,1603055430,902992936,700062494
2020/10/19 05:09,1603055370,285937648,1317117722
2020/10/19 05:08,1603055310,959044680,644010630
2020/10/19 05:07,1603055250,278696384,1324358866
2020/10/19 05:06,1603055190,586339168,1016716022
2020/10/19 05:05,1603055130,500978416,1102076714
2020/10/19 05:04,1603055070,367885640,1235169430
2020/10/19 05:03,1603055010,307289248,1295765762
2020/10/19 05:02,1603054950,202099568,1400955382
2020/10/19 05:01,1603054890,287872456,1315182434
2020/10/19 05:00,1603054830,410138328,1192916502
2020/10/19 04:59,1603054770,379742280,1223312490
2020/10/19 04:58,1603054710,496710232,1106344478
2020/10/19 04:57,1603054650,262606040,1340448610
2020/10/19 04:56,1603054590,234987328,1368067262
2020/10/19 04:55,1603054530,704174256,898880274
2020/10/19 04:54,1603054470,371380312,1231674158
2020/10/19 04:53,1603054410,287550072,1315504338
2020/10/19 04:52,1603054350,341468960,1261585390
2020/10/19 04:51,1603054290,216063576,1386990714
2020/10/19 04:50,1603054230,214049328,1389004902
2020/10/19 04:49,1603054170,251908096,1351146074
2020/10/19 04:48,1603054110,231621312,1371432798
2020/10/19 04:47,1603054050,517551952,1085502098
2020/10/19 04:46,1603053990,416482936,1186571054
2020/10/19 04:45,1603053930,686616496,916437434
2020/10/19 04:44,1603053870,591685272,1011368598
2020/10/19 04:43,1603053810,455281392,1147772418
2020/10/19 04:42,1603053750,438691064,1164362686
2020/10/19 04:41,1603053690,243324728,1359728962
2020/10/19 04:40,1603053630,372118896,1230934734
2020/10/19 04:39,1603053570,291572080,1311481490
2020/10/19 04:38,1603053510,403632048,1199421462
2020/10/19 04:37,1603053450,518238752,1084814698
2020/10/19 04:36,1603053390,364779568,1238273822
2020/10/19 04:35,1603053330,257918312,1345135018
2020/10/19 04:34,1603053270,220836216,1382217054
2020/10/19 04:33,1603053210,466317736,1136735474
2020/10/19 04:32,1603053150,632566152,970486998
2020/10/19 04:31,1603053090,724724600,878328490
2020/10/19 04:30,1603053030,373926408,1229126622
2020/10/19 04:29,1603052970,386659536,1216393434
2020/10/19 04:28,1603052910,335028992,1268023918
2020/10/19 04:27,1603052850,300589512,1302463338
2020/10/19 04:26,1603052790,407375504,1195677286
2020/10/19 04:25,1603052730,307422944,1295629786
2020/10/19 04:24,1603052670,813630576,789422094
2020/10/19 04:23,1603052610,651524296,951528314
2020/10/19 04:22,1603052550,480284128,1122768422
2020/10/19 04:21,1603052490,320626776,1282425714
2020/10/19 04:20,1603052430,506823696,1096228734
2020/10/19 04:19,1603052370,389683904,1213368466
2020/10/19 04:18,1603052310,223049272,1380003038
2020/10/19 04:17,1603052250,542698440,1060353810
2020/10/19 04:16,1603052190,671986280,931065910
2020/10/19 04:15,1603052130,220403792,1382648338
2020/10/19 04:14,1603052070,541112760,1061939310
2020/10/19 04:13,1603052010,466496544,1136555466
2020/10/19 04:12,1603051950,426657760,1176394190
2020/10/19 04:11,1603051890,771230200,831821690
2020/10/19 04:10,1603051830,646694048,956357782
2020/10/19 04:09,1603051770,756901688,846150082
2020/10/19 04:08,1603051710,755055872,847995838
2020/10/19 04:07,1603051650,204029776,1399021874
2020/10/19 04:06,1603051590,321189816,1281861774
2020/10/19 04:05,1603051530,399180416,1203871114
2020/10/19 04:04,1603051470,329514640,1273536830
2020/10/19 04:03,1603051410,322922352,1280129058
2020/10/19 04:02,1603051350,286649656,1316401694
2020/10/19 04:01,1603051290,404960376,1198090914
2020/10/19 04:00,1603051230,387211056,1215840174
2020/10/19 03:59,1603051170,206887000,1396164170
2020/10/19 03:58,1603051110,443278392,1159772718
2020/10/19 03:57,1603051050,462304616,1140746434
2020/10/19 03:56,1603050990,331047632,1272003358
2020/10/19 03:55,1603050930,478597640,1124453290
2020/10/19 03:54,1603050870,314716688,1288334182
2020/10/19 03:53,1603050810,455860192,1147190618
2020/10/19 03:52,1603050750,416667328,1186383422
2020/10/19 03:51,1603050690,599742520,1003308170
2020/10/19 03:50,1603050630,319287240,1283763390
2020/10/19 03:49,1603050570,295364672,1307685898
2020/10/19 03:48,1603050510,188026096,1415024414
2020/10/19 03:47,1603050450,160717952,1442332498
2020/10/19 03:46,1603050390,287879736,1315170654
2020/10/19 03:45,1603050330,234497176,1368553154
2020/10/19 03:44,1603050270,300689832,1302360438
2020/10/19 03:43,1603050210,355435416,1247614794
2020/10/19 03:42,1603050150,381025608,1222024542
2020/10/19 03:41,1603050090,240700632,1362349458
2020/10/19 03:40,1603050030,211547824,1391502206
2020/10/19 03:39,1603049970,272005408,1331044562
2020/10/19 03:38,1603049910,262180872,1340869038
2020/10/19 03:37,1603049850,242062784,1360987066
2020/10/19 03:36,1603049790,206659536,1396390254
2020/10/19 03:35,1603049730,394109680,1208940050
2020/10/19 03:34,1603049670,243745400,1359304270
2020/10/19 03:33,1603049610,304782056,1298267554
2020/10/19 03:32,1603049550,393734752,1209314798
2020/10/19 03:31,1603049490,266445344,1336604146
2020/10/19 03:30,1603049430,344247624,1258801806
2020/10/19 03:29,1603049370,267377760,1335671610
2020/10/19 03:28,1603049310,374101488,1228947822
2020/10/19 03:27,1603049250,250317048,1352732202
2020/10/19 03:26,1603049190,303679224,1299369966
2020/10/19 03:25,1603049130,193218368,1409830762
2020/10/19 03:24,1603049070,343279336,1259769734
2020/10/19 03:23,1603049010,413670200,1189378810
2020/10/19 03:22,1603048950,494337664,1108711286
2020/10/19 03:21,1603048890,304964648,1298084242
2020/10/19 03:20,1603048830,222464856,1380583974
2020/10/19 03:19,1603048770,219407264,1383641506
2020/10/19 03:18,1603048710,399459008,1203589702
2020/10/19 03:17,1603048650,252665624,1350383026
2020/10/19 03:16,1603048590,310637296,1292411294
2020/10/19 03:15,1603048530,268286840,1334761690
2020/10/19 03:14,1603048470,591344728,1011703742
2020/10/19 03:13,1603048410,264334136,1338714274
2020/10/19 03:12,1603048350,230840352,1372207998
2020/10/19 03:11,1603048290,155260720,1447787570
2020/10/19 03:10,1603048230,363067680,1239980550
2020/10/19 03:09,1603048170,248846272,1354201898
2020/10/19 03:08,1603048110,837227520,765820590
2020/10/19 03:07,1603048050,611579416,991468634
2020/10/19 03:06,1603047990,532447720,1070600270
2020/10/19 03:05,1603047930,475717072,1127330858
2020/10/19 03:04,1603047870,309141416,1293906454
2020/10/19 03:03,1603047810,448107336,1154940474
2020/10/19 03:02,1603047750,331727728,1271320022
2020/10/19 03:01,1603047690,346251624,1256796066
2020/10/19 03:00,1603047630,525208320,1077839310
2020/10/19 02:59,1603047570,334662120,1268385450
2020/10/19 02:58,1603047510,522780856,1080266654
2020/10/19 02:57,1603047450,352838976,1250208474
2020/10/19 02:56,1603047390,222912400,1380134990
2020/10/19 02:55,1603047330,255887968,1347159362
2020/10/19 02:54,1603047270,281328840,1321718430
2020/10/19 02:53,1603047210,305977416,1297069794
2020/10/19 02:52,1603047150,216066032,1386981118
2020/10/19 02:51,1603047090,154453120,1448593970
2020/10/19 02:50,1603047030,241443672,1361603358
2020/10/19 02:49,1603046970,268510440,1334536530
2020/10/19 02:48,1603046910,294995968,1308050942
2020/10/19 02:47,1603046850,203975936,1399070914
2020/10/19 02:46,1603046790,182391600,1420655190
2020/10/19 02:45,1603046730,231003968,1372042762
2020/10/19 02:44,1603046670,271105784,1331940886
2020/10/19 02:43,1603046610,439470592,1163576018
2020/10/19 02:42,1603046550,384944160,1218102390
2020/10/19 02:41,1603046490,210391432,1392655058
2020/10/19 02:40,1603046430,199451520,1403594910
2020/10/19 02:39,1603046370,395069584,1207976786
2020/10/19 02:38,1603046310,165932168,1437114142
2020/10/19 02:37,1603046250,406550048,1196496202
2020/10/19 02:36,1603046190,234767384,1368278806
2020/10/19 02:35,1603046130,360376832,1242669298
2020/10/19 02:34,1603046070,284657312,1318388758
2020/10/19 02:33,1603046010,189032464,1414013546
2020/10/19 02:32,1603045950,512056760,1090989190
2020/10/19 02:31,1603045890,160774632,1442271258
2020/10/19 02:30,1603045830,303876504,1299169326
2020/10/19 02:29,1603045770,383550408,1219495362
2020/10/19 02:28,1603045710,800835776,802209934
2020/10/19 02:27,1603045650,514322896,1088722754
2020/10/19 02:26,1603045590,265351552,1337694038
2020/10/19 02:25,1603045530,619570104,983475426
2020/10/19 02:24,1603045470,244270016,1358775454
2020/10/19 02:23,1603045410,374193104,1228852306
2020/10/19 02:22,1603045350,905713712,697331638
2020/10/19 02:21,1603045290,218060400,1384984890
2020/10/19 02:20,1603045230,314797032,1288248198
2020/10/19 02:19,1603045170,452865464,1150179706
2020/10/19 02:18,1603045110,351270600,1251774510
2020/10/19 02:17,1603045050,248640528,1354404522
2020/10/19 02:16,1603044990,508889528,1094155462
2020/10/19 02:15,1603044930,476192224,1126852706
2020/10/19 02:14,1603044871,631904616,971140255
2020/10/19 02:13,1603044810,307730744,1295314066
2020/10/19 02:12,1603044750,528520384,1074524366
2020/10/19 02:11,1603044690,318760816,1284283874
2020/10/19 02:10,1603044630,408284592,1194760038
2020/10/19 02:09,1603044570,231631272,1371413298
2020/10/19 02:08,1603044510,390092640,1212951870
2020/10/19 02:07,1603044450,389343224,1213701226
2020/10/19 02:06,1603044390,449944704,1153099686
2020/10/19 02:05,1603044330,191703184,1411341146
2020/10/19 02:04,1603044270,250188832,1352855438
2020/10/19 02:03,1603044210,245300760,1357743450
2020/10/19 02:02,1603044150,194440800,1408603350
2020/10/19 02:01,1603044090,227234936,1375809154
2020/10/19 02:00,1603044030,323551304,1279492726
2020/10/19 01:59,1603043970,270843264,1332200706
2020/10/19 01:58,1603043910,259692936,1343350974
2020/10/19 01:57,1603043850,228180584,1374863266
2020/10/19 01:56,1603043790,617763880,985279910
2020/10/19 01:55,1603043730,310979672,1292064058
2020/10/19 01:54,1603043670,546461448,1056582222
2020/10/19 01:53,1603043610,444253992,1158789618
2020/10/19 01:52,1603043550,254683792,1348359758
2020/10/19 01:51,1603043490,812227432,790816058
2020/10/19 01:50,1603043430,787012888,816030542
2020/10/19 01:49,1603043370,634019008,969024362
2020/10/19 01:48,1603043310,555411536,1047631774
2020/10/19 01:47,1603043250,463487176,1139556074
2020/10/19 01:46,1603043190,241620144,1361423046
2020/10/19 01:45,1603043130,189650736,1413392394
2020/10/19 01:44,1603043070,303765504,1299277566
2020/10/19 01:43,1603043010,406287616,1196755394
2020/10/19 01:42,1603042950,245934576,1357108374
2020/10/19 01:41,1603042890,330083056,1272959834
2020/10/19 01:40,1603042830,218208168,1384834662
2020/10/19 01:39,1603042770,149293752,1453749018
2020/10/19 01:38,1603042710,195917664,1407125046
2020/10/19 01:37,1603042650,288239176,1314803474
2020/10/19 01:36,1603042590,173601800,1429440790
2020/10/19 01:35,1603042530,286567408,1316475122
2020/10/19 01:34,1603042470,137820464,1465222006
2020/10/19 01:33,1603042410,260661816,1342380594
2020/10/19 01:32,1603042350,457297424,1145744926
2020/10/19 01:31,1603042290,449771512,1153270778
2020/10/19 01:30,1603042230,239087448,1363954782
2020/10/19 01:29,1603042170,375223216,1227818954
2020/10/19 01:28,1603042110,312053480,1290988630
2020/10/19 01:27,1603042050,447185232,1155856818
2020/10/19 01:26,1603041990,248712464,1354329526
2020/10/19 01:25,1603041930,653337848,949704082
2020/10/19 01:24,1603041870,551007480,1052034390
2020/10/19 01:23,1603041810,468505696,1134536114
2020/10/19 01:22,1603041750,338853192,1264188558
2020/10/19 01:21,1603041690,251302184,1351739506
2020/10/19 01:20,1603041630,527944408,1075097222
2020/10/19 01:19,1603041570,313151520,1289890050
2020/10/19 01:18,1603041510,820063080,782978430
2020/10/19 01:17,1603041450,457072912,1145968538
2020/10/19 01:16,1603041390,351951856,1251089534
2020/10/19 01:15,1603041330,420985504,1182055826
2020/10/19 01:14,1603041270,305719016,1297322254
2020/10/19 01:13,1603041210,233384872,1369656338
2020/10/19 01:12,1603041150,763777528,839263622
2020/10/19 01:11,1603041090,675888216,927152874
2020/10/19 01:10,1603041030,618067392,984973638
2020/10/19 01:09,1603040970,595053000,1007987970
2020/10/19 01:08,1603040910,433776936,1169263974
2020/10/19 01:07,1603040850,259877672,1343163178
2020/10/19 01:06,1603040790,149744152,1453296638
2020/10/19 01:05,1603040730,145347320,1457693410
2020/10/19 01:04,1603040670,291946184,1311094486
2020/10/19 01:03,1603040610,275501424,1327539186
2020/10/19 01:02,1603040550,456469760,1146570790
2020/10/19 01:01,1603040490,419573440,1183467050
2020/10/19 01:00,1603040430,345500480,1257539950
2020/10/19 00:59,1603040370,227979344,1375061026
2020/10/19 00:58,1603040310,458573728,1144466582
2020/10/19 00:57,1603040250,382589968,1220450282
2020/10/19 00:56,1603040190,364282168,1238758022
2020/10/19 00:55,1603040130,762720280,840319850
2020/10/19 00:54,1603040070,435426992,1167613078
2020/10/19 00:53,1603040010,243046512,1359993498
2020/10/19 00:52,1603039950,169098584,1433941366
2020/10/19 00:51,1603039890,308957024,1294082866
2020/10/19 00:50,1603039830,270758608,1332281222
2020/10/19 00:49,1603039770,122837040,1480202730
2020/10/19 00:48,1603039710,409172184,1193867526
2020/10/19 00:47,1603039650,260888296,1342151354
2020/10/19 00:46,1603039590,635839920,967199670
2020/10/19 00:45,1603039530,255793512,1347246018
2020/10/19 00:44,1603039470,335102832,1267936638
2020/10/19 00:43,1603039410,365684904,1237354506
2020/10/19 00:42,1603039350,363926312,1239113038
2020/10/19 00:41,1603039290,249613712,1353425578
2020/10/19 00:40,1603039230,294008664,1309030566
2020/10/19 00:39,1603039170,300289632,1302749538
2020/10/19 00:38,1603039110,219110104,1383929006
2020/10/19 00:37,1603039050,296498304,1306540746
2020/10/19 00:36,1603038990,114827016,1488211974
2020/10/19 00:35,1603038930,391538688,1211500242
2020/10/19 00:34,1603038870,443374104,1159664766
2020/10/19 00:33,1603038810,398717480,1204321330
2020/10/19 00:32,1603038750,207292312,1395746438
2020/10/19 00:31,1603038690,422336536,1180702154
2020/10/19 00:30,1603038630,215194512,1387844118
2020/10/19 00:29,1603038570,429548992,1173489578
2020/10/19 00:28,1603038510,221316640,1381721870
2020/10/19 00:27,1603038450,552863200,1050175250
2020/10/19 00:26,1603038390,371196624,1231841766
2020/10/19 00:25,1603038330,593087248,1009951082
2020/10/19 00:24,1603038270,341784096,1261254174
2020/10/19 00:23,1603038210,394896600,1208141610
2020/10/19 00:22,1603038150,408819704,1194218446
2020/10/19 00:21,1603038090,260592528,1342445562
2020/10/19 00:20,1603038030,313484688,1289553342
2020/10/19 00:19,1603037970,285268784,1317769186
2020/10/19 00:18,1603037910,256934720,1346103190
2020/10/19 00:17,1603037850,251309376,1351728474
2020/10/19 00:16,1603037790,361793064,1241244726
2020/10/19 00:15,1603037730,393349192,1209688538
2020/10/19 00:14,1603037670,235241632,1367796038
2020/10/19 00:13,1603037610,272798336,1330239274
2020/10/19 00:12,1603037550,372709952,1230327598
2020/10/19 00:11,1603037490,214157192,1388880298
2020/10/19 00:10,1603037430,552109856,1050927574
2020/10/19 00:09,1603037370,196385304,1406652066
2020/10/19 00:08,1603037310,828500392,774536918
2020/10/19 00:07,1603037250,239924296,1363112954
2020/10/19 00:06,1603037190,436992528,1166044662
2020/10/19 00:05,1603037130,476284128,1126753002
2020/10/19 00:04,1603037070,195156528,1407880542
2020/10/19 00:03,1603037010,362303320,1240733690
2020/10/19 00:02,1603036950,340972448,1262064502
2020/10/19 00:01,1603036890,275976568,1327060322
2020/10/19 00:00,1603036830,290667536,1312369294
2020/10/18 23:59,1603036770,479893480,1123143290
2020/10/18 23:58,1603036710,267190896,1335845814
2020/10/18 23:57,1603036650,408186856,1194849794
2020/10/18 23:56,1603036590,608677200,994359390
2020/10/18 23:55,1603036530,283871936,1319164594
2020/10/18 23:54,1603036470,433429056,1169607414
2020/10/18 23:53,1603036410,330432864,1272603546
2020/10/18 23:52,1603036350,361889232,1241147118
2020/10/18 23:51,1603036290,197917208,1405119082
2020/10/18 23:50,1603036230,231316000,1371720230
2020/10/18 23:49,1603036170,314297808,1288738362
2020/10/18 23:48,1603036110,220629600,1382406510
2020/10/18 23:47,1603036050,539485648,1063550402
2020/10/18 23:46,1603035990,426126048,1176909942
2020/10/18 23:45,1603035930,357687504,1245348426
2020/10/18 23:44,1603035870,252186920,1350848950
2020/10/18 23:43,1603035810,278529184,1324506626
2020/10/18 23:42,1603035750,339315352,1263720398
2020/10/18 23:41,1603035690,362549368,1240486322
2020/10/18 23:40,1603035630,225174120,1377861510
2020/10/18 23:39,1603035570,228090976,1374944594
2020/10/18 23:38,1603035510,296130936,1306904574
2020/10/18 23:37,1603035450,221008528,1382026922
2020/10/18 23:36,1603035390,209545864,1393489526
2020/10/18 23:35,1603035330,289456984,1313578346
2020/10/18 23:34,1603035270,197929584,1405105686
2020/10/18 23:33,1603035210,347048640,1255986570
2020/10/18 23:32,1603035150,380191792,1222843358
2020/10/18 23:31,1603035090,566836424,1036198666
2020/10/18 23:30,1603035030,117703472,1485331558
2020/10/18 23:29,1603034970,424866584,1178168386
2020/10/18 23:28,1603034910,213963200,1389071710
2020/10/18 23:27,1603034850,340919120,1262115730
2020/10/18 23:26,1603034790,308978952,1294055838
2020/10/18 23:25,1603034730,331217680,1271817050
2020/10/18 23:24,1603034670,174595600,1428439070
2020/10/18 23:23,1603034610,185549880,1417484730
2020/10/18 23:22,1603034550,171066104,1431968446
2020/10/18 23:21,1603034490,162096752,1440937738
2020/10/18 23:20,1603034430,208053584,1394980846
2020/10/18 23:19,1603034370,220675312,1382359058
2020/10/18 23:18,1603034310,501712152,1101322158
2020/10/18 23:17,1603034250,210389344,1392644906
2020/10/18 23:16,1603034190,538781408,1064252782
2020/10/18 23:15,1603034130,378752640,1224281490
2020/10/18 23:14,1603034070,267001312,1336032758
2020/10/18 23:13,1603034010,202647376,1400386634
2020/10/18 23:12,1603033950,258279808,1344754142
2020/10/18 23:11,1603033890,379676728,1223357162
2020/10/18 23:10,1603033830,556423352,1046610478
2020/10/18 23:09,1603033770,528364392,1074669378
2020/10/18 23:08,1603033710,315707344,1287326366
2020/10/18 23:07,1603033650,361437160,1241596490
2020/10/18 23:06,1603033590,318134992,1284898598
2020/10/18 23:05,1603033530,445335968,1157697562
2020/10/18 23:04,1603033470,262475104,1340558366
2020/10/18 23:03,1603033410,391002672,1212030738
2020/10/18 23:02,1603033350,243932120,1359101230
2020/10/18 23:01,1603033290,254932376,1348100914
2020/10/18 23:00,1603033230,116425088,1486608142
2020/10/18 22:59,1603033170,275145576,1327887594
2020/10/18 22:58,1603033110,356137528,1246895582
2020/10/18 22:57,1603033050,279017128,1324015922
2020/10/18 22:56,1603032990,217814200,1385218790
2020/10/18 22:55,1603032930,331828072,1271204858
2020/10/18 22:54,1603032870,205403136,1397629734
2020/10/18 22:53,1603032810,230139808,1372893002
2020/10/18 22:52,1603032750,402902168,1200130582
2020/10/18 22:51,1603032690,411130608,1191902082
2020/10/18 22:50,1603032630,162406088,1440626542
2020/10/18 22:49,1603032570,272952672,1330079898
2020/10/18 22:48,1603032510,447852944,1155179566
2020/10/18 22:47,1603032450,252155568,1350876882
2020/10/18 22:46,1603032390,222344432,1380687958
2020/10/18 22:45,1603032330,385388272,1217644058
2020/10/18 22:44,1603032270,276154256,1326878014
2020/10/18 22:43,1603032210,218154928,1384877282
2020/10/18 22:42,1603032150,338644264,1264387886
2020/10/18 22:41,1603032090,295133880,1307898210
2020/10/18 22:40,1603032030,208629776,1394402254
2020/10/18 22:39,1603031970,218465952,1384566018
2020/10/18 22:38,1603031910,287334912,1315696998
2020/10/18 22:37,1603031850,239543272,1363488578
2020/10/18 22:36,1603031790,219844072,1383187718
2020/10/18 22:35,1603031730,101945528,1501086202
2020/10/18 22:34,1603031670,440425928,1162605742
2020/10/18 22:33,1603031610,449715688,1153315922
2020/10/18 22:32,1603031550,317316424,1285715126
2020/10/18 22:31,1603031490,186740416,1416291074
2020/10/18 22:30,1603031430,372711888,1230319542
2020/10/18 22:29,1603031370,207268424,1395762946
2020/10/18 22:28,1603031310,215505264,1387526046
2020/10/18 22:27,1603031250,177001240,1426030010
2020/10/18 22:26,1603031190,165420240,1437610950
2020/10/18 22:25,1603031130,263261888,1339769242
2020/10/18 22:24,1603031070,181778352,1421252718
2020/10/18 22:23,1603031010,381569904,1221461106
2020/10/18 22:22,1603030950,167836680,1435194270
2020/10/18 22:21,1603030890,551332944,1051697946
2020/10/18 22:20,1603030830,412631680,1190399150
2020/10/18 22:19,1603030770,315685568,1287345202
2020/10/18 22:18,1603030710,531877608,1071153102
2020/10/18 22:17,1603030650,320425384,1282605266
2020/10/18 22:16,1603030590,115869568,1487161022
2020/10/18 22:15,1603030530,204127024,1398903506
2020/10/18 22:14,1603030470,142874368,1460156102
2020/10/18 22:13,1603030410,120443160,1482587250
2020/10/18 22:12,1603030350,171251032,1431779318
2020/10/18 22:11,1603030290,340511840,1262518450
2020/10/18 22:10,1603030230,208548048,1394482182
2020/10/18 22:09,1603030170,490269496,1112760674
2020/10/18 22:08,1603030110,252981592,1350048518
2020/10/18 22:07,1603030050,419840832,1183189218
2020/10/18 22:06,1603029990,144452728,1458577262
2020/10/18 22:05,1603029930,222939576,1380090354
2020/10/18 22:04,1603029870,334357832,1268672038
2020/10/18 22:03,1603029810,337224240,1265805570
2020/10/18 22:02,1603029750,323437792,1279591958
2020/10/18 22:01,1603029690,304760312,1298269378
2020/10/18 22:00,1603029630,258366816,1344662814
2020/10/18 21:59,1603029570,251292248,1351737322
2020/10/18 21:58,1603029511,94268392,1508761119
2020/10/18 21:57,1603029450,206400440,1396629010
2020/10/18 21:56,1603029390,300293136,1302736254
2020/10/18 21:55,1603029330,288369880,1314659450
2020/10/18 21:54,1603029270,173271184,1429758086
2020/10/18 21:53,1603029210,415022512,1188006698
2020/10/18 21:52,1603029150,223806864,1379222286
2020/10/18 21:51,1603029090,190097968,1412931122
2020/10/18 21:50,1603029030,234479288,1368549742
2020/10/18 21:49,1603028970,231316208,1371712762
2020/10/18 21:48,1603028910,89617328,1513411582
2020/10/18 21:47,1603028850,185140192,1417888658
2020/10/18 21:46,1603028790,284629056,1318399734
2020/10/18 21:45,1603028730,283581696,1319447034
2020/10/18 21:44,1603028670,347049272,1255979398
2020/10/18 21:43,1603028610,677031560,925997050
2020/10/18 21:42,1603028550,429998296,1173030254
2020/10/18 21:41,1603028490,417938392,1185090098
2020/10/18 21:40,1603028430,293453032,1309575398
2020/10/18 21:39,1603028370,214410272,1388618098
2020/10/18 21:38,1603028310,306805152,1296223158
2020/10/18 21:37,1603028250,541998352,1061029898
2020/10/18 21:36,1603028190,372879096,1230149094
2020/10/18 21:35,1603028130,223222840,1379805290
2020/10/18 21:34,1603028070,302210256,1300817814
2020/10/18 21:33,1603028010,209479976,1393548034
2020/10/18 21:32,1603027950,232463120,1370564830
2020/10/18 21:31,1603027890,212336968,1390690922
2020/10/18 21:30,1603027830,250983544,1352044286
2020/10/18 21:29,1603027770,305058984,1297968786
2020/10/18 21:28,1603027710,246682384,1356345326
2020/10/18 21:27,1603027650,342319616,1260708034
2020/10/18 21:26,1603027590,201807200,1401220390
2020/10/18 21:25,1603027530,216092728,1386934802
2020/10/18 21:24,1603027470,173603936,1429423534
2020/10/18 21:23,1603027410,180115880,1422911530
2020/10/18 21:22,1603027350,173118016,1429909334
2020/10/18 21:21,1603027290,164873976,1438153314
2020/10/18 21:20,1603027230,117182096,1485845134
2020/10/18 21:19,1603027170,288801560,1314225610
2020/10/18 21:18,1603027110,251631960,1351395150
2020/10/18 21:17,1603027050,280227120,1322799930
2020/10/18 21:16,1603026990,333214392,1269812598
2020/10/18 21:15,1603026930,308800840,1294226090
2020/10/18 21:14,1603026870,179064776,1423962094
2020/10/18 21:13,1603026810,165211784,1437815026
2020/10/18 21:12,1603026750,308195992,1294830758
2020/10/18 21:11,1603026690,236982960,1366043730
2020/10/18 21:10,1603026630,229586080,1373440550
2020/10/18 21:09,1603026570,255562152,1347464418
2020/10/18 21:08,1603026510,376422760,1226603750
2020/10/18 21:07,1603026450,303485904,1299540546
2020/10/18 21:06,1603026390,239413480,1363612910
2020/10/18 21:05,1603026330,365298160,1237728170
2020/10/18 21:04,1603026270,205531624,1397494646
2020/10/18 21:03,1603026210,255006448,1348019762
2020/10/18 21:02,1603026150,268969656,1334056494
2020/10/18 21:01,1603026090,106673080,1496353010
2020/10/18 21:00,1603026030,341847128,1261178902
2020/10/18 20:59,1603025970,193645784,1409380186
2020/10/18 20:58,1603025910,140671184,1462354726
2020/10/18 20:57,1603025850,369951528,1233074322
2020/10/18 20:56,1603025790,137752976,1465272814
2020/10/18 20:55,1603025730,368147752,1234877978
2020/10/18 20:54,1603025670,239647944,1363377726
2020/10/18 20:53,1603025610,433858104,1169167506
2020/10/18 20:52,1603025550,309050208,1293975342
2020/10/18 20:51,1603025490,464880736,1138144754
2020/10/18 20:50,1603025430,357313680,1245711750
2020/10/18 20:49,1603025370,315436696,1287588674
2020/10/18 20:48,1603025310,214757840,1388267470
2020/10/18 20:47,1603025250,326229752,1276795498
2020/10/18 20:46,1603025190,274344928,1328680262
2020/10/18 20:45,1603025130,428218952,1174806178
2020/10/18 20:44,1603025070,312783664,1290241406
2020/10/18 20:43,1603025010,307982304,1295042706
2020/10/18 20:42,1603024950,202995432,1400029518
2020/10/18 20:41,1603024890,267588520,1335436370
2020/10/18 20:40,1603024830,215417120,1387607710
2020/10/18 20:39,1603024770,263524488,1339500282
2020/10/18 20:38,1603024710,231378448,1371646262
2020/10/18 20:37,1603024650,311142152,1291882498
2020/10/18 20:36,1603024590,335714336,1267310254
2020/10/18 20:35,1603024530,201027544,1401996986
2020/10/18 20:34,1603024470,615095688,987928782
2020/10/18 20:33,1603024410,538714456,1064309954
2020/10/18 20:32,1603024350,510203528,1092820822
2020/10/18 20:31,1603024290,1843826472,-240802182
2020/10/18 20:30,1603024230,2125153632,-522129402
2020/10/18 20:29,1603024170,1957708024,-354683854
2020/10/18 20:28,1603024110,1770319584,-167295474
2020/10/18 20:27,1603024050,1549917648,53106402
2020/10/18 20:26,1603023991,1356139768,246884223
2020/10/18 20:25,1603023930,1446835328,156188602
2020/10/18 20:24,1603023870,2064984496,-461960626
2020/10/18 20:23,1603023810,1972738368,-369714558
2020/10/18 20:22,1603023750,1877451496,-274427746
2020/10/18 20:21,1603023690,2059599880,-456576190
2020/10/18 20:20,1603023630,1659488304,-56464674
2020/10/18 20:19,1603023570,1568382120,34641450
2020/10/18 20:18,1603023510,2073399840,-470376330
2020/10/18 20:17,1603023450,2147970520,-544947070
2020/10/18 20:16,1603023390,1913218992,-310195602
2020/10/18 20:15,1603023330,1501405280,101618050
2020/10/18 20:14,1603023270,1953742952,-350719682
2020/10/18 20:13,1603023210,1599429288,3593922
2020/10/18 20:12,1603023150,1529450536,73572614
2020/10/18 20:11,1603023090,1446610728,156412362
2020/10/18 20:10,1603023030,1434982432,168040598
2020/10/18 20:09,1603022970,1959876144,-356853174
2020/10/18 20:08,1603022910,1701968760,-98945850
2020/10/18 20:07,1603022850,2040179992,-437157142
2020/10/18 20:06,1603022790,1798582376,-195559586
2020/10/18 20:05,1603022730,1358837792,244184938
2020/10/18 20:04,1603022670,1978193232,-375170562
2020/10/18 20:03,1603022610,1952615944,-349593334
2020/10/18 20:02,1603022550,1843676528,-240653978
2020/10/18 20:01,1603022490,1729888288,-126865798
2020/10/18 20:00,1603022430,1751975544,-148953114
2020/10/18 19:59,1603022370,1594974792,8047578
2020/10/18 19:58,1603022310,1479696720,123325590
2020/10/18 19:57,1603022250,1388640448,214381802
2020/10/18 19:56,1603022190,1735429376,-132407186
2020/10/18 19:55,1603022130,1635543448,-32521318
2020/10/18 19:54,1603022070,1701243160,-98221090
2020/10/18 19:53,1603022010,1822501752,-219479742
2020/10/18 19:52,1603021950,1590670984,12350966
2020/10/18 19:51,1603021890,1549787224,53234666
2020/10/18 19:50,1603021830,1478042648,124979182
2020/10/18 19:49,1603021770,1347617944,255403826
2020/10/18 19:48,1603021710,1925902624,-322880914
2020/10/18 19:47,1603021650,1728539808,-125518158
2020/10/18 19:46,1603021590,1507349056,95672534
2020/10/18 19:45,1603021530,1426714512,176307018
2020/10/18 19:44,1603021470,1754079648,-151058178
2020/10/18 19:43,1603021410,1587646688,15374722
2020/10/18 19:42,1603021350,1930081456,-327060106
2020/10/18 19:41,1603021290,1867023696,-264002406
2020/10/18 19:40,1603021230,1749691320,-146670090
2020/10/18 19:39,1603021170,2155822840,-552801670
2020/10/18 19:38,1603021110,1949851472,-346830362
2020/10/18 19:37,1603021050,1859111496,-256090446
2020/10/18 19:36,1603020990,1735772440,-132751450
2020/10/18 19:35,1603020930,1623681720,-20660790
2020/10/18 19:34,1603020870,1479875672,123145198
2020/10/18 19:33,1603020810,1322577152,280443658
2020/10/18 19:32,1603020750,1485450336,117570414
2020/10/18 19:31,1603020690,1320145080,282875610
2020/10/18 19:30,1603020630,2016142384,-413121754
2020/10/18 19:29,1603020570,1738325744,-135305174
2020/10/18 19:28,1603020510,1920228600,-317208090
2020/10/18 19:27,1603020450,1681018920,-77998470
2020/10/18 19:26,1603020390,2027789544,-424769154
2020/10/18 19:25,1603020330,1692403264,-89382934
2020/10/18 19:24,1603020270,1517311560,85708710
2020/10/18 19:23,1603020210,1543790056,59230154
2020/10/18 19:22,1603020150,2064656288,-461636138
2020/10/18 19:21,1603020090,1917378752,-314358662
2020/10/18 19:20,1603020030,1755712616,-152692586
2020/10/18 19:19,1603019970,1577216168,25803802
2020/10/18 19:18,1603019910,1947914984,-344895074
2020/10/18 19:17,1603019850,2174537192,-571517342
2020/10/18 19:16,1603019790,1792523144,-189503354
2020/10/18 19:15,1603019730,1949737072,-346717342
2020/10/18 19:14,1603019670,1585548136,17471534
2020/10/18 19:13,1603019610,1557495648,45523962
2020/10/18 19:12,1603019550,1989020416,-386000866
2020/10/18 19:11,1603019490,2024956432,-421936942
2020/10/18 19:10,1603019430,1740340408,-137320978
2020/10/18 19:09,1603019370,1800041464,-197022094
2020/10/18 19:08,1603019310,2066699632,-463680322
2020/10/18 19:07,1603019250,1919407112,-316387862
2020/10/18 19:06,1603019190,1515513704,87505486
2020/10/18 19:05,1603019130,1366906920,236112210
2020/10/18 19:04,1603019070,1946555632,-343536562
2020/10/18 19:03,1603019010,1698494296,-95475286
2020/10/18 19:02,1603018950,1581108184,21910766
2020/10/18 19:01,1603018890,1812326912,-209308022
2020/10/18 19:00,1603018830,1478291328,124727502
2020/10/18 18:59,1603018770,1932978768,-329959998
2020/10/18 18:58,1603018710,1617201400,-14182690
2020/10/18 18:57,1603018650,1528219848,74798802
2020/10/18 18:56,1603018590,1319652784,283365806
2020/10/18 18:55,1603018530,1670819920,-67801390
2020/10/18 18:54,1603018470,1734684144,-131665674
2020/10/18 18:53,1603018410,1247781536,355236874
2020/10/18 18:52,1603018350,1980949824,-377931474
2020/10/18 18:51,1603018290,1643270032,-40251742
2020/10/18 18:50,1603018230,1507569832,95448398
2020/10/18 18:49,1603018170,2129611912,-526593742
2020/10/18 18:48,1603018110,1736114104,-133095994
2020/10/18 18:47,1603018050,1496559208,106458842
2020/10/18 18:46,1603017990,1916828952,-313810962
2020/10/18 18:45,1603017930,1333629368,269388562
2020/10/18 18:44,1603017870,1888457280,-285439410
2020/10/18 18:43,1603017810,1798655968,-195638158
2020/10/18 18:42,1603017750,1997017056,-393999306
2020/10/18 18:41,1603017690,1807152048,-204134358
2020/10/18 18:40,1603017630,2237407840,-634390210
2020/10/18 18:39,1603017570,2079239208,-476221638
2020/10/18 18:38,1603017510,2062420864,-459403354
2020/10/18 18:37,1603017450,1853335912,-250318462
2020/10/18 18:36,1603017390,1674173152,-71155762
2020/10/18 18:35,1603017330,1443299168,159718162
2020/10/18 18:34,1603017270,1940126072,-337108802
2020/10/18 18:33,1603017210,1669458848,-66441638
2020/10/18 18:32,1603017150,1809028992,-206011842
2020/10/18 18:31,1603017090,1727146248,-124129158
2020/10/18 18:30,1603017030,1692958248,-89941218
2020/10/18 18:29,1603016970,1658724888,-55707918
2020/10/18 18:28,1603016910,1452007352,151009558
2020/10/18 18:27,1603016850,1893664184,-290647334
2020/10/18 18:26,1603016790,1824112240,-221095450
2020/10/18 18:25,1603016730,1672851680,-69834950
2020/10/18 18:24,1603016670,1609600104,-6583434
2020/10/18 18:23,1603016610,1571863952,31152658
2020/10/18 18:22,1603016550,2032509656,-429493106
2020/10/18 18:21,1603016490,1954957856,-351941366
2020/10/18 18:20,1603016430,1719164904,-116148474
2020/10/18 18:19,1603016370,1497760488,105255882
2020/10/18 18:18,1603016310,1716628880,-113612570
2020/10/18 18:17,1603016250,1367637808,235378442
2020/10/18 18:16,1603016190,1835518736,-232502546
2020/10/18 18:15,1603016130,1468013536,135002594
2020/10/18 18:14,1603016070,1409642024,193374046
2020/10/18 18:13,1603016010,2033744664,-430728654
2020/10/18 18:12,1603015950,1956367520,-353351570
2020/10/18 18:11,1603015890,1790439280,-187423390
2020/10/18 18:10,1603015830,1564122040,38893790
2020/10/18 18:09,1603015770,1717362320,-114346550
2020/10/18 18:08,1603015710,1954111280,-351095570
2020/10/18 18:07,1603015650,1771472960,-168457310
2020/10/18 18:06,1603015590,1678538616,-75523026
2020/10/18 18:05,1603015530,1421080696,181934834
2020/10/18 18:04,1603015470,1243894024,359121446
2020/10/18 18:03,1603015410,1781458320,-178442910
2020/10/18 18:02,1603015350,1491486896,111528454
2020/10/18 18:01,1603015290,1610910880,-7895590
2020/10/18 18:00,1603015230,1761662824,-158647594
2020/10/18 17:59,1603015170,1618696296,-15681126
2020/10/18 17:58,1603015110,1534893192,68121918
2020/10/18 17:57,1603015050,1351761432,251253618
2020/10/18 17:56,1603014990,1985148752,-382133762
2020/10/18 17:55,1603014930,1698301960,-95287030
2020/10/18 17:54,1603014870,1495930192,107084678
2020/10/18 17:53,1603014810,1384527168,218487642
2020/10/18 17:52,1603014750,1623114320,-20099570
2020/10/18 17:51,1603014690,1496174640,106840050
2020/10/18 17:50,1603014630,1295293464,307721166
2020/10/18 17:49,1603014570,1698817568,-95802998
2020/10/18 17:48,1603014510,1715012008,-111997498
2020/10/18 17:47,1603014450,1721224232,-118209782
2020/10/18 17:46,1603014390,1636717528,-33703138
2020/10/18 17:45,1603014330,1407996208,195018122
2020/10/18 17:44,1603014270,1913282656,-310268386
2020/10/18 17:43,1603014210,1348836504,254177706
2020/10/18 17:42,1603014150,1805853760,-202839610
2020/10/18 17:41,1603014091,1754204408,-151190317
2020/10/18 17:40,1603014030,1718366376,-115352346
2020/10/18 17:39,1603013970,1628069304,-25055334
2020/10/18 17:38,1603013910,1439051808,163962102
2020/10/18 17:37,1603013850,1274446304,328567546
2020/10/18 17:36,1603013790,1865051264,-262037474
2020/10/18 17:35,1603013730,1772924256,-169910526
2020/10/18 17:34,1603013670,1776821712,-173808042
2020/10/18 17:33,1603013610,1420412592,182601018
2020/10/18 17:32,1603013550,1196530800,406482750
2020/10/18 17:31,1603013490,1536340232,66673258
2020/10/18 17:30,1603013430,1342922632,260090798
2020/10/18 17:29,1603013370,1338345352,264668018
2020/10/18 17:28,1603013310,1708395352,-105382042
2020/10/18 17:27,1603013250,1373189640,229823610
2020/10/18 17:26,1603013190,1946999576,-343986386
2020/10/18 17:25,1603013130,1333008856,270004274
2020/10/18 17:24,1603013070,1982947400,-379934330
2020/10/18 17:23,1603013010,1957436016,-354423006
2020/10/18 17:22,1603012950,1873594960,-270582010
2020/10/18 17:21,1603012890,1783556288,-180543398
2020/10/18 17:20,1603012830,1787796456,-184783626
2020/10/18 17:19,1603012770,1490510184,112502586
2020/10/18 17:18,1603012710,1976218440,-373205730
2020/10/18 17:17,1603012650,1691716576,-88703926
2020/10/18 17:16,1603012590,1896622288,-293609698
2020/10/18 17:15,1603012530,1811786520,-208773990
2020/10/18 17:14,1603012470,1700352704,-97340234
2020/10/18 17:13,1603012410,1765752024,-162739614
2020/10/18 17:12,1603012350,1395888856,207123494
2020/10/18 17:11,1603012290,1314219328,288792962
2020/10/18 17:10,1603012230,1437192168,165820062
2020/10/18 17:09,1603012170,1918829672,-315817502
2020/10/18 17:08,1603012110,1466834032,136178078
2020/10/18 17:07,1603012050,1544506360,58505690
2020/10/18 17:06,1603011990,1324646216,278365774
2020/10/18 17:05,1603011930,1890094504,-287082574
2020/10/18 17:04,1603011870,1328366216,274645654
2020/10/18 17:03,1603011810,1950068456,-347056646
2020/10/18 17:02,1603011750,1742865280,-139853530
2020/10/18 17:01,1603011690,1739056680,-136044990
2020/10/18 17:00,1603011630,1568276376,34735254
2020/10/18 16:59,1603011570,1426143904,176867666
2020/10/18 16:58,1603011510,1832902992,-229891482
2020/10/18 16:57,1603011450,1283482664,319528786
2020/10/18 16:56,1603011390,1910888192,-307876802
2020/10/18 16:55,1603011330,1612240616,-9229286
2020/10/18 16:54,1603011270,1781225048,-178213778
2020/10/18 16:53,1603011210,1635764512,-32753302
2020/10/18 16:52,1603011150,1423421056,179590094
2020/10/18 16:51,1603011090,1249680400,353330690
2020/10/18 16:50,1603011030,1749095824,-146084794
2020/10/18 16:49,1603010970,1598976608,4034362
2020/10/18 16:48,1603010910,2056463320,-453452410
2020/10/18 16:47,1603010850,1788886384,-185875534
2020/10/18 16:46,1603010790,1652375224,-49364434
2020/10/18 16:45,1603010730,1363715160,239295570
2020/10/18 16:44,1603010670,1252728936,350281734
2020/10/18 16:43,1603010610,1253821136,349189474
2020/10/18 16:42,1603010550,1654984896,-51974346
2020/10/18 16:41,1603010490,1931806088,-328795598
2020/10/18 16:40,1603010430,1603860688,-850258
2020/10/18 16:39,1603010370,1483305872,119704498
2020/10/18 16:38,1603010310,1913053688,-310043378
2020/10/18 16:37,1603010250,1368472448,234537802
2020/10/18 16:36,1603010190,1430956264,172053926
2020/10/18 16:35,1603010130,1645163624,-42153494
2020/10/18 16:34,1603010070,2170191480,-567181410
2020/10/18 16:33,1603010010,1584101200,18908810
2020/10/18 16:32,1603009950,1406019936,196990014
2020/10/18 16:31,1603009890,1573122368,29887522
2020/10/18 16:30,1603009830,1568244144,34765686
2020/10/18 16:29,1603009770,1446471184,156538586
2020/10/18 16:28,1603009710,1924023480,-321013770
2020/10/18 16:27,1603009650,1755660568,-152650918
2020/10/18 16:26,1603009590,1517997248,85012342
2020/10/18 16:25,1603009530,2196335968,-593326438
2020/10/18 16:24,1603009470,1823658088,-220648618
2020/10/18 16:23,1603009410,1706044384,-103034974
2020/10/18 16:22,1603009350,1443267296,159742054
2020/10/18 16:21,1603009290,1621958472,-18949182
2020/10/18 16:20,1603009230,1708806120,-105796890
2020/10/18 16:19,1603009170,1732800224,-129791054
2020/10/18 16:18,1603009110,1602571384,437726
2020/10/18 16:17,1603009050,1477867232,125141818
2020/10/18 16:16,1603008990,2116513216,-513504226
2020/10/18 16:15,1603008930,1851204160,-248195230
2020/10/18 16:14,1603008870,1369059312,233949558
2020/10/18 16:13,1603008810,1812272768,-209263958
2020/10/18 16:12,1603008750,1660536832,-57528082
2020/10/18 16:11,1603008690,1586052168,16956522
2020/10/18 16:10,1603008630,1478679936,124328694
2020/10/18 16:09,1603008570,1853607656,-250599086
2020/10/18 16:08,1603008510,1808839504,-205830994
2020/10/18 16:07,1603008450,1701798128,-98789678
2020/10/18 16:06,1603008390,1563737440,39270950
2020/10/18 16:05,1603008330,1821425720,-218417390
2020/10/18 16:04,1603008270,1543720544,59287726
2020/10/18 16:03,1603008210,1856256736,-253248526
2020/10/18 16:02,1603008150,1996659432,-393651282
2020/10/18 16:01,1603008090,1991560064,-388551974
2020/10/18 16:00,1603008030,1366479960,236528070
2020/10/18 15:59,1603007970,1935538728,-332530758
2020/10/18 15:58,1603007910,1447835256,155172654
2020/10/18 15:57,1603007850,1911185944,-308178094
2020/10/18 15:56,1603007790,1583068328,19939462
2020/10/18 15:55,1603007730,1986436928,-383429198
2020/10/18 15:54,1603007670,1350599616,252408054
2020/10/18 15:53,1603007610,2033703856,-430696246
2020/10/18 15:52,1603007550,1922912328,-319904778
2020/10/18 15:51,1603007490,1684235568,-81228078
2020/10/18 15:50,1603007430,1373505824,229501606
2020/10/18 15:49,1603007370,1815052168,-212044798
2020/10/18 15:48,1603007310,1640922160,-37914850
2020/10/18 15:47,1603007250,1744472488,-141465238
2020/10/18 15:46,1603007190,1570395320,32611870
2020/10/18 15:45,1603007130,1711523984,-108516854
2020/10/18 15:44,1603007070,1492857640,110149430
2020/10/18 15:43,1603007010,1276627904,326379106
2020/10/18 15:42,1603006950,2037643600,-434636650
2020/10/18 15:41,1603006890,1876222464,-273215574
2020/10/18 15:40,1603006830,1756621032,-153614202
2020/10/18 15:39,1603006770,1515690320,87316450
2020/10/18 15:38,1603006710,1590679536,12327174
2020/10/18 15:37,1603006650,1973945672,-370939022
2020/10/18 15:36,1603006590,1841857040,-238850450
2020/10/18 15:35,1603006530,1450786760,152219770
2020/10/18 15:34,1603006470,1645629528,-42623058
2020/10/18 15:33,1603006410,1475129864,127876546
2020/10/18 15:32,1603006350,1849411320,-246404970
2020/10/18 15:31,1603006290,1807382480,-204376190
2020/10/18 15:30,1603006230,1665596680,-62590450
2020/10/18 15:29,1603006170,1562657288,40348882
2020/10/18 15:28,1603006110,1601740192,1265918
2020/10/18 15:27,1603006050,1324224440,278781610
2020/10/18 15:26,1603005990,1969811880,-366805890
2020/10/18 15:25,1603005930,1711965296,-108959366
2020/10/18 15:24,1603005870,1506369384,96636486
2020/10/18 15:23,1603005810,1802969392,-199963582
2020/10/18 15:22,1603005750,1616189696,-13183946
2020/10/18 15:21,1603005690,1840916960,-237911270
2020/10/18 15:20,1603005630,1608361680,-5356050
2020/10/18 15:19,1603005570,1486584936,116420634
2020/10/18 15:18,1603005510,1390170496,212835014
2020/10/18 15:17,1603005450,1977593952,-374588502
2020/10/18 15:16,1603005390,1725781904,-122776514
2020/10/18 15:15,1603005330,1748564104,-145558774
2020/10/18 15:14,1603005270,1421077600,181927670
2020/10/18 15:13,1603005210,1854690664,-251685454
2020/10/18 15:12,1603005150,1718826608,-115821458
2020/10/18 15:11,1603005090,1460238000,142767090
2020/10/18 15:10,1603005030,1963433816,-360428786
2020/10/18 15:09,1603004970,1405483496,197521474
2020/10/18 15:08,1603004910,2013224984,-410220074
2020/10/18 15:07,1603004850,1441479248,161525602
2020/10/18 15:06,1603004790,1377160760,225844030
2020/10/18 15:05,1603004730,1911023344,-308018614
2020/10/18 15:04,1603004670,1687389648,-84384978
2020/10/18 15:03,1603004610,1266366464,336638146
2020/10/18 15:02,1603004550,1557853616,45150934
2020/10/18 15:01,1603004490,1356173448,246831042
2020/10/18 15:00,1603004430,1261013208,341991222
2020/10/18 14:59,1603004370,1926410248,-323405878
2020/10/18 14:58,1603004310,1555296448,47707862
2020/10/18 14:57,1603004250,1406918424,196085826
2020/10/18 14:56,1603004190,1881012552,-278008362
2020/10/18 14:55,1603004130,1524838704,78165426
2020/10/18 14:54,1603004070,1407276840,195727230
2020/10/18 14:53,1603004010,1894899048,-291895038
2020/10/18 14:52,1603003950,1836209560,-233205610
2020/10/18 14:51,1603003890,1927987336,-324983446
2020/10/18 14:50,1603003830,1929304176,-326300346
2020/10/18 14:49,1603003770,1709263752,-106259982
2020/10/18 14:48,1603003710,1543667920,59335790
2020/10/18 14:47,1603003650,1878754888,-275751238
2020/10/18 14:46,1603003590,1807473344,-204469754
2020/10/18 14:45,1603003530,1860466728,-257463198
2020/10/18 14:44,1603003470,1770551904,-167548434
2020/10/18 14:43,1603003410,1366447808,236555602
2020/10/18 14:42,1603003350,1646211376,-43208026
2020/10/18 14:41,1603003290,1516439032,86564258
2020/10/18 14:40,1603003230,1856604104,-253600874
2020/10/18 14:39,1603003170,1864991936,-261988766
2020/10/18 14:38,1603003110,1680777520,-77774410
2020/10/18 14:37,1603003050,1451936952,151066098
2020/10/18 14:36,1603002990,1697904488,-94901498
2020/10/18 14:35,1603002930,1460109848,142893082
2020/10/18 14:34,1603002870,1888287760,-285284890
2020/10/18 14:33,1603002810,1819542152,-216539342
2020/10/18 14:32,1603002750,1632855064,-29852314
2020/10/18 14:31,1603002690,1379087872,223914818
2020/10/18 14:30,1603002630,1875496336,-272493706
2020/10/18 14:29,1603002570,1780039000,-177036430
2020/10/18 14:28,1603002510,1431170064,171832446
2020/10/18 14:27,1603002450,1273354848,329647602
2020/10/18 14:26,1603002390,1478593632,124408758
2020/10/18 14:25,1603002330,1257376704,345625626
2020/10/18 14:24,1603002270,1724924104,-121921834
2020/10/18 14:23,1603002210,1592100088,10902122
2020/10/18 14:22,1603002150,1457609640,145392510
2020/10/18 14:21,1603002090,1250706256,352295834
2020/10/18 14:20,1603002030,1958702656,-355700626
2020/10/18 14:19,1603001970,1801406632,-198404662
2020/10/18 14:18,1603001910,1524978976,78022934
2020/10/18 14:17,1603001850,1922341384,-319339534
2020/10/18 14:16,1603001790,1999554376,-396552586
2020/10/18 14:15,1603001730,1477415408,125586322
2020/10/18 14:14,1603001670,2037175648,-434173978
2020/10/18 14:13,1603001610,1769748920,-166747310
2020/10/18 14:12,1603001550,1546018024,56983526
2020/10/18 14:11,1603001490,1409512984,193488506
2020/10/18 14:10,1603001430,1405101352,197900078
2020/10/18 14:09,1603001370,1876042104,-273040734
2020/10/18 14:08,1603001310,1947058984,-344057674
2020/10/18 14:07,1603001250,1791874272,-188873022
2020/10/18 14:06,1603001190,1624843384,-21842194
2020/10/18 14:05,1603001130,1451128096,151873034
2020/10/18 14:04,1603001070,1823261576,-220260506
2020/10/18 14:03,1603001010,1712067768,-109066758
2020/10/18 14:02,1603000950,1744115008,-141114058
2020/10/18 14:01,1603000890,1550563744,52437146
2020/10/18 14:00,1603000830,1585502784,17498046
2020/10/18 13:59,1603000770,1276888552,326112218
2020/10/18 13:58,1603000710,1393172368,209828342
2020/10/18 13:57,1603000650,1312035104,290965546
2020/10/18 13:56,1603000590,1649035480,-46034890
2020/10/18 13:55,1603000530,1467052064,135948466
2020/10/18 13:54,1603000470,1838537208,-235536738
2020/10/18 13:53,1603000410,1628114648,-25114238
2020/10/18 13:52,1603000350,1306090088,296910262
2020/10/18 13:51,1603000290,1788714088,-185713798
2020/10/18 13:50,1603000230,1411015712,191984518
2020/10/18 13:49,1603000170,1733458880,-130458710
2020/10/18 13:48,1603000110,1557731840,45268270
2020/10/18 13:47,1603000050,1424156072,178843978
2020/10/18 13:46,1602999990,1993160104,-390160114
2020/10/18 13:45,1602999930,1353735680,249264250
2020/10/18 13:44,1602999870,1554795624,48204246
2020/10/18 13:43,1602999810,1563352752,39647058
2020/10/18 13:42,1602999750,1304580648,298419102
2020/10/18 13:41,1602999690,1454542520,148457170
2020/10/18 13:40,1602999630,1327221520,275778110
2020/10/18 13:39,1602999570,1630159064,-27159494
2020/10/18 13:38,1602999510,1449894264,153105246
2020/10/18 13:37,1602999450,1663098048,-60098598
2020/10/18 13:36,1602999390,1577047376,25952014
2020/10/18 13:35,1602999330,1724056264,-121056934
2020/10/18 13:34,1602999270,1605505008,-2505738
2020/10/18 13:33,1602999210,1552138600,50860610
2020/10/18 13:32,1602999150,1487269160,115729990
2020/10/18 13:31,1602999090,1305638304,297360786
2020/10/18 13:30,1602999030,1356319808,246679222
2020/10/18 13:29,1602998970,1670170856,-67171886
2020/10/18 13:28,1602998910,1311703288,291295622
2020/10/18 13:27,1602998850,1705327552,-102328702
2020/10/18 13:26,1602998790,1246309472,356689318
2020/10/18 13:25,1602998730,1623407016,-20408286
2020/10/18 13:24,1602998670,1680424256,-77425586
2020/10/18 13:23,1602998610,1457273416,145725194
2020/10/18 13:22,1602998550,1511970328,91028222
2020/10/18 13:21,1602998490,1293896824,309101666
2020/10/18 13:20,1602998430,1321748968,281249462
2020/10/18 13:19,1602998370,1454760536,148237834
2020/10/18 13:18,1602998310,1722825904,-119827594
2020/10/18 13:17,1602998250,1779936592,-176938342
2020/10/18 13:16,1602998190,1671967208,-68969018
2020/10/18 13:15,1602998130,1558800376,44197754
2020/10/18 13:14,1602998070,1431359376,171638694
2020/10/18 13:13,1602998010,1465522480,137475530
2020/10/18 13:12,1602997950,1369269160,233728790
2020/10/18 13:11,1602997890,1965989976,-362992086
2020/10/18 13:10,1602997830,1794759040,-191761210
2020/10/18 13:09,1602997770,1638849912,-35852142
2020/10/18 13:08,1602997710,1600615328,2382382
2020/10/18 13:07,1602997650,1738041344,-135043694
2020/10/18 13:06,1602997590,1616843840,-13846250
2020/10/18 13:05,1602997530,1435744992,167252538
2020/10/18 13:04,1602997470,1631936424,-28938954
2020/10/18 13:03,1602997410,1378858752,224138658
2020/10/18 13:02,1602997350,1274154056,328843294
2020/10/18 13:01,1602997290,1539848944,63148346
2020/10/18 13:00,1602997230,1355961728,247035502
2020/10/18 12:59,1602997170,1871544712,-268547542
2020/10/18 12:58,1602997110,1628260968,-25263858
2020/10/18 12:57,1602997050,1364898408,238098642
2020/10/18 12:56,1602996990,1675776904,-72779914
2020/10/18 12:55,1602996930,1795385424,-192388494
2020/10/18 12:54,1602996870,1696384944,-93388074
2020/10/18 12:53,1602996810,1471125368,131871442
2020/10/18 12:52,1602996750,1356663824,246332926
2020/10/18 12:51,1602996690,1975998472,-373001782
2020/10/18 12:50,1602996630,1878723792,-275727162
2020/10/18 12:49,1602996570,1617017472,-14020902
2020/10/18 12:48,1602996510,1394833800,208162710
2020/10/18 12:47,1602996450,1253463592,349532858
2020/10/18 12:46,1602996390,1331861560,271134830
2020/10/18 12:45,1602996330,1652653992,-49657662
2020/10/18 12:44,1602996270,1797552536,-194556266
2020/10/18 12:43,1602996210,1216114592,386881618
2020/10/18 12:42,1602996150,1621701944,-18705794
2020/10/18 12:41,1602996090,1281804408,321191682
2020/10/18 12:40,1602996030,1154636992,448359038
2020/10/18 12:39,1602995970,1358365608,244630362
2020/10/18 12:38,1602995910,1712711384,-109715474
2020/10/18 12:37,1602995850,1467901440,135094410
2020/10/18 12:36,1602995790,1754054984,-151059194
2020/10/18 12:35,1602995730,1274384432,328611298
2020/10/18 12:34,1602995670,1471926896,131068774
2020/10/18 12:33,1602995610,1336302496,266693114
2020/10/18 12:32,1602995550,1403042544,199953006
2020/10/18 12:31,1602995490,1601442064,1553426
2020/10/18 12:30,1602995430,1530403216,72592214
2020/10/18 12:29,1602995370,1455716312,147279058
2020/10/18 12:28,1602995310,1223637696,379357614
2020/10/18 12:27,1602995250,1194935856,408059394
2020/10/18 12:26,1602995190,1503524408,99470782
2020/10/18 12:25,1602995130,1484235400,118759730
2020/10/18 12:24,1602995070,1866220960,-263225890
2020/10/18 12:23,1602995010,1623560992,-20565982
2020/10/18 12:22,1602994950,1504553888,98441062
2020/10/18 12:21,1602994890,1629964048,-26969158
2020/10/18 12:20,1602994830,1787197632,-184202802
2020/10/18 12:19,1602994770,1733797864,-130803094
2020/10/18 12:18,1602994710,1562462848,40531862
2020/10/18 12:17,1602994650,1798908200,-195913550
2020/10/18 12:16,1602994590,1449901568,153093022
2020/10/18 12:15,1602994530,1925744648,-322750118
2020/10/18 12:14,1602994470,1592077216,10917254
2020/10/18 12:13,1602994410,1524925576,78068834
2020/10/18 12:12,1602994350,1342902512,260091838
2020/10/18 12:11,1602994290,1310595864,292398426
2020/10/18 12:10,1602994230,1218140672,384853558
2020/10/18 12:09,1602994170,1663492464,-60498294
2020/10/18 12:08,1602994110,1581797520,21196590
2020/10/18 12:07,1602994050,1618844824,-15850774
2020/10/18 12:06,1602993990,1534360560,68633430
2020/10/18 12:05,1602993930,1662704360,-59710430
2020/10/18 12:04,1602993870,1181689560,421304310
2020/10/18 12:03,1602993810,1246341592,356652218
2020/10/18 12:02,1602993750,1481096480,121897270
2020/10/18 12:01,1602993690,1325082984,277910706
2020/10/18 12:00,1602993630,1441866040,161127590
2020/10/18 11:59,1602993570,1298399256,304594314
2020/10/18 11:58,1602993510,1332773424,270220086
2020/10/18 11:57,1602993450,1383798136,219195314
2020/10/18 11:56,1602993390,1174872312,428121078
2020/10/18 11:55,1602993330,1612256752,-9263422
2020/10/18 11:54,1602993270,1544167944,58825326
2020/10/18 11:53,1602993210,1412685384,190307826
2020/10/18 11:52,1602993150,1289711336,313281814
2020/10/18 11:51,1602993090,1359644216,243348874
2020/10/18 11:50,1602993030,1503948624,99044406
2020/10/18 11:49,1602992970,1322122320,280870650
2020/10/18 11:48,1602992910,1809618656,-206625746
2020/10/18 11:47,1602992850,1569058648,33934202
2020/10/18 11:46,1602992790,1456939392,146053398
2020/10/18 11:45,1602992730,1631592256,-28599526
2020/10/18 11:44,1602992670,1352865792,250126878
2020/10/18 11:43,1602992610,1721721712,-118729102
2020/10/18 11:42,1602992550,1444781616,158210934
2020/10/18 11:41,1602992490,1379782912,223209578
2020/10/18 11:40,1602992430,1478056000,124936430
2020/10/18 11:39,1602992370,1796866616,-193874246
2020/10/18 11:38,1602992310,1456290456,146701854
2020/10/18 11:37,1602992250,1899516344,-296524094
2020/10/18 11:36,1602992190,1616682760,-13690570
2020/10/18 11:35,1602992130,1436828128,166164002
2020/10/18 11:34,1602992070,1803290496,-200298426
2020/10/18 11:33,1602992010,1539498952,63493058
2020/10/18 11:32,1602991950,1702805216,-99813266
2020/10/18 11:31,1602991890,1444440784,158551106
2020/10/18 11:30,1602991830,1663373920,-60382090
2020/10/18 11:29,1602991770,1168141112,434850658
2020/10/18 11:28,1602991710,1583704976,19286734
2020/10/18 11:27,1602991650,1365736280,237255370
2020/10/18 11:26,1602991590,1312435776,290555814
2020/10/18 11:25,1602991530,1806226336,-203234806
2020/10/18 11:24,1602991470,1812531776,-209540306
2020/10/18 11:23,1602991410,1395912240,207079170
2020/10/18 11:22,1602991350,1798730632,-195739282
2020/10/18 11:21,1602991290,1760197672,-157206382
2020/10/18 11:20,1602991230,1601822080,1169150
2020/10/18 11:19,1602991170,1872292416,-269301246
2020/10/18 11:18,1602991110,2000311176,-397320066
2020/10/18 11:17,1602991050,1574135248,28855802
2020/10/18 11:16,1602990990,1430957152,172033838
2020/10/18 11:15,1602990930,1637143904,-34152974
2020/10/18 11:14,1602990870,1769066472,-166075602
2020/10/18 11:13,1602990810,1538414848,64575962
2020/10/18 11:12,1602990750,1441842328,161148422
2020/10/18 11:11,1602990690,1311306632,291684058
2020/10/18 11:10,1602990630,1642008896,-39018266
2020/10/18 11:09,1602990570,1788840352,-185849782
2020/10/18 11:08,1602990510,1418404288,184586222
2020/10/18 11:07,1602990450,1785433024,-182442574
2020/10/18 11:06,1602990390,1359319072,243671318
2020/10/18 11:05,1602990330,1799837560,-196847230
2020/10/18 11:04,1602990270,1629409872,-26419602
2020/10/18 11:03,1602990210,1606899816,-3909606
2020/10/18 11:02,1602990150,1356916384,246073766
2020/10/18 11:01,1602990090,2002168184,-399178094
2020/10/18 11:00,1602990030,1983442760,-380452730
2020/10/18 10:59,1602989970,1899722008,-296732038
2020/10/18 10:58,1602989910,1712900760,-109910850
2020/10/18 10:57,1602989850,1913842224,-310852374
2020/10/18 10:56,1602989790,1831729848,-228740058
2020/10/18 10:55,1602989730,1416337608,186652122
2020/10/18 10:54,1602989670,1594722448,8267222
2020/10/18 10:53,1602989610,1512351960,90637650
2020/10/18 10:52,1602989550,1400065104,202924446
2020/10/18 10:51,1602989490,1306294688,296694802
2020/10/18 10:50,1602989430,1652093088,-49103658
2020/10/18 10:49,1602989370,1808189040,-205199670
2020/10/18 10:48,1602989310,1441630824,161358486
2020/10/18 10:47,1602989250,1862660880,-259671630
2020/10/18 10:46,1602989190,1746579176,-143589986
2020/10/18 10:45,1602989130,1246790088,356199042
2020/10/18 10:44,1602989070,1711375576,-108386506
2020/10/18 10:43,1602989010,1465344480,137644530
2020/10/18 10:42,1602988950,1311386280,291602670
2020/10/18 10:41,1602988890,1244252616,358736274
2020/10/18 10:40,1602988830,1836390656,-233401826
2020/10/18 10:39,1602988770,1681709448,-78720678
2020/10/18 10:38,1602988710,1312646752,290341958
2020/10/18 10:37,1602988650,1778689632,-175700982
2020/10/18 10:36,1602988590,1217744424,385244166
2020/10/18 10:35,1602988530,1753591992,-150603462
2020/10/18 10:34,1602988470,1608775984,-5787514
2020/10/18 10:33,1602988410,1456231760,146756650
2020/10/18 10:32,1602988350,1339980592,263007758
2020/10/18 10:31,1602988290,1636469256,-33480966
2020/10/18 10:30,1602988230,1209356496,393631734
2020/10/18 10:29,1602988170,1673385952,-70397782
2020/10/18 10:28,1602988110,1363144136,239843974
2020/10/18 10:27,1602988050,1563465568,39522482
2020/10/18 10:26,1602987990,1381070224,221917766
2020/10/18 10:25,1602987930,1218024816,384963114
2020/10/18 10:24,1602987870,1841310736,-238322866
2020/10/18 10:23,1602987810,1733057480,-130069670
2020/10/18 10:22,1602987750,1169649384,433338366
2020/10/18 10:21,1602987690,1708027672,-105039982
2020/10/18 10:20,1602987630,1286606648,316380982
2020/10/18 10:19,1602987570,1573731608,29255962
2020/10/18 10:18,1602987510,1370077632,232909878
2020/10/18 10:17,1602987450,1435329264,167658186
2020/10/18 10:16,1602987390,1382158800,220828590
2020/10/18 10:15,1602987330,1445934216,157053114
2020/10/18 10:14,1602987270,1886100344,-283113074
2020/10/18 10:13,1602987210,1975629288,-372642078
2020/10/18 10:12,1602987150,1799731656,-196744506
2020/10/18 10:11,1602987090,1408155168,194831922
2020/10/18 10:10,1602987030,1320073464,282913566
2020/10/18 10:09,1602986970,1948365160,-345378190
2020/10/18 10:08,1602986910,1700574232,-97587322
2020/10/18 10:07,1602986850,1506025336,96961514
2020/10/18 10:06,1602986790,1287262544,315724246
2020/10/18 10:05,1602986730,1260192144,342794586
2020/10/18 10:04,1602986670,1571047992,31938678
2020/10/18 10:03,1602986610,1575783744,27202866
2020/10/18 10:02,1602986550,1440861872,162124678
2020/10/18 10:01,1602986490,1839066384,-236079894
2020/10/18 10:00,1602986430,1614481464,-11495034
2020/10/18 09:59,1602986370,1281387568,321598802
2020/10/18 09:58,1602986310,1985393840,-382407530
2020/10/18 09:57,1602986250,1744332320,-141346070
2020/10/18 09:56,1602986190,1599441472,3544718
2020/10/18 09:55,1602986130,1633508560,-30522430
2020/10/18 09:54,1602986070,1404251944,198734126
2020/10/18 09:53,1602986010,1339686304,263299706
2020/10/18 09:52,1602985950,1810659544,-207673594
2020/10/18 09:51,1602985890,1149019168,453966722
2020/10/18 09:50,1602985830,1204111944,398873886
2020/10/18 09:49,1602985770,1563937600,39048170
2020/10/18 09:48,1602985710,1447948408,155037302
2020/10/18 09:47,1602985650,1140188968,462796682
2020/10/18 09:46,1602985590,1259834560,343151030
2020/10/18 09:45,1602985530,1456356144,146629386
2020/10/18 09:44,1602985470,1822980584,-219995114
2020/10/18 09:43,1602985410,1703937760,-100952350
2020/10/18 09:42,1602985350,1625718048,-22732698
2020/10/18 09:41,1602985290,1288395008,314590282
2020/10/18 09:40,1602985230,1782153176,-179167946
2020/10/18 09:39,1602985170,1644909608,-41924438
2020/10/18 09:38,1602985110,1373107368,229877742
2020/10/18 09:37,1602985050,1819413696,-216428646
2020/10/18 09:36,1602984990,1640019984,-37034994
2020/10/18 09:35,1602984930,1355242512,247742418
2020/10/18 09:34,1602984870,1854387296,-251402426
2020/10/18 09:33,1602984810,1312919016,290065794
2020/10/18 09:32,1602984750,1199679496,403305254
2020/10/18 09:31,1602984690,1779106512,-176121822
2020/10/18 09:30,1602984630,1430802960,172181670
2020/10/18 09:29,1602984570,1705542176,-102557606
2020/10/18 09:28,1602984510,1419363304,183621206
2020/10/18 09:27,1602984450,1753960232,-150975782
2020/10/18 09:26,1602984390,1539822712,63161678
2020/10/18 09:25,1602984330,1758587152,-155602822
2020/10/18 09:24,1602984270,1390304792,212679478
2020/10/18 09:23,1602984211,1284216000,318768211
2020/10/18 09:22,1602984150,1258434920,344549230
2020/10/18 09:21,1602984090,1798589128,-195605038
2020/10/18 09:20,1602984030,1450556016,152428014
2020/10/18 09:19,1602983970,1604163432,-1179462
2020/10/18 09:18,1602983910,1272454992,330528918
2020/10/18 09:17,1602983850,1893078272,-290094422
2020/10/18 09:16,1602983790,1896496920,-293513130
2020/10/18 09:15,1602983730,1726768232,-123784502
2020/10/18 09:14,1602983670,1258377616,344606054
2020/10/18 09:13,1602983610,1747208456,-144224846
2020/10/18 09:12,1602983550,1518381664,84601886
2020/10/18 09:11,1602983490,1318940248,284043242
2020/10/18 09:10,1602983430,1744511696,-141528266
2020/10/18 09:09,1602983370,1600252120,2731250
2020/10/18 09:08,1602983310,1635712984,-32729674
2020/10/18 09:07,1602983250,1484689744,118293506
2020/10/18 09:06,1602983190,1929485376,-326502186
2020/10/18 09:05,1602983130,1436425312,166557818
2020/10/18 09:04,1602983070,1242196080,360786990
2020/10/18 09:03,1602983010,1382821680,220161330
2020/10/18 09:02,1602982950,1558872648,44110302
2020/10/18 09:01,1602982890,1769632184,-166649294
2020/10/18 09:00,1602982830,1448540976,154441854
2020/10/18 08:59,1602982770,1471593648,131389122
2020/10/18 08:58,1602982710,1884495864,-281513154
2020/10/18 08:57,1602982650,1359799320,243183330
2020/10/18 08:56,1602982590,1553190736,49791854
2020/10/18 08:55,1602982530,1216015056,386967474
2020/10/18 08:54,1602982470,1714994704,-112012234
2020/10/18 08:53,1602982410,1380348760,222633650
2020/10/18 08:52,1602982350,1707799976,-104817626
2020/10/18 08:51,1602982290,1559010712,43971578
2020/10/18 08:50,1602982230,1434832896,168149334
2020/10/18 08:49,1602982170,1238197384,364784786
2020/10/18 08:48,1602982110,1803282664,-200300554
2020/10/18 08:47,1602982050,1585780768,17201282
2020/10/18 08:46,1602981990,1608022856,-5040866
2020/10/18 08:45,1602981930,1886291984,-283310054
2020/10/18 08:44,1602981870,1340166720,262815150
2020/10/18 08:43,1602981810,1659304888,-56323078
2020/10/18 08:42,1602981750,1879946768,-276965018
2020/10/18 08:41,1602981690,1657728464,-54746774
2020/10/18 08:40,1602981630,1740369776,-137388146
2020/10/18 08:39,1602981570,1667794800,-64813230
2020/10/18 08:38,1602981510,1407596176,195385334
2020/10/18 08:37,1602981450,1201389008,401592442
2020/10/18 08:36,1602981390,1752104280,-149122890
2020/10/18 08:35,1602981330,1656175496,-53194166
2020/10/18 08:34,1602981270,1301356168,301625102
2020/10/18 08:33,1602981210,1931714336,-328733126
2020/10/18 08:32,1602981150,1745952960,-142971810
2020/10/18 08:31,1602981090,1581571616,21409474
2020/10/18 08:30,1602981030,1480064896,122916134
2020/10/18 08:29,1602980970,1279433384,323547586
2020/10/18 08:28,1602980910,1551974688,51006222
2020/10/18 08:27,1602980850,1433869096,169111754
2020/10/18 08:26,1602980790,1207425328,395555462
2020/10/18 08:25,1602980730,1132202440,470778290
2020/10/18 08:24,1602980670,1867196936,-264216266
2020/10/18 08:23,1602980610,1723735904,-120755294
2020/10/18 08:22,1602980550,1333621744,269358806
2020/10/18 08:21,1602980490,1287211656,315768834
2020/10/18 08:20,1602980430,1462166256,140814174
2020/10/18 08:19,1602980370,1519891384,83088986
2020/10/18 08:18,1602980310,1419679232,183301078
2020/10/18 08:17,1602980250,1982668424,-379688174
2020/10/18 08:16,1602980190,1732693240,-129713050
2020/10/18 08:15,1602980130,1510554848,92425282
2020/10/18 08:14,1602980070,1500175720,102804350
2020/10/18 08:13,1602980010,1356774888,246205122
2020/10/18 08:12,1602979950,1817647496,-214667546
2020/10/18 08:11,1602979890,1555909584,47070306
2020/10/18 08:10,1602979830,1417279120,185700710
2020/10/18 08:09,1602979770,1260217848,342761922
2020/10/18 08:08,1602979710,1794074584,-191094874
2020/10/18 08:07,1602979650,1479486224,123493426
2020/10/18 08:06,1602979590,1314280280,288699310
2020/10/18 08:05,1602979530,1522637912,80341618
2020/10/18 08:04,1602979470,1283456992,319522478
2020/10/18 08:03,1602979410,1905106664,-302127254
2020/10/18 08:02,1602979350,1858083072,-255103722
2020/10/18 08:01,1602979290,1849805112,-246825822
2020/10/18 08:00,1602979230,1724123256,-121144026
2020/10/18 07:59,1602979170,1441334624,161644546
2020/10/18 07:58,1602979110,1284426800,318552310
2020/10/18 07:57,1602979050,1385244936,217734114
2020/10/18 07:56,1602978990,1963137496,-360158506
2020/10/18 07:55,1602978930,1927399272,-324420342
2020/10/18 07:54,1602978870,1800324024,-197345154
2020/10/18 07:53,1602978810,1649861056,-46882246
2020/10/18 07:52,1602978750,1476614784,126363966
2020/10/18 07:51,1602978690,1611755368,-8776678
2020/10/18 07:50,1602978630,1746437792,-143459162
2020/10/18 07:49,1602978570,1596512008,6466562
2020/10/18 07:48,1602978510,1244226464,358752046
2020/10/18 07:47,1602978450,1622573280,-19594830
2020/10/18 07:46,1602978390,1443551072,159427318
2020/10/18 07:45,1602978330,1507477352,95500978
2020/10/18 07:44,1602978270,1338703616,264274654
2020/10/18 07:43,1602978210,1278365120,324613090
2020/10/18 07:42,1602978150,1815749656,-212771506
2020/10/18 07:41,1602978090,1322946848,280031242
2020/10/18 07:40,1602978030,1522847824,80130206
2020/10/18 07:39,1602977970,1808708568,-205730598
2020/10/18 07:38,1602977910,1340239568,262738342
2020/10/18 07:37,1602977850,1123263472,479714378
2020/10/18 07:36,1602977790,1388554776,214423014
2020/10/18 07:35,1602977730,1151579256,451398474
2020/10/18 07:34,1602977670,1788828712,-185851042
2020/10/18 07:33,1602977610,1322958256,280019354
2020/10/18 07:32,1602977550,1556565584,46411966
2020/10/18 07:31,1602977490,1147246592,455730898
2020/10/18 07:30,1602977430,1212519928,390457502
2020/10/18 07:29,1602977370,1574158000,28819370
2020/10/18 07:28,1602977310,1291162216,311815094
2020/10/18 07:27,1602977250,1711750648,-108773398
2020/10/18 07:26,1602977190,1748613424,-145636234
2020/10/18 07:25,1602977130,1365406888,237570242
2020/10/18 07:24,1602977070,1173544352,429432718
2020/10/18 07:23,1602977010,1589282336,13694674
2020/10/18 07:22,1602976950,1345006704,257970246
2020/10/18 07:21,1602976890,1632887752,-29910862
2020/10/18 07:20,1602976830,1461765672,141211158
2020/10/18 07:19,1602976770,1701978760,-99001990
2020/10/18 07:18,1602976710,1644678328,-41701618
2020/10/18 07:17,1602976650,1448618056,154358594
2020/10/18 07:16,1602976590,1297780296,305196294
2020/10/18 07:15,1602976530,1673808512,-70831982
2020/10/18 07:14,1602976470,1571768408,31208062
2020/10/18 07:13,1602976410,1398133160,204843250
2020/10/18 07:12,1602976350,1840322896,-237346546
2020/10/18 07:11,1602976290,1968652752,-365676462
2020/10/18 07:10,1602976230,1357420288,245555942
2020/10/18 07:09,1602976170,1486285568,116690602
2020/10/18 07:08,1602976110,1437823608,165152502
2020/10/18 07:07,1602976050,1351666248,251309802
2020/10/18 07:06,1602975990,1855744872,-252768882
2020/10/18 07:05,1602975930,1307264824,295711106
2020/10/18 07:04,1602975870,1188875800,414100070
2020/10/18 07:03,1602975810,2003749128,-400773318
2020/10/18 07:02,1602975750,1819428432,-216452682
2020/10/18 07:01,1602975690,1250042208,352933482
2020/10/18 07:00,1602975630,1485792320,117183310
2020/10/18 06:59,1602975570,1471007752,131967818
2020/10/18 06:58,1602975510,1645339176,-42363666
2020/10/18 06:57,1602975450,1765039120,-162063670
2020/10/18 06:56,1602975390,1580991680,21983710
2020/10/18 06:55,1602975330,1338551160,264424170
2020/10/18 06:54,1602975270,1240188536,362786734
2020/10/18 06:53,1602975210,1416388376,186586834
2020/10/18 06:52,1602975150,1787942928,-184967778
2020/10/18 06:51,1602975090,1513671968,89303122
2020/10/18 06:50,1602975030,1230567040,372407990
2020/10/18 06:49,1602974970,1679004456,-76029486
2020/10/18 06:48,1602974910,1426032584,176942326
2020/10/18 06:47,1602974850,1238679344,364295506
2020/10/18 06:46,1602974790,1543854600,59120190
2020/10/18 06:45,1602974730,1415639800,187334930
2020/10/18 06:44,1602974670,1451677112,151297558
2020/10/18 06:43,1602974610,1557976288,44998322
2020/10/18 06:42,1602974550,1221681592,381292958
2020/10/18 06:41,1602974490,1175888176,427086314
2020/10/18 06:40,1602974430,1596123400,6851030
2020/10/18 06:39,1602974370,1502791400,100182970
2020/10/18 06:38,1602974310,1332351984,270622326
2020/10/18 06:37,1602974250,1715786344,-112812094
2020/10/18 06:36,1602974190,1593353656,9620534
2020/10/18 06:35,1602974130,1496564352,106409778
2020/10/18 06:34,1602974070,1340633808,262340262
2020/10/18 06:33,1602974010,1512510616,90463394
2020/10/18 06:32,1602973950,1709399720,-106425770
2020/10/18 06:31,1602973890,1845653056,-242679166
2020/10/18 06:30,1602973830,1715901568,-112927738
2020/10/18 06:29,1602973770,1566297760,36676010
2020/10/18 06:28,1602973710,1271597480,331376230
2020/10/18 06:27,1602973650,1595353880,7619770
2020/10/18 06:26,1602973590,1469616384,133357206
2020/10/18 06:25,1602973530,1208834448,394139082
2020/10/18 06:24,1602973470,1867057504,-264084034
2020/10/18 06:23,1602973410,1577406064,25567346
2020/10/18 06:22,1602973350,1455860568,147112782
2020/10/18 06:21,1602973290,1405230296,197742994
2020/10/18 06:20,1602973230,1706735016,-103761786
2020/10/18 06:19,1602973170,1678090352,-75117182
2020/10/18 06:18,1602973110,1467250336,135722774
2020/10/18 06:17,1602973050,1796415152,-193442102
2020/10/18 06:16,1602972990,1687550336,-84577346
2020/10/18 06:15,1602972930,1597498448,5474482
2020/10/18 06:14,1602972870,1562052920,40919950
2020/10/18 06:13,1602972810,1521756392,81216418
2020/10/18 06:12,1602972750,1371845464,231127286
2020/10/18 06:11,1602972690,1283484856,319487834
2020/10/18 06:10,1602972630,1185511736,417460894
2020/10/18 06:09,1602972570,1512119784,90852786
2020/10/18 06:08,1602972510,1270128384,332844126
2020/10/18 06:07,1602972450,1853445048,-250472598
2020/10/18 06:06,1602972390,1760556328,-157583938
2020/10/18 06:05,1602972330,1122412304,480560026
2020/10/18 06:04,1602972270,1356001232,246971038
2020/10/18 06:03,1602972210,1705620000,-102647790
2020/10/18 06:02,1602972150,1756486552,-153514402
2020/10/18 06:01,1602972090,1723674456,-120702366
2020/10/18 06:00,1602972030,1545899992,57072038
2020/10/18 05:59,1602971970,1702422360,-99450390
2020/10/18 05:58,1602971910,1618163488,-15191578
2020/10/18 05:57,1602971850,1699314904,-96343054
2020/10/18 05:56,1602971790,1647839912,-44868122
2020/10/18 05:55,1602971730,1768791880,-165820150
2020/10/18 05:54,1602971670,1605647928,-2676258
2020/10/18 05:53,1602971610,1519559072,83412538
2020/10/18 05:52,1602971550,1427772968,175198582
2020/10/18 05:51,1602971490,1785837456,-182865966
2020/10/18 05:50,1602971430,1621792896,-18821466
2020/10/18 05:49,1602971370,1425602104,177369266
2020/10/18 05:48,1602971310,1589783624,13187686
2020/10/18 05:47,1602971250,1303944224,299027026
2020/10/18 05:46,1602971190,1748905144,-145933954
2020/10/18 05:45,1602971130,1238424152,364546978
2020/10/18 05:44,1602971070,1734639240,-131668170
2020/10/18 05:43,1602971010,1827646152,-224675142
2020/10/18 05:42,1602970950,1477525648,125445302
2020/10/18 05:41,1602970890,1608339360,-5368470
2020/10/18 05:40,1602970830,1309371208,293599622
2020/10/18 05:39,1602970770,1172737368,430233402
2020/10/18 05:38,1602970710,1196436432,406534278
2020/10/18 05:37,1602970650,1391200528,211770122
2020/10/18 05:36,1602970590,1220668456,382302134
2020/10/18 05:35,1602970530,1710990152,-108019622
2020/10/18 05:34,1602970470,1689615480,-86645010
2020/10/18 05:33,1602970410,1624196928,-21226518
2020/10/18 05:32,1602970350,1525607936,77362414
2020/10/18 05:31,1602970290,1206739632,396230658
2020/10/18 05:30,1602970230,1569761104,33209126
2020/10/18 05:29,1602970170,1505394328,97575842
2020/10/18 05:28,1602970110,1251245648,351724462
2020/10/18 05:27,1602970050,1677930792,-74960742
2020/10/18 05:26,1602969990,1586589480,16380510
2020/10/18 05:25,1602969930,1405675008,197294922
2020/10/18 05:24,1602969870,1863993240,-261023370
2020/10/18 05:23,1602969810,1632854664,-29884854
2020/10/18 05:22,1602969750,1814485888,-211516138
2020/10/18 05:21,1602969690,1373798160,229171530
2020/10/18 05:20,1602969630,1623838856,-20869226
2020/10/18 05:19,1602969570,1416579656,186389914
2020/10/18 05:18,1602969510,1710502016,-107532506
2020/10/18 05:17,1602969450,1614641472,-11672022
2020/10/18 05:16,1602969390,1525092016,77877374
2020/10/18 05:15,1602969330,1473366104,129603226
2020/10/18 05:14,1602969270,1303054440,299914830
2020/10/18 05:13,1602969210,1227701176,375268034
2020/10/18 05:12,1602969150,1774742920,-171773770
2020/10/18 05:11,1602969090,1724262928,-121293838
2020/10/18 05:10,1602969030,1676679312,-73710282
2020/10/18 05:09,1602968970,1617843112,-14874142
2020/10/18 05:08,1602968910,1795099920,-192131010
2020/10/18 05:07,1602968850,1677030232,-74061382
2020/10/18 05:06,1602968790,1632331272,-29362482
2020/10/18 05:05,1602968730,1550486984,52481746
2020/10/18 05:04,1602968670,1866297176,-263328506
2020/10/18 05:03,1602968610,1518311016,84657594
2020/10/18 05:02,1602968550,1351142056,251826494
2020/10/18 05:01,1602968490,1107930856,495037634
2020/10/18 05:00,1602968430,1861942592,-258974162
2020/10/18 04:59,1602968370,1776515048,-173546678
2020/10/18 04:58,1602968310,1509297504,93670806
2020/10/18 04:57,1602968250,1679192000,-76223750
2020/10/18 04:56,1602968190,1432416768,170551422
2020/10/18 04:55,1602968130,1428594968,174373162
2020/10/18 04:54,1602968070,1281561192,321406878
2020/10/18 04:53,1602968010,1561258344,41709666
2020/10/18 04:52,1602967950,1329011976,273955974
2020/10/18 04:51,1602967890,1078769512,524198378
2020/10/18 04:50,1602967830,1477408816,125559014
2020/10/18 04:49,1602967770,1131866752,471101018
2020/10/18 04:48,1602967710,1732151552,-129183842
2020/10/18 04:47,1602967650,1083008608,519959042
2020/10/18 04:46,1602967590,1774596608,-171629018
2020/10/18 04:45,1602967530,1663177768,-60210238
2020/10/18 04:44,1602967470,1401017960,201949510
2020/10/18 04:43,1602967410,1517188248,85779162
2020/10/18 04:42,1602967350,1295049256,307918094
2020/10/18 04:41,1602967290,1254824912,348142378
2020/10/18 04:40,1602967230,1324287608,278679622
2020/10/18 04:39,1602967170,1543417432,59549738
2020/10/18 04:38,1602967110,1310450672,292516438
2020/10/18 04:37,1602967050,1402493512,200473538
2020/10/18 04:36,1602966990,1299266376,303700614
2020/10/18 04:35,1602966930,1189052040,413914890
2020/10/18 04:34,1602966870,1724759312,-121792442
2020/10/18 04:33,1602966810,1322328480,280638330
2020/10/18 04:32,1602966750,1150318184,452648566
2020/10/18 04:31,1602966690,1594186280,8780410
2020/10/18 04:30,1602966630,1293875328,309091302
2020/10/18 04:29,1602966570,1138955696,464010874
2020/10/18 04:28,1602966510,1687680744,-84714234
2020/10/18 04:27,1602966450,1680546360,-77579910
2020/10/18 04:26,1602966390,1684472160,-81505770
2020/10/18 04:25,1602966330,1520237088,82729242
2020/10/18 04:24,1602966270,1409400856,193565414
2020/10/18 04:23,1602966210,1326992320,275973890
2020/10/18 04:22,1602966150,1580881024,22085126
2020/10/18 04:21,1602966090,1492362008,110604082
2020/10/18 04:20,1602966030,1402840888,200125142
2020/10/18 04:19,1602965970,1236699336,366266634
2020/10/18 04:18,1602965910,1264103792,338862118
2020/10/18 04:17,1602965850,1309247704,293718146
2020/10/18 04:16,1602965790,1236922872,366042918
2020/10/18 04:15,1602965730,1304569104,298396626
2020/10/18 04:14,1602965670,1740671240,-137705570
2020/10/18 04:13,1602965610,1411445048,191520562
2020/10/18 04:12,1602965550,1457935272,145030278
2020/10/18 04:11,1602965490,1837418824,-234453334
2020/10/18 04:10,1602965430,1386400376,216565054
2020/10/18 04:09,1602965370,1759232856,-156267486
2020/10/18 04:08,1602965310,1536313368,66651942
2020/10/18 04:07,1602965250,1374035136,228930114
2020/10/18 04:06,1602965190,1914999520,-312034330
2020/10/18 04:05,1602965130,1799815592,-196850462
2020/10/18 04:04,1602965070,1341126664,261838406
2020/10/18 04:03,1602965010,1454747960,148217050
2020/10/18 04:02,1602964950,1182809712,420155238
2020/10/18 04:01,1602964890,1358769608,244195282
2020/10/18 04:00,1602964830,1670478224,-67513394
2020/10/18 03:59,1602964770,1597440504,5524266
2020/10/18 03:58,1602964710,1385795216,217169494
2020/10/18 03:57,1602964650,1755766496,-152801846
2020/10/18 03:56,1602964590,1115556704,487407886
2020/10/18 03:55,1602964530,1716122272,-113157742
2020/10/18 03:54,1602964470,1482507040,120457430
2020/10/18 03:53,1602964410,1616317320,-13352910
2020/10/18 03:52,1602964350,1697607144,-94642794
2020/10/18 03:51,1602964290,1498347776,104616514
2020/10/18 03:50,1602964230,1468901176,134063054
2020/10/18 03:49,1602964170,1322588528,280375642
2020/10/18 03:48,1602964110,1883913296,-280949186
2020/10/18 03:47,1602964050,1650492416,-47528366
2020/10/18 03:46,1602963990,1598231992,4731998
2020/10/18 03:45,1602963930,1236453752,366510178
2020/10/18 03:44,1602963870,1835068976,-232105106
2020/10/18 03:43,1602963810,1719257248,-116293438
2020/10/18 03:42,1602963750,1331006712,271957038
2020/10/18 03:41,1602963690,1696927080,-93963390
2020/10/18 03:40,1602963630,1606818248,-3854618
2020/10/18 03:39,1602963570,1446163736,156799834
2020/10/18 03:38,1602963510,1438195840,164767670
2020/10/18 03:37,1602963450,1662677216,-59713766
2020/10/18 03:36,1602963390,1623776328,-20812938
2020/10/18 03:35,1602963330,1384638512,218324818
2020/10/18 03:34,1602963270,1443801416,159161854
2020/10/18 03:33,1602963210,1209967168,392996042
2020/10/18 03:32,1602963150,1309393256,293569894
2020/10/18 03:31,1602963090,1707887616,-104924526
2020/10/18 03:30,1602963030,1173803544,429159486
2020/10/18 03:29,1602962970,1115359584,487603386
2020/10/18 03:28,1602962910,1467666232,135296678
2020/10/18 03:27,1602962850,1781304808,-178341958
2020/10/18 03:26,1602962790,1639499592,-36536802
2020/10/18 03:25,1602962730,1422484920,180477810
2020/10/18 03:24,1602962670,1530148128,72814542
2020/10/18 03:23,1602962610,1206882032,396080578
2020/10/18 03:22,1602962550,1108853496,494109054
2020/10/18 03:21,1602962490,1279446456,323516034
2020/10/18 03:20,1602962430,1112240984,490721446
2020/10/18 03:19,1602962370,1635743288,-32780918
2020/10/18 03:18,1602962310,1634991152,-32028842
2020/10/18 03:17,1602962250,1222743576,380218674
2020/10/18 03:16,1602962190,1376486656,226475534
2020/10/18 03:15,1602962130,1769662360,-166700230
2020/10/18 03:14,1602962070,1496055912,106906158
2020/10/18 03:13,1602962010,1306881736,296080274
2020/10/18 03:12,1602961950,1302805760,300156190
2020/10/18 03:11,1602961890,1550437640,52524250
2020/10/18 03:10,1602961830,1477822480,125139350
2020/10/18 03:09,1602961770,1151643728,451318042
2020/10/18 03:08,1602961710,1691467536,-88505826
2020/10/18 03:07,1602961650,1472270176,130691474
2020/10/18 03:06,1602961590,1282758440,320203150
2020/10/18 03:05,1602961530,1770958624,-167997094
2020/10/18 03:04,1602961470,1097811728,505149742
2020/10/18 03:03,1602961410,1115837720,487123690
2020/10/18 03:02,1602961350,1674873928,-71912578
2020/10/18 03:01,1602961290,1422249448,180711842
2020/10/18 03:00,1602961230,1647191280,-44230050
2020/10/18 02:59,1602961170,1605529280,-2568110
2020/10/18 02:58,1602961110,1514585720,88375390
2020/10/18 02:57,1602961050,1920217808,-317256758
2020/10/18 02:56,1602960990,1426609384,176351606
2020/10/18 02:55,1602960930,1421651704,181309226
2020/10/18 02:54,1602960870,1267185128,335775742
2020/10/18 02:53,1602960810,1497187064,105773746
2020/10/18 02:52,1602960750,1299032976,303927774
2020/10/18 02:51,1602960690,1256028768,346931922
2020/10/18 02:50,1602960630,1339321168,263639462
2020/10/18 02:49,1602960570,1477130512,125830058
2020/10/18 02:48,1602960510,1572827088,30133422
2020/10/18 02:47,1602960450,1149270736,453689714
2020/10/18 02:46,1602960390,1097866168,505094222
2020/10/18 02:45,1602960330,1438804144,164156186
2020/10/18 02:44,1602960270,1330631384,272328886
2020/10/18 02:43,1602960210,1668544224,-65584014
2020/10/18 02:42,1602960150,1491408952,111551198
2020/10/18 02:41,1602960090,1736395136,-133435046
2020/10/18 02:40,1602960030,1518299816,84660214
2020/10/18 02:39,1602959970,1736818728,-133858758
2020/10/18 02:38,1602959910,1511843504,91116406
2020/10/18 02:37,1602959850,1809361720,-206401870
2020/10/18 02:36,1602959790,1698974784,-96014994
2020/10/18 02:35,1602959730,1482130424,120829306
2020/10/18 02:34,1602959670,1356880544,246079126
2020/10/18 02:33,1602959610,1276647152,326312458
2020/10/18 02:32,1602959550,1756747384,-153787834
2020/10/18 02:31,1602959490,1580469920,22489570
2020/10/18 02:30,1602959430,1106638536,496320894
2020/10/18 02:29,1602959370,1776851104,-173891734
2020/10/18 02:28,1602959310,1384958824,218000486
2020/10/18 02:27,1602959250,1496917608,106041642
2020/10/18 02:26,1602959190,1250989496,351969694
2020/10/18 02:25,1602959130,1017130904,585828226
2020/10/18 02:24,1602959070,1283707600,319251470
2020/10/18 02:23,1602959010,1086176776,516782234
2020/10/18 02:22,1602958950,1099879648,503079302
2020/10/18 02:21,1602958890,1610408384,-7449494
2020/10/18 02:20,1602958830,1701961168,-99002338
2020/10/18 02:19,1602958770,1581817720,21141050
2020/10/18 02:18,1602958710,1754450472,-151491762
2020/10/18 02:17,1602958650,1491498224,111460426
2020/10/18 02:16,1602958590,1761264048,-158305458
2020/10/18 02:15,1602958530,1454232408,148726122
2020/10/18 02:14,1602958470,1339226400,263732070
2020/10/18 02:13,1602958410,1183301064,419657346
2020/10/18 02:12,1602958350,1392469048,210489302
2020/10/18 02:11,1602958290,1616608752,-13650462
2020/10/18 02:10,1602958230,1226568208,376390022
2020/10/18 02:09,1602958170,1361720248,241237922
2020/10/18 02:08,1602958110,1842502952,-239544842
2020/10/18 02:07,1602958050,1671747008,-68788958
2020/10/18 02:06,1602957990,1561669016,41288974
2020/10/18 02:05,1602957930,1435186520,167771410
2020/10/18 02:04,1602957870,1833959328,-231001458
2020/10/18 02:03,1602957810,1640103304,-37145494
2020/10/18 02:02,1602957750,1707295408,-104337658
2020/10/18 02:01,1602957690,1197857032,405100658
2020/10/18 02:00,1602957630,1693110504,-90152874
2020/10/18 01:59,1602957570,1283484496,319473074
2020/10/18 01:58,1602957510,1487767192,115190318
2020/10/18 01:57,1602957450,1163749440,439208010
2020/10/18 01:56,1602957390,1507877624,95079766
2020/10/18 01:55,1602957330,1425883568,177073762
2020/10/18 01:54,1602957270,1232677616,370279654
2020/10/18 01:53,1602957210,1829134752,-226177542
2020/10/18 01:52,1602957150,1358722712,244234438
2020/10/18 01:51,1602957090,1493592984,109364106
2020/10/18 01:50,1602957030,1264673376,338283654
2020/10/18 01:49,1602956970,1424463960,178493010
2020/10/18 01:48,1602956910,1547347432,55609478
2020/10/18 01:47,1602956850,1443989984,158966866
2020/10/18 01:46,1602956790,1426948776,176008014
2020/10/18 01:45,1602956730,1649470968,-46514238
2020/10/18 01:44,1602956670,1479675256,123281414
2020/10/18 01:43,1602956610,1350252880,252703730
2020/10/18 01:42,1602956550,1152729320,450227230
2020/10/18 01:41,1602956490,1931275136,-328318646
2020/10/18 01:40,1602956430,1869036856,-266080426
2020/10/18 01:39,1602956370,1519935032,83021338
2020/10/18 01:38,1602956310,1776349384,-173393074
2020/10/18 01:37,1602956250,1416599304,186356946
2020/10/18 01:36,1602956190,1267325216,335630974
2020/10/18 01:35,1602956130,1122421568,480534562
2020/10/18 01:34,1602956070,1219506616,383449454
2020/10/18 01:33,1602956010,1142354360,460601650
2020/10/18 01:32,1602955950,1445872200,157083750
2020/10/18 01:31,1602955890,1251757048,351198842
2020/10/18 01:30,1602955830,1735004128,-132048298
2020/10/18 01:29,1602955770,1562106632,40849138
2020/10/18 01:28,1602955710,1326756840,276198870
2020/10/18 01:27,1602955650,1256548416,346407234
2020/10/18 01:26,1602955590,1286690184,316265406
2020/10/18 01:25,1602955530,1182188872,420766658
2020/10/18 01:24,1602955470,1116257656,486697814
2020/10/18 01:23,1602955410,1544048080,58907330
2020/10/18 01:22,1602955350,1718221584,-115266234
2020/10/18 01:21,1602955290,1637098480,-34143190
2020/10/18 01:20,1602955230,1465338152,137617078
2020/10/18 01:19,1602955170,1245949248,357005922
2020/10/18 01:18,1602955110,1531983320,70971790
2020/10/18 01:17,1602955050,1366005320,236949730
2020/10/18 01:16,1602954990,1272837792,330117198
2020/10/18 01:15,1602954930,1037586616,565368314
2020/10/18 01:14,1602954870,1097393600,505561270
2020/10/18 01:13,1602954810,1108576224,494378586
2020/10/18 01:12,1602954750,1639689000,-36734250
2020/10/18 01:11,1602954690,1422314200,180640490
2020/10/18 01:10,1602954630,1277700488,325254142
2020/10/18 01:09,1602954570,1703952616,-100998046
2020/10/18 01:08,1602954510,1165894528,437059982
2020/10/18 01:07,1602954450,1770842632,-167888182
2020/10/18 01:06,1602954390,1465353256,137601134
2020/10/18 01:05,1602954330,1278755224,324199106
2020/10/18 01:04,1602954270,1879678592,-276724322
2020/10/18 01:03,1602954210,1318502912,284451298
2020/10/18 01:02,1602954150,1784161872,-181207722
2020/10/18 01:01,1602954090,1552572456,50381634
2020/10/18 01:00,1602954030,1383525496,219428534
2020/10/18 00:59,1602953970,1302300728,300653242
2020/10/18 00:58,1602953910,1390146448,212807462
2020/10/18 00:57,1602953850,1486014872,116938978
2020/10/18 00:56,1602953790,1471455160,131498630
2020/10/18 00:55,1602953730,1335253360,267700370
2020/10/18 00:54,1602953670,1054262360,548691310
2020/10/18 00:53,1602953610,1189734816,413218794
2020/10/18 00:52,1602953550,1098111416,504842134
2020/10/18 00:51,1602953490,1034238936,568714554
2020/10/18 00:50,1602953430,1790064280,-187110850
2020/10/18 00:49,1602953370,1536147912,66805458
2020/10/18 00:48,1602953310,1403986200,198967110
2020/10/18 00:47,1602953250,1823621568,-220668318
2020/10/18 00:46,1602953190,1523968064,78985126
2020/10/18 00:45,1602953130,1353413024,249540106
2020/10/18 00:44,1602953070,1315367704,287585366
2020/10/18 00:43,1602953010,1647921584,-44968574
2020/10/18 00:42,1602952950,1116157208,486795742
2020/10/18 00:41,1602952890,1544362096,58590794
2020/10/18 00:40,1602952830,1130584856,472367974
2020/10/18 00:39,1602952770,1849470088,-246517318
2020/10/18 00:38,1602952710,1704371136,-101418426
2020/10/18 00:37,1602952650,1552546800,50405850
2020/10/18 00:36,1602952590,1496956104,105996486
2020/10/18 00:35,1602952530,1387447376,215505154
2020/10/18 00:34,1602952470,1229563328,373389142
2020/10/18 00:33,1602952410,1852975160,-250022750
2020/10/18 00:32,1602952350,1755788624,-152836274
2020/10/18 00:31,1602952290,1635700568,-32748278
2020/10/18 00:30,1602952230,1427416224,175536006
2020/10/18 00:29,1602952170,1204664520,398287650
2020/10/18 00:28,1602952110,1419779336,183172774
2020/10/18 00:27,1602952050,1441351096,161600954
2020/10/18 00:26,1602951990,1092057040,510894950
2020/10/18 00:25,1602951930,1753706640,-150754710
2020/10/18 00:24,1602951870,1580887416,22064454
2020/10/18 00:23,1602951810,1430209296,172742514
2020/10/18 00:22,1602951750,1222485064,380466686
2020/10/18 00:21,1602951690,1287211104,315740586
2020/10/18 00:20,1602951630,1083923256,519028374
2020/10/18 00:19,1602951570,1410304984,192646586
2020/10/18 00:18,1602951510,1055842256,547109254
2020/10/18 00:17,1602951450,1293291568,309659882
2020/10/18 00:16,1602951390,1175569784,427381606
2020/10/18 00:15,1602951330,1098731648,504219682
2020/10/18 00:14,1602951270,1509263680,93687590
2020/10/18 00:13,1602951210,1145645880,457305330
2020/10/18 00:12,1602951150,1565476360,37474790
2020/10/18 00:11,1602951090,1408437416,194513674
2020/10/18 00:10,1602951030,1031868784,571082246
2020/10/18 00:09,1602950970,1612621728,-9670758
2020/10/18 00:08,1602950910,1999149032,-396198122
2020/10/18 00:07,1602950850,1445671280,157279570
2020/10/18 00:06,1602950790,1327611976,275338814
2020/10/18 00:05,1602950730,1412441048,190509682
2020/10/18 00:04,1602950670,1401153456,201797214
2020/10/18 00:03,1602950610,1250435152,352515458
2020/10/18 00:02,1602950550,1069667696,533282854
2020/10/18 00:01,1602950490,1615268536,-12318046
2020/10/18 00:00,1602950430,1446862600,156087830
2020/10/17 23:59,1602950370,1297513032,305437338
2020/10/17 23:58,1602950310,1881037192,-278086882
2020/10/17 23:57,1602950250,1635653168,-32702918
2020/10/17 23:56,1602950190,1643018568,-40068378
2020/10/17 23:55,1602950130,1565068384,37881746
2020/10/17 23:54,1602950070,1167832520,435117550
2020/10/17 23:53,1602950010,1572918312,30031698
2020/10/17 23:52,1602949950,1329333256,273616694
2020/10/17 23:51,1602949890,1145765440,457184450
2020/10/17 23:50,1602949830,1176741016,426208814
2020/10/17 23:49,1602949770,1694740320,-91790550
2020/10/17 23:48,1602949710,1317575112,285374598
2020/10/17 23:47,1602949650,1552034368,50915282
2020/10/17 23:46,1602949590,1390254632,212694958
2020/10/17 23:45,1602949530,1478871880,124077650
2020/10/17 23:44,1602949470,1398196632,204752838
2020/10/17 23:43,1602949410,1343961480,258987930
2020/10/17 23:42,1602949350,1769029664,-166080314
2020/10/17 23:41,1602949290,1837014792,-234065502
2020/10/17 23:40,1602949230,1649934248,-46985018
2020/10/17 23:39,1602949170,1336471816,266477354
2020/10/17 23:38,1602949110,1050763816,552185294
2020/10/17 23:37,1602949050,1652933808,-49984758
2020/10/17 23:36,1602948990,1613492520,-10543530
2020/10/17 23:35,1602948930,1421514400,181434530
2020/10/17 23:34,1602948870,1236136520,366812350
2020/10/17 23:33,1602948810,1310615752,292333058
2020/10/17 23:32,1602948750,1109108872,493839878
2020/10/17 23:31,1602948690,1248130432,354818258
2020/10/17 23:30,1602948630,1623665704,-20717074
2020/10/17 23:29,1602948570,1152118448,450830122
2020/10/17 23:28,1602948510,1430740656,172207854
2020/10/17 23:27,1602948450,1087239784,515708666
2020/10/17 23:26,1602948390,1050139848,552808542
2020/10/17 23:25,1602948330,1486974288,115974042
2020/10/17 23:24,1602948270,1442590408,160357862
2020/10/17 23:23,1602948210,1364834200,238114010
2020/10/17 23:22,1602948150,1259308400,343639750
2020/10/17 23:21,1602948090,1008909952,594038138
2020/10/17 23:20,1602948030,1384742184,218205846
2020/10/17 23:19,1602947970,1344875552,258072418
2020/10/17 23:18,1602947910,1371521456,231426454
2020/10/17 23:17,1602947850,1159940352,443007498
2020/10/17 23:16,1602947790,1306716040,296231750
2020/10/17 23:15,1602947730,1202680632,400267098
2020/10/17 23:14,1602947670,1522425400,80522270
2020/10/17 23:13,1602947610,1281629096,321318514
2020/10/17 23:12,1602947550,1414844312,188103238
2020/10/17 23:11,1602947490,947564752,655382738
2020/10/17 23:10,1602947430,1473482248,129465182
2020/10/17 23:09,1602947370,1602036608,910762
2020/10/17 23:08,1602947310,1164209400,438737910
2020/10/17 23:07,1602947250,1630073712,-27126462
2020/10/17 23:06,1602947190,1625730944,-22783754
2020/10/17 23:05,1602947130,1259253856,343693274
2020/10/17 23:04,1602947070,1498149176,104797894
2020/10/17 23:03,1602947010,1370184392,232762618
2020/10/17 23:02,1602946950,1376385768,226561182
2020/10/17 23:01,1602946890,1620034088,-17087198
2020/10/17 23:00,1602946830,1467443200,135503630
2020/10/17 22:59,1602946770,1277617344,325329426
2020/10/17 22:58,1602946710,1614018048,-11071338
2020/10/17 22:57,1602946650,1464596128,138350522
2020/10/17 22:56,1602946590,1315969056,286977534
2020/10/17 22:55,1602946530,1843401256,-240454726
2020/10/17 22:54,1602946470,1661013144,-58066674
2020/10/17 22:53,1602946410,1615492120,-12545710
2020/10/17 22:52,1602946350,1297417552,305528798
2020/10/17 22:51,1602946290,1515104768,87841522
2020/10/17 22:50,1602946230,1289929472,313016758
2020/10/17 22:49,1602946170,1780959976,-178013806
2020/10/17 22:48,1602946110,1492865320,110080790
2020/10/17 22:47,1602946050,1277513624,325432426
2020/10/17 22:46,1602945990,1230636688,372309302
2020/10/17 22:45,1602945930,1351705112,251240818
2020/10/17 22:44,1602945870,1292037544,310908326
2020/10/17 22:43,1602945810,1860163224,-257217414
2020/10/17 22:42,1602945750,1744775552,-141829802
2020/10/17 22:41,1602945690,1721934968,-118989278
2020/10/17 22:40,1602945630,1496300640,106644990
2020/10/17 22:39,1602945570,1513471880,89473690
2020/10/17 22:38,1602945510,1303783152,299162358
2020/10/17 22:37,1602945450,1925134632,-322189182
2020/10/17 22:36,1602945390,1529739176,73206214
2020/10/17 22:35,1602945330,1269872984,333072346
2020/10/17 22:34,1602945271,1398460216,204485055
2020/10/17 22:33,1602945210,1293764864,309180346
2020/10/17 22:32,1602945150,1500357128,102588022
2020/10/17 22:31,1602945090,1374438512,228506578
2020/10/17 22:30,1602945030,1365420792,237524238
2020/10/17 22:29,1602944970,1265776216,337168754
2020/10/17 22:28,1602944910,1031625560,571319350
2020/10/17 22:27,1602944850,1554996712,47948138
2020/10/17 22:26,1602944790,1349296280,253648510
2020/10/17 22:25,1602944730,1300037416,302907314
2020/10/17 22:24,1602944670,1916631800,-313687130
2020/10/17 22:23,1602944610,1751963360,-149018750
2020/10/17 22:22,1602944550,1510321248,92623302
2020/10/17 22:21,1602944490,1371574736,231369754
2020/10/17 22:20,1602944430,1806272000,-203327570
2020/10/17 22:19,1602944370,1309583744,293360626
2020/10/17 22:18,1602944310,1661892184,-58947874
2020/10/17 22:17,1602944250,1205360832,397583418
2020/10/17 22:16,1602944190,1128485040,474459150
2020/10/17 22:15,1602944130,1821585824,-218641694
2020/10/17 22:14,1602944070,1658906424,-55962354
2020/10/17 22:13,1602944010,1743062416,-140118406
2020/10/17 22:12,1602943950,1739309584,-136365634
2020/10/17 22:11,1602943890,1086842768,516101122
2020/10/17 22:10,1602943830,1773854224,-170910394
2020/10/17 22:09,1602943770,1622433552,-19489782
2020/10/17 22:08,1602943710,1590964544,11979166
2020/10/17 22:07,1602943650,1278506416,324437234
2020/10/17 22:06,1602943590,1311695064,291248526
2020/10/17 22:05,1602943530,1192745208,410198322
2020/10/17 22:04,1602943470,1356495256,246448214
2020/10/17 22:03,1602943410,1854108568,-251165158
2020/10/17 22:02,1602943350,1262172280,340771070
2020/10/17 22:01,1602943290,1241145584,361797706
2020/10/17 22:00,1602943230,1893143736,-290200506
2020/10/17 21:59,1602943170,1910542616,-307599446
2020/10/17 21:58,1602943110,1554585704,48357406
2020/10/17 21:57,1602943050,1171085424,431857626
2020/10/17 21:56,1602942990,1557386704,45556286
2020/10/17 21:55,1602942930,1144409840,458533090
2020/10/17 21:54,1602942870,1540443848,62499022
2020/10/17 21:53,1602942810,1446635096,156307714
2020/10/17 21:52,1602942750,1497002656,105940094
2020/10/17 21:51,1602942690,1473992448,128950242
2020/10/17 21:50,1602942630,1080174800,522767830
2020/10/17 21:49,1602942570,1448541776,154400794
2020/10/17 21:48,1602942510,1109942096,493000414
2020/10/17 21:47,1602942450,1669389584,-66447134
2020/10/17 21:46,1602942390,1607512632,-4570242
2020/10/17 21:45,1602942330,1490577344,112364986
2020/10/17 21:44,1602942270,1383386456,219555814
2020/10/17 21:43,1602942210,1292770952,310171258
2020/10/17 21:42,1602942150,1125708224,477233926
2020/10/17 21:41,1602942090,1401533552,201408538
2020/10/17 21:40,1602942030,1540285872,62656158
2020/10/17 21:39,1602941970,1245589536,357352434
2020/10/17 21:38,1602941910,1867791312,-264849402
2020/10/17 21:37,1602941850,1654376184,-51434334
2020/10/17 21:36,1602941790,1524809104,78132686
2020/10/17 21:35,1602941730,1853842752,-250901022
2020/10/17 21:34,1602941670,1662838608,-59896938
2020/10/17 21:33,1602941610,1588260392,14681218
2020/10/17 21:32,1602941550,1297850000,305091550
2020/10/17 21:31,1602941490,1192579992,410361498
2020/10/17 21:30,1602941430,1809036312,-206094882
2020/10/17 21:29,1602941370,1477279144,125662226
2020/10/17 21:28,1602941310,1877534680,-274593370
2020/10/17 21:27,1602941250,1518635784,84305466
2020/10/17 21:26,1602941190,1443110824,159830366
2020/10/17 21:25,1602941130,1761757768,-158816638
2020/10/17 21:24,1602941070,1109069768,493871302
2020/10/17 21:23,1602941010,1671474000,-68532990
2020/10/17 21:22,1602940950,1579227888,23713062
2020/10/17 21:21,1602940890,1404060104,198880786
2020/10/17 21:20,1602940830,1386428224,216512606
2020/10/17 21:19,1602940770,1159482768,443458002
2020/10/17 21:18,1602940710,1073710384,529230326
2020/10/17 21:17,1602940650,1649954704,-47014054
2020/10/17 21:16,1602940590,1624340592,-21400002
2020/10/17 21:15,1602940530,1508422432,94518098
2020/10/17 21:14,1602940470,1445140488,157799982
2020/10/17 21:13,1602940410,1668300496,-65360086
2020/10/17 21:12,1602940350,1392969064,209971286
2020/10/17 21:11,1602940290,1338411152,264529138
2020/10/17 21:10,1602940230,1483123952,119816278
2020/10/17 21:09,1602940170,1456301424,146638746
2020/10/17 21:08,1602940110,1530478784,72461326
2020/10/17 21:07,1602940050,1390148424,212791626
2020/10/17 21:06,1602939990,1434078960,168861030
2020/10/17 21:05,1602939930,1597056768,5883162
2020/10/17 21:04,1602939870,1421207608,181732262
2020/10/17 21:03,1602939810,1649175832,-46236022
2020/10/17 21:02,1602939750,1627797992,-24858242
2020/10/17 21:01,1602939690,1409030472,193909218
2020/10/17 21:00,1602939630,1567442776,35496854
2020/10/17 20:59,1602939570,1469218464,133721106
2020/10/17 20:58,1602939510,1249801432,353138078
2020/10/17 20:57,1602939450,1810648792,-207709342
2020/10/17 20:56,1602939390,1711238816,-108299426
2020/10/17 20:55,1602939330,1573790088,29149242
2020/10/17 20:54,1602939270,1451314312,151624958
2020/10/17 20:53,1602939210,1409127056,193812154
2020/10/17 20:52,1602939150,1306723384,296215766
2020/10/17 20:51,1602939090,1239767504,363171586
2020/10/17 20:50,1602939030,1463703064,139235966
2020/10/17 20:49,1602938970,1295794416,307144554
2020/10/17 20:48,1602938910,1032851912,570086998
2020/10/17 20:47,1602938850,1238554488,364384362
2020/10/17 20:46,1602938790,1087347264,515591526
2020/10/17 20:45,1602938730,1084024840,518913890
2020/10/17 20:44,1602938670,1674797344,-71858674
2020/10/17 20:43,1602938610,1531944448,70994162
2020/10/17 20:42,1602938550,1477472520,125466030
2020/10/17 20:41,1602938490,1387212632,215725858
2020/10/17 20:40,1602938430,1343530336,259408094
2020/10/17 20:39,1602938370,1640653560,-37715190
2020/10/17 20:38,1602938310,1342740296,260198014
2020/10/17 20:37,1602938250,1059620928,543317322
2020/10/17 20:36,1602938190,1690479184,-87540994
2020/10/17 20:35,1602938130,1606911440,-3973310
2020/10/17 20:34,1602938070,1145290960,457647110
2020/10/17 20:33,1602938010,1058879680,544058330
2020/10/17 20:32,1602937950,1215110152,387827798
2020/10/17 20:31,1602937890,1045130688,557807202
2020/10/17 20:30,1602937830,1022162296,580775534
2020/10/17 20:29,1602937770,1819380048,-216442278
2020/10/17 20:28,1602937710,1734432688,-131494978
2020/10/17 20:27,1602937650,1745548000,-142610350
2020/10/17 20:26,1602937590,1711179432,-108241842
2020/10/17 20:25,1602937530,1626389352,-23451822
2020/10/17 20:24,1602937470,1316776320,286161150
2020/10/17 20:23,1602937410,1632778232,-29840822
2020/10/17 20:22,1602937350,1427514688,175422662
2020/10/17 20:21,1602937290,1307191336,295745954
2020/10/17 20:20,1602937230,1415078544,187858686
2020/10/17 20:19,1602937170,1727537472,-124600302
2020/10/17 20:18,1602937110,1539734400,63202710
2020/10/17 20:17,1602937050,1334786592,268150458
2020/10/17 20:16,1602936990,1180256864,422680126
2020/10/17 20:15,1602936930,1038290384,564646546
2020/10/17 20:14,1602936870,969177008,633759862
2020/10/17 20:13,1602936810,1247301336,355635474
2020/10/17 20:12,1602936750,1069819240,533117510
2020/10/17 20:11,1602936690,1004962440,597974250
2020/10/17 20:10,1602936630,993675480,609261150
2020/10/17 20:09,1602936570,957099064,645837506
2020/10/17 20:08,1602936510,1211365400,391571110
2020/10/17 20:07,1602936450,1075475072,527461378
2020/10/17 20:06,1602936390,1463211848,139724542
2020/10/17 20:05,1602936330,1314893976,288042354
2020/10/17 20:04,1602936270,1146589576,456346694
2020/10/17 20:03,1602936210,1125933344,477002866
2020/10/17 20:02,1602936150,1721071560,-118135410
2020/10/17 20:01,1602936090,1311446120,291489970
2020/10/17 20:00,1602936030,1222222936,380713094
2020/10/17 19:59,1602935970,1290937184,311998786
2020/10/17 19:58,1602935910,1413896872,189039038
2020/10/17 19:57,1602935850,1319904352,283031498
2020/10/17 19:56,1602935790,1036780136,566155654
2020/10/17 19:55,1602935730,969552688,633383042
2020/10/17 19:54,1602935670,1775107360,-172171690
2020/10/17 19:53,1602935610,1707871184,-104935574
2020/10/17 19:52,1602935550,1274775976,328159574
2020/10/17 19:51,1602935490,1197972760,404962730
2020/10/17 19:50,1602935430,1769952168,-167016738
2020/10/17 19:49,1602935370,1253651288,349284082
2020/10/17 19:48,1602935310,1118051560,484883750
2020/10/17 19:47,1602935250,1617022160,-14086910
2020/10/17 19:46,1602935190,1257280064,345655126
2020/10/17 19:45,1602935130,1342391696,260543434
2020/10/17 19:44,1602935070,1128101656,474833414
2020/10/17 19:43,1602935010,1546500992,56434018
2020/10/17 19:42,1602934950,1381422872,221512078
2020/10/17 19:41,1602934890,1195491840,407443050
2020/10/17 19:40,1602934830,1129982360,472952470
2020/10/17 19:39,1602934770,1708753504,-105818734
2020/10/17 19:38,1602934710,1547268936,55665774
2020/10/17 19:37,1602934650,1258588248,344346402
2020/10/17 19:36,1602934590,1383590296,219344294
2020/10/17 19:35,1602934530,1141861296,461073234
2020/10/17 19:34,1602934470,1023265024,579669446
2020/10/17 19:33,1602934410,1765482160,-162547750
2020/10/17 19:32,1602934350,1663839168,-60904818
2020/10/17 19:31,1602934290,1064712928,538221362
2020/10/17 19:30,1602934230,1611847104,-8912874
2020/10/17 19:29,1602934170,1447737048,155197122
2020/10/17 19:28,1602934110,1439077104,163857006
2020/10/17 19:27,1602934050,1231880496,371053554
2020/10/17 19:26,1602933990,1158978304,443955686
2020/10/17 19:25,1602933930,1400640008,202293922
2020/10/17 19:24,1602933870,1241555264,361378606
2020/10/17 19:23,1602933810,1107754760,495179050
2020/10/17 19:22,1602933750,1146389232,456544518
2020/10/17 19:21,1602933690,1580251944,22681746
2020/10/17 19:20,1602933630,1266282888,336650742
2020/10/17 19:19,1602933570,1229766392,373167178
2020/10/17 19:18,1602933510,1446912200,156021310
2020/10/17 19:17,1602933450,1685802928,-82869478
2020/10/17 19:16,1602933390,1588762248,14171142
2020/10/17 19:15,1602933330,1699728688,-96795358
2020/10/17 19:14,1602933270,1200310984,402622286
2020/10/17 19:13,1602933210,1110436776,492496434
2020/10/17 19:12,1602933150,996570176,606362974
2020/10/17 19:11,1602933090,1616483072,-13549982
2020/10/17 19:10,1602933030,1073676592,529256438
2020/10/17 19:09,1602932970,1506713360,96219610
2020/10/17 19:08,1602932910,1345279160,257653750
2020/10/17 19:07,1602932850,1493839976,109092874
2020/10/17 19:06,1602932790,1182453336,420479454
2020/10/17 19:05,1602932730,961854560,641078170
2020/10/17 19:04,1602932670,1444777616,158155054
2020/10/17 19:03,1602932610,1355509200,247423410
2020/10/17 19:02,1602932550,1309091984,293840566
2020/10/17 19:01,1602932490,1725517472,-122584982
2020/10/17 19:00,1602932430,967205976,635726454
2020/10/17 18:59,1602932370,1500525216,102407154
2020/10/17 18:58,1602932310,1363253752,239678558
2020/10/17 18:57,1602932250,959514432,643417818
2020/10/17 18:56,1602932190,1401074072,201858118
2020/10/17 18:55,1602932130,1207481248,395450882
2020/10/17 18:54,1602932070,1024945720,577986350
2020/10/17 18:53,1602932010,981367512,621564498
2020/10/17 18:52,1602931950,1358972216,243959734
2020/10/17 18:51,1602931890,1273054520,329877370
2020/10/17 18:50,1602931830,1405219400,197712430
2020/10/17 18:49,1602931770,1318513416,284418354
2020/10/17 18:48,1602931710,1147761904,455169806
2020/10/17 18:47,1602931650,1348992920,253938730
2020/10/17 18:46,1602931590,1169389384,433542206
2020/10/17 18:45,1602931530,1028488768,574442762
2020/10/17 18:44,1602931470,947344416,655587054
2020/10/17 18:43,1602931410,1722876280,-119944870
2020/10/17 18:42,1602931350,1495159776,107771574
2020/10/17 18:41,1602931290,1301895320,301035970
2020/10/17 18:40,1602931230,1227013088,375918142
2020/10/17 18:39,1602931170,1186414304,416516866
2020/10/17 18:38,1602931110,1604559264,-1628154
2020/10/17 18:37,1602931050,1293331432,309599618
2020/10/17 18:36,1602930990,1628586480,-25655490
2020/10/17 18:35,1602930930,1520714848,82216082
2020/10/17 18:34,1602930870,1348609088,254321782
2020/10/17 18:33,1602930810,1138692768,464238042
2020/10/17 18:32,1602930750,1314513280,288417470
2020/10/17 18:31,1602930690,1126999352,475931338
2020/10/17 18:30,1602930630,1289488608,313442022
2020/10/17 18:29,1602930570,1140398960,462531610
2020/10/17 18:28,1602930510,975416200,627514310
2020/10/17 18:27,1602930450,1357156816,245773634
2020/10/17 18:26,1602930390,1414396016,188534374
2020/10/17 18:25,1602930330,1298636560,304293770
2020/10/17 18:24,1602930270,1523857808,79072462
2020/10/17 18:23,1602930210,1066348464,536581746
2020/10/17 18:22,1602930150,1087792536,515137614
2020/10/17 18:21,1602930090,1322676256,280253834
2020/10/17 18:20,1602930030,1595862256,7067774
2020/10/17 18:19,1602929970,1504814680,98115290
2020/10/17 18:18,1602929910,1363159488,239770422
2020/10/17 18:17,1602929850,1212314192,390615658
2020/10/17 18:16,1602929790,1268149944,334779846
2020/10/17 18:15,1602929730,1141324840,461604890
2020/10/17 18:14,1602929670,1171006352,431923318
2020/10/17 18:13,1602929610,1653369088,-50439478
2020/10/17 18:12,1602929550,1340710488,262219062
2020/10/17 18:11,1602929490,1039533968,563395522
2020/10/17 18:10,1602929430,1034187240,568742190
2020/10/17 18:09,1602929370,981009000,621920370
2020/10/17 18:08,1602929310,1425507496,177421814
2020/10/17 18:07,1602929250,1242312680,360616570
2020/10/17 18:06,1602929190,971970488,630958702
2020/10/17 18:05,1602929130,1664785296,-61856166
2020/10/17 18:04,1602929070,1435434064,167495006
2020/10/17 18:03,1602929010,1282870824,320058186
2020/10/17 18:02,1602928950,1075987008,526941942
2020/10/17 18:01,1602928890,989937720,612991170
2020/10/17 18:00,1602928830,1746749328,-143820498
2020/10/17 17:59,1602928770,1555006376,47922394
2020/10/17 17:58,1602928710,1391334176,211594534
2020/10/17 17:57,1602928650,1212928056,390000594
2020/10/17 17:56,1602928590,1021021136,581907454
2020/10/17 17:55,1602928530,1262264584,340663946
2020/10/17 17:54,1602928470,1262253896,340674574
2020/10/17 17:53,1602928410,956588264,646340146
2020/10/17 17:52,1602928350,1380354920,222573430
2020/10/17 17:51,1602928290,949305672,653622618
2020/10/17 17:50,1602928230,938956000,663972230
2020/10/17 17:49,1602928170,1433277896,169650274
2020/10/17 17:48,1602928110,983280760,619647350
2020/10/17 17:47,1602928050,1124667872,478260178
2020/10/17 17:46,1602927990,1385545536,217382454
2020/10/17 17:45,1602927930,1151513928,451414002
2020/10/17 17:44,1602927870,1017160704,585767166
2020/10/17 17:43,1602927810,930802728,672125082
2020/10/17 17:42,1602927750,1388679832,214247918
2020/10/17 17:41,1602927690,1370597936,232329754
2020/10/17 17:40,1602927630,1131470072,471457558
2020/10/17 17:39,1602927570,1099299616,503627954
2020/10/17 17:38,1602927510,1396977376,205950134
2020/10/17 17:37,1602927450,874740824,728186626
2020/10/17 17:36,1602927390,1298208344,304719046
2020/10/17 17:35,1602927330,1152225392,450701938
2020/10/17 17:34,1602927270,1032994568,569932702
2020/10/17 17:33,1602927210,907565920,695361290
2020/10/17 17:32,1602927150,1189778464,413148686
2020/10/17 17:31,1602927090,1159653336,443273754
2020/10/17 17:30,1602927030,1637044768,-34117738
2020/10/17 17:29,1602926970,1408224536,194702434
2020/10/17 17:28,1602926910,1294450792,308476118
2020/10/17 17:27,1602926850,1320485424,282441426
2020/10/17 17:26,1602926790,1447180720,155746070
2020/10/17 17:25,1602926730,1106740552,496186178
2020/10/17 17:24,1602926670,1682181128,-79254458
2020/10/17 17:23,1602926610,1612661360,-9734750
2020/10/17 17:22,1602926550,937395688,665530862
2020/10/17 17:21,1602926490,1207632000,395294490
2020/10/17 17:20,1602926430,1116812568,486113862
2020/10/17 17:19,1602926370,1854745072,-251818702
2020/10/17 17:18,1602926310,1173692608,429233702
2020/10/17 17:17,1602926250,1204360872,398565378
2020/10/17 17:16,1602926190,1159534264,443391926
2020/10/17 17:15,1602926130,1055523448,547402682
2020/10/17 17:14,1602926070,1501190536,101735534
2020/10/17 17:13,1602926010,1454353568,148572442
2020/10/17 17:12,1602925950,1379539736,223386214
2020/10/17 17:11,1602925890,1321577904,281347986
2020/10/17 17:10,1602925830,988120456,614805374
2020/10/17 17:09,1602925770,1163144320,439781450
2020/10/17 17:08,1602925710,1077209744,525715966
2020/10/17 17:07,1602925650,1412982320,189943330
2020/10/17 17:06,1602925590,975504176,627421414
2020/10/17 17:05,1602925530,1547144720,55780810
2020/10/17 17:04,1602925470,1123683760,479241710
2020/10/17 17:03,1602925410,1661333352,-58407942
2020/10/17 17:02,1602925350,1423582256,179343094
2020/10/17 17:01,1602925290,1365017824,237907466
2020/10/17 17:00,1602925230,1170071168,432854062
2020/10/17 16:59,1602925170,943576160,659349010
2020/10/17 16:58,1602925110,1055929304,546995806
2020/10/17 16:57,1602925050,899277112,703647938
2020/10/17 16:56,1602924990,1442590616,160334374
2020/10/17 16:55,1602924930,1286989312,315935618
2020/10/17 16:54,1602924870,1124158880,478765990
2020/10/17 16:53,1602924810,964196560,638728250
2020/10/17 16:52,1602924750,1572678320,30246430
2020/10/17 16:51,1602924690,1406735152,196189538
2020/10/17 16:50,1602924630,1416130528,186794102
2020/10/17 16:49,1602924570,1093978464,508946106
2020/10/17 16:48,1602924510,1338000304,264924206
2020/10/17 16:47,1602924450,1031751200,571173250
2020/10/17 16:46,1602924390,1502338568,100585822
2020/10/17 16:45,1602924330,917328456,685595874
2020/10/17 16:44,1602924270,1169689488,433234782
2020/10/17 16:43,1602924210,1273964112,328960098
2020/10/17 16:42,1602924150,964455256,638468894
2020/10/17 16:41,1602924090,1108181840,494742250
2020/10/17 16:40,1602924030,1089773216,513150814
2020/10/17 16:39,1602923970,916624272,686299698
2020/10/17 16:38,1602923910,956332520,646591390
2020/10/17 16:37,1602923850,1228537224,374386626
2020/10/17 16:36,1602923790,1042032848,560890942
2020/10/17 16:35,1602923730,1320172872,282750858
2020/10/17 16:34,1602923670,1178159976,424763694
2020/10/17 16:33,1602923610,1471974584,130949026
2020/10/17 16:32,1602923550,1269651296,333272254
2020/10/17 16:31,1602923490,1163506280,439417210
2020/10/17 16:30,1602923430,1254690784,348232646
2020/10/17 16:29,1602923370,1348749704,254173666
2020/10/17 16:28,1602923310,1405316472,197606838
2020/10/17 16:27,1602923250,989807368,613115882
2020/10/17 16:26,1602923190,1447821264,155101926
2020/10/17 16:25,1602923130,1445573944,157349186
2020/10/17 16:24,1602923070,1352578008,250345062
2020/10/17 16:23,1602923010,1312649864,290273146
2020/10/17 16:22,1602922950,1001866576,601056374
2020/10/17 16:21,1602922890,1497333272,105589618
2020/10/17 16:20,1602922830,1371309256,231613574
2020/10/17 16:19,1602922770,1640187528,-37264758
2020/10/17 16:18,1602922710,1224835816,378086894
2020/10/17 16:17,1602922650,1430246752,172675898
2020/10/17 16:16,1602922590,1346042624,256879966
2020/10/17 16:15,1602922530,1302350320,300572210
2020/10/17 16:14,1602922470,1426714304,176208166
2020/10/17 16:13,1602922410,1346387776,256534634
2020/10/17 16:12,1602922350,979315320,623607030
2020/10/17 16:11,1602922290,1511966832,90955458
2020/10/17 16:10,1602922230,1220150064,382772166
2020/10/17 16:09,1602922170,1029342912,573579258
2020/10/17 16:08,1602922110,1323848040,279074070
2020/10/17 16:07,1602922050,1107897472,495024578
2020/10/17 16:06,1602921990,1361462208,241459782
2020/10/17 16:05,1602921930,1509246480,93675450
2020/10/17 16:04,1602921870,1376612664,226309206
2020/10/17 16:03,1602921810,1208565104,394356706
2020/10/17 16:02,1602921750,968910896,634010854
2020/10/17 16:01,1602921690,1352749472,250172218
2020/10/17 16:00,1602921630,1470035304,132886326
2020/10/17 15:59,1602921570,1406301736,196619834
2020/10/17 15:58,1602921510,994793104,608128406
2020/10/17 15:57,1602921450,1183037512,419883938
2020/10/17 15:56,1602921390,1094201648,508719742
2020/10/17 15:55,1602921330,1219915424,383005906
2020/10/17 15:54,1602921270,1459863512,143057758
2020/10/17 15:53,1602921210,1268274088,334647122
2020/10/17 15:52,1602921150,970587272,632333878
2020/10/17 15:51,1602921090,1379173512,223747578
2020/10/17 15:50,1602921030,955505888,647415142
2020/10/17 15:49,1602920970,1386243864,216677106
2020/10/17 15:48,1602920910,910833104,692087806
2020/10/17 15:47,1602920850,1245476024,357444826
2020/10/17 15:46,1602920790,1515355896,87564894
2020/10/17 15:45,1602920730,1407262744,195657986
2020/10/17 15:44,1602920670,1215873088,387047582
2020/10/17 15:43,1602920610,1264008864,338911746
2020/10/17 15:42,1602920550,1174407072,428513478
2020/10/17 15:41,1602920490,1081246080,521674410
2020/10/17 15:40,1602920430,1005438064,597482366
2020/10/17 15:39,1602920370,996427952,606492418
2020/10/17 15:38,1602920310,939856192,663064118
2020/10/17 15:37,1602920250,1088637088,514283162
2020/10/17 15:36,1602920190,1357077720,245842470
2020/10/17 15:35,1602920130,1296895288,306024842
2020/10/17 15:34,1602920070,1218023056,384897014
2020/10/17 15:33,1602920010,1093304800,509615210
2020/10/17 15:32,1602919950,969902296,633017654
2020/10/17 15:31,1602919890,1613401824,-10481934
2020/10/17 15:30,1602919830,1539408552,63511278
2020/10/17 15:29,1602919770,1509449656,93470114
2020/10/17 15:28,1602919710,1294555976,308363734
2020/10/17 15:27,1602919650,1171132008,431787642
2020/10/17 15:26,1602919590,1133766048,469153542
2020/10/17 15:25,1602919530,1058338512,544581018
2020/10/17 15:24,1602919470,1494198128,108721342
2020/10/17 15:23,1602919410,1065738112,537181298
2020/10/17 15:22,1602919350,926623928,676295422
2020/10/17 15:21,1602919290,1523167120,79752170
2020/10/17 15:20,1602919230,985648968,617270262
2020/10/17 15:19,1602919170,1036745832,566173338
2020/10/17 15:18,1602919110,1651308296,-48389186
2020/10/17 15:17,1602919050,1289110712,313808338
2020/10/17 15:16,1602918990,1046909176,556009814
2020/10/17 15:15,1602918930,1014349176,588569754
2020/10/17 15:14,1602918870,1416808968,186109902
2020/10/17 15:13,1602918810,1173926104,428992706
2020/10/17 15:12,1602918750,1114608032,488310718
2020/10/17 15:11,1602918690,1457562472,145356218
2020/10/17 15:10,1602918630,1348488008,254430622
2020/10/17 15:09,1602918570,1064250960,538667610
2020/10/17 15:08,1602918510,1397356048,205562462
2020/10/17 15:07,1602918450,1431826136,171092314
2020/10/17 15:06,1602918390,1364953848,237964542
2020/10/17 15:05,1602918330,911555536,691362794
2020/10/17 15:04,1602918270,1527160320,75757950
2020/10/17 15:03,1602918210,1451246768,151671442
2020/10/17 15:02,1602918150,1095758920,507159230
2020/10/17 15:01,1602918090,1169593272,433324818
2020/10/17 15:00,1602918030,1318050168,284867862
2020/10/17 14:59,1602917970,1057361640,545556330
2020/10/17 14:58,1602917910,1299077808,303840102
2020/10/17 14:57,1602917850,1314134840,288783010
2020/10/17 14:56,1602917790,1231199712,371718078
2020/10/17 14:55,1602917730,1131115656,471802074
2020/10/17 14:54,1602917670,1091146088,511771582
2020/10/17 14:53,1602917610,1603876848,-959238
2020/10/17 14:52,1602917550,1424593192,178324358
2020/10/17 14:51,1602917490,1081454584,521462906
2020/10/17 14:50,1602917430,1083319232,519598198
2020/10/17 14:49,1602917370,1575325576,27591794
2020/10/17 14:48,1602917310,1569818456,33098854
2020/10/17 14:47,1602917250,1516110432,86806818
2020/10/17 14:46,1602917190,1338813944,264103246
2020/10/17 14:45,1602917130,1094671944,508245186
2020/10/17 14:44,1602917070,1160097672,442819398
2020/10/17 14:43,1602917010,1279561208,323355802
2020/10/17 14:42,1602916950,1151894792,451022158
2020/10/17 14:41,1602916890,1326352512,276564378
2020/10/17 14:40,1602916830,1168270720,434646110
2020/10/17 14:39,1602916770,1041094568,561822202
2020/10/17 14:38,1602916710,982344584,620572126
2020/10/17 14:37,1602916650,1010035576,592881074
2020/10/17 14:36,1602916590,1074546520,528370070
2020/10/17 14:35,1602916530,921352848,681563682
2020/10/17 14:34,1602916470,976678088,626238382
2020/10/17 14:33,1602916410,1309666744,293249666
2020/10/17 14:32,1602916350,944889792,658026558
2020/10/17 14:31,1602916290,1126282456,476633834
2020/10/17 14:30,1602916230,1227084024,375832206
2020/10/17 14:29,1602916170,1161588368,441327802
2020/10/17 14:28,1602916110,1065682584,537233526
2020/10/17 14:27,1602916050,1016126984,586789066
2020/10/17 14:26,1602915990,1091023224,511892766
2020/10/17 14:25,1602915930,1099037048,503878882
2020/10/17 14:24,1602915870,1297192128,305723742
2020/10/17 14:23,1602915810,1492035776,110880034
2020/10/17 14:22,1602915750,1353915272,249000478
2020/10/17 14:21,1602915690,1111682552,491233138
2020/10/17 14:20,1602915630,916398400,686517230
2020/10/17 14:19,1602915570,1318839816,284075754
2020/10/17 14:18,1602915511,1135847304,467068207
2020/10/17 14:17,1602915450,935850192,667065258
2020/10/17 14:16,1602915390,860258952,742656438
2020/10/17 14:15,1602915330,1066919768,535995562
2020/10/17 14:14,1602915270,1056757872,546157398
2020/10/17 14:13,1602915210,1320901248,282013962
2020/10/17 14:12,1602915150,894503816,708411334
2020/10/17 14:11,1602915090,1384385968,218529122
2020/10/17 14:10,1602915030,1449785736,153129294
2020/10/17 14:09,1602914970,1269973888,332941082
2020/10/17 14:08,1602914910,1629739376,-26824466
2020/10/17 14:07,1602914850,1626528816,-23613966
2020/10/17 14:06,1602914790,1324031832,278882958
2020/10/17 14:05,1602914730,1142035384,460879346
2020/10/17 14:04,1602914670,1365854712,237059958
2020/10/17 14:03,1602914610,1305040120,297874490
2020/10/17 14:02,1602914550,1210418128,392496422
2020/10/17 14:01,1602914490,987690344,615224146
2020/10/17 14:00,1602914430,1033317544,569596886
2020/10/17 13:59,1602914370,956338168,646576202
2020/10/17 13:58,1602914310,1019834672,583079638
2020/10/17 13:57,1602914250,870781240,732133010
2020/10/17 13:56,1602914190,990899064,612015126
2020/10/17 13:55,1602914130,1438187800,164726330
2020/10/17 13:54,1602914070,940105408,662808662
2020/10/17 13:53,1602914010,1054741128,548172882
2020/10/17 13:52,1602913950,899422112,703491838
2020/10/17 13:51,1602913890,1357734448,245179442
2020/10/17 13:50,1602913830,1226850696,376063134
2020/10/17 13:49,1602913770,1128737992,474175778
2020/10/17 13:48,1602913710,1262474136,340439574
2020/10/17 13:47,1602913650,1076591664,526321986
2020/10/17 13:46,1602913590,1161950600,440962990
2020/10/17 13:45,1602913530,1573108216,29805314
2020/10/17 13:44,1602913470,1459236040,143677430
2020/10/17 13:43,1602913410,1411709928,191203482
2020/10/17 13:42,1602913350,1309921256,292992094
2020/10/17 13:41,1602913290,1105579560,497333730
2020/10/17 13:40,1602913230,1113583336,489329894
2020/10/17 13:39,1602913170,1003192784,599720386
2020/10/17 13:38,1602913110,839442696,763470414
2020/10/17 13:37,1602913050,877600664,725312386
2020/10/17 13:36,1602912990,1329565664,273347326
2020/10/17 13:35,1602912930,1210016056,392896874
2020/10/17 13:34,1602912870,1113116256,489796614
2020/10/17 13:33,1602912810,1144078592,458834218
2020/10/17 13:32,1602912750,1402991488,199921262
2020/10/17 13:31,1602912690,904547776,698364914
2020/10/17 13:30,1602912630,871644792,731267838
2020/10/17 13:29,1602912570,1227729528,375183042
2020/10/17 13:28,1602912510,1016242488,586670022
2020/10/17 13:27,1602912450,1457402576,145509874
2020/10/17 13:26,1602912390,1192533224,410379166
2020/10/17 13:25,1602912330,1248214360,354697970
2020/10/17 13:24,1602912270,1501265672,101646598
2020/10/17 13:23,1602912210,910469312,692442898
2020/10/17 13:22,1602912150,876597832,726314318
2020/10/17 13:21,1602912090,1244034816,358877274
2020/10/17 13:20,1602912030,1171590040,431321990
2020/10/17 13:19,1602911970,1161548856,441363114
2020/10/17 13:18,1602911910,1526791920,76119990
2020/10/17 13:17,1602911850,1225113584,377798266
2020/10/17 13:16,1602911790,1161686528,441225262
2020/10/17 13:15,1602911730,873929032,728982698
2020/10/17 13:14,1602911670,1645270736,-42359066
2020/10/17 13:13,1602911610,1574940384,27971226
2020/10/17 13:12,1602911550,1314433512,288478038
2020/10/17 13:11,1602911490,1489020384,113891106
2020/10/17 13:10,1602911430,906772872,696138558
2020/10/17 13:09,1602911370,1525990512,76920858
2020/10/17 13:08,1602911310,923508288,679403022
2020/10/17 13:07,1602911250,1349735936,253175314
2020/10/17 13:06,1602911190,1200061448,402849742
2020/10/17 13:05,1602911130,1116069408,486841722
2020/10/17 13:04,1602911070,1300947448,301963622
2020/10/17 13:03,1602911010,1093520160,509390850
2020/10/17 13:02,1602910950,1263568128,339342822
2020/10/17 13:01,1602910890,1092797416,510113474
2020/10/17 13:00,1602910830,1056923712,545987118
2020/10/17 12:59,1602910770,944402816,658507954
2020/10/17 12:58,1602910710,988157600,614753110
2020/10/17 12:57,1602910650,1206283560,396627090
2020/10/17 12:56,1602910590,1141467544,461443046
2020/10/17 12:55,1602910530,1540465672,62444858
2020/10/17 12:54,1602910470,1284523800,318386670
2020/10/17 12:53,1602910410,895300280,707610130
2020/10/17 12:52,1602910350,1152257728,450652622
2020/10/17 12:51,1602910290,1057951608,544958682
2020/10/17 12:50,1602910230,891018352,711891878
2020/10/17 12:49,1602910170,1071919032,530991138
2020/10/17 12:48,1602910110,1082591024,520319086
2020/10/17 12:47,1602910050,898181944,704728106
2020/10/17 12:46,1602909990,1297113104,305796886
2020/10/17 12:45,1602909930,899249792,703660138
2020/10/17 12:44,1602909870,1069518216,533391654
2020/10/17 12:43,1602909810,1385689432,217220378
2020/10/17 12:42,1602909750,1066424224,536485526
2020/10/17 12:41,1602909690,805797832,797111858
2020/10/17 12:40,1602909630,1421288120,181621510
2020/10/17 12:39,1602909570,1652677976,-49768406
2020/10/17 12:38,1602909510,947154840,655754670
2020/10/17 12:37,1602909450,960112824,642796626
2020/10/17 12:36,1602909390,999969944,602939446
2020/10/17 12:35,1602909330,1529761912,73147418
2020/10/17 12:34,1602909270,1345736320,257172950
2020/10/17 12:33,1602909210,1090546368,512362842
2020/10/17 12:32,1602909150,1088575392,514333758
2020/10/17 12:31,1602909090,897561240,705347850
2020/10/17 12:30,1602909030,1089726224,513182806
2020/10/17 12:29,1602908970,1299252296,303656674
2020/10/17 12:28,1602908910,1283739168,319169742
2020/10/17 12:27,1602908850,1010566416,592342434
2020/10/17 12:26,1602908790,942225680,660683110
2020/10/17 12:25,1602908730,1298530848,304377882
2020/10/17 12:24,1602908670,1108459896,494448774
2020/10/17 12:23,1602908610,904931016,697977594
2020/10/17 12:22,1602908550,1208806952,394101598
2020/10/17 12:21,1602908490,1028653456,574255034
2020/10/17 12:20,1602908430,960839592,642068838
2020/10/17 12:19,1602908370,1255451368,347457002
2020/10/17 12:18,1602908310,1028032064,574876246
2020/10/17 12:17,1602908250,917786576,685121674
2020/10/17 12:16,1602908190,1122705088,480203102
2020/10/17 12:15,1602908130,1516683592,86224538
2020/10/17 12:14,1602908070,1415613624,187294446
2020/10/17 12:13,1602908010,1017459384,585448626
2020/10/17 12:12,1602907951,1326059768,276848183
2020/10/17 12:11,1602907890,1045925848,556982042
2020/10/17 12:10,1602907830,923565904,679341926
2020/10/17 12:09,1602907770,907566032,695341738
2020/10/17 12:08,1602907710,1123833688,479074022
2020/10/17 12:07,1602907650,1299201640,303706010
2020/10/17 12:06,1602907590,1080868912,522038678
2020/10/17 12:05,1602907530,1338290080,264617450
2020/10/17 12:04,1602907470,1039156744,563750726
2020/10/17 12:03,1602907410,991194776,611712634
2020/10/17 12:02,1602907350,1243724544,359182806
2020/10/17 12:01,1602907290,1217991208,384916082
2020/10/17 12:00,1602907230,1059171592,543735638
2020/10/17 11:59,1602907170,961454192,641452978
2020/10/17 11:58,1602907110,1239559112,363347998
2020/10/17 11:57,1602907050,934487496,668419554
2020/10/17 11:56,1602906990,940497216,662409774
2020/10/17 11:55,1602906930,1014709840,588197090
2020/10/17 11:54,1602906870,977369352,625537518
2020/10/17 11:53,1602906810,1346742672,256164138
2020/10/17 11:52,1602906750,1371478424,231428326
2020/10/17 11:51,1602906690,1216836784,386069906
2020/10/17 11:50,1602906630,1386213784,216692846
2020/10/17 11:49,1602906570,926590528,676316042
2020/10/17 11:48,1602906510,973712008,629194502
2020/10/17 11:47,1602906450,1484468688,118437762
2020/10/17 11:46,1602906390,1339697312,263209078
2020/10/17 11:45,1602906330,979534568,623371762
2020/10/17 11:44,1602906270,1349270560,253635710
2020/10/17 11:43,1602906210,1297937096,304969114
2020/10/17 11:42,1602906150,1236230256,366675894
2020/10/17 11:41,1602906090,1164776992,438129098
2020/10/17 11:40,1602906030,1039882736,563023294
2020/10/17 11:39,1602905970,1100055856,502850114
2020/10/17 11:38,1602905910,1349452416,253453494
2020/10/17 11:37,1602905850,1188829512,414076338
2020/10/17 11:36,1602905790,1137168096,465737694
2020/10/17 11:35,1602905730,1071638552,531267178
2020/10/17 11:34,1602905670,1032058248,570847422
2020/10/17 11:33,1602905610,992364376,610541234
2020/10/17 11:32,1602905550,854538144,748367406
2020/10/17 11:31,1602905490,1287723968,315181522
2020/10/17 11:30,1602905430,872694616,730210814
2020/10/17 11:29,1602905370,1500448368,102457002
2020/10/17 11:28,1602905310,1165409712,437495598
2020/10/17 11:27,1602905250,1475420696,127484554
2020/10/17 11:26,1602905190,959220392,643684798
2020/10/17 11:25,1602905130,1639595280,-36690150
2020/10/17 11:24,1602905070,1467147384,135757686
2020/10/17 11:23,1602905010,1272021920,330883090
2020/10/17 11:22,1602904950,1139042976,463861974
2020/10/17 11:21,1602904890,1165757560,437147330
2020/10/17 11:20,1602904830,1379901400,223003430
2020/10/17 11:19,1602904770,1006681072,596223698
2020/10/17 11:18,1602904710,1634633064,-31728354
2020/10/17 11:17,1602904650,1429947608,172957042
2020/10/17 11:16,1602904590,1214010344,388894246
2020/10/17 11:15,1602904530,1155869104,447035426
2020/10/17 11:14,1602904470,1551691160,51213310
2020/10/17 11:13,1602904410,1156107920,446796490
2020/10/17 11:12,1602904350,1443627952,159276398
2020/10/17 11:11,1602904290,1300753768,302150522
2020/10/17 11:10,1602904230,984731680,618172550
2020/10/17 11:09,1602904170,1249052616,353851554
2020/10/17 11:08,1602904110,1008175872,594728238
2020/10/17 11:07,1602904050,1335884424,267019626
2020/10/17 11:06,1602903990,1078493128,524410862
2020/10/17 11:05,1602903930,1085084992,517818938
2020/10/17 11:04,1602903870,1008613424,594290446
2020/10/17 11:03,1602903810,894209128,708694682
2020/10/17 11:02,1602903750,1392266848,210636902
2020/10/17 11:01,1602903690,1418586608,184317082
2020/10/17 11:00,1602903630,1014728520,588175110
2020/10/17 10:59,1602903570,1553780184,49123386
2020/10/17 10:58,1602903510,1080869248,522034262
2020/10/17 10:57,1602903450,1023774512,579128938
2020/10/17 10:56,1602903390,1695837512,-92934122
2020/10/17 10:55,1602903330,973453992,629449338
2020/10/17 10:54,1602903270,838800032,764103238
2020/10/17 10:53,1602903210,1007925760,594977450
2020/10/17 10:52,1602903150,1244147512,358755638
2020/10/17 10:51,1602903090,862241080,740662010
2020/10/17 10:50,1602903030,975695848,627207182
2020/10/17 10:49,1602902970,1314436096,288466874
2020/10/17 10:48,1602902910,872588600,730314310
2020/10/17 10:47,1602902850,1022069824,580833026
2020/10/17 10:46,1602902790,965873360,637029430
2020/10/17 10:45,1602902730,1307622952,295279778
2020/10/17 10:44,1602902670,1178446400,424456270
2020/10/17 10:43,1602902610,989280944,613621666
2020/10/17 10:42,1602902550,1360060968,242841582
2020/10/17 10:41,1602902490,1332655336,270247154
2020/10/17 10:40,1602902430,1083310920,519591510
2020/10/17 10:39,1602902370,1184919440,417982930
2020/10/17 10:38,1602902310,1115322248,487580062
2020/10/17 10:37,1602902250,868239112,734663138
2020/10/17 10:36,1602902190,1223746752,379155438
2020/10/17 10:35,1602902130,1063260288,539641842
2020/10/17 10:34,1602902070,892343888,710558182
2020/10/17 10:33,1602902010,976454096,626447914
2020/10/17 10:32,1602901950,925770040,677131910
2020/10/17 10:31,1602901890,1041173000,561728890
2020/10/17 10:30,1602901830,1360144536,242757294
2020/10/17 10:29,1602901770,1170178608,432723162
2020/10/17 10:28,1602901710,868504328,734397382
2020/10/17 10:27,1602901650,1255342424,347559226
2020/10/17 10:26,1602901590,1503204432,99697158
2020/10/17 10:25,1602901530,1217169984,385731546
2020/10/17 10:24,1602901470,1198293792,404607678
2020/10/17 10:23,1602901410,1150186144,452715266
2020/10/17 10:22,1602901350,1008365296,594536054
2020/10/17 10:21,1602901290,939768504,663132786
2020/10/17 10:20,1602901230,988553744,614347486
2020/10/17 10:19,1602901170,1524752592,78148578
2020/10/17 10:18,1602901110,1210749008,392152102
2020/10/17 10:17,1602901050,1656665384,-53764334
2020/10/17 10:16,1602900990,1507573904,95327086
2020/10/17 10:15,1602900930,1365286800,237614130
2020/10/17 10:14,1602900870,1416303504,186597366
2020/10/17 10:13,1602900810,1090807984,512092826
2020/10/17 10:12,1602900750,1214704600,388196150
2020/10/17 10:11,1602900690,1141259504,461641186
2020/10/17 10:10,1602900630,936209472,666691158
2020/10/17 10:09,1602900570,913554048,689346522
2020/10/17 10:08,1602900510,1277289600,325610910
2020/10/17 10:07,1602900450,1139428312,463472138
2020/10/17 10:06,1602900390,1105942248,496958142
2020/10/17 10:05,1602900330,1189109672,413790658
2020/10/17 10:04,1602900270,1217084024,385816246
2020/10/17 10:03,1602900210,905650736,697249474
2020/10/17 10:02,1602900150,1287053920,315846230
2020/10/17 10:01,1602900090,1071212984,531687106
2020/10/17 10:00,1602900030,1119822088,483077942
2020/10/17 09:59,1602899970,1090974512,511925458
2020/10/17 09:58,1602899910,875601784,727298126
2020/10/17 09:57,1602899850,1225972752,376927098
2020/10/17 09:56,1602899790,1155490424,447409366
2020/10/17 09:55,1602899730,1139303112,463596618
2020/10/17 09:54,1602899670,961092480,641807190
2020/10/17 09:53,1602899610,945312272,657587338
2020/10/17 09:52,1602899550,1112608192,490291358
2020/10/17 09:51,1602899490,1043938696,558960794
2020/10/17 09:50,1602899430,898027216,704872214
2020/10/17 09:49,1602899370,1333168448,269730922
2020/10/17 09:48,1602899310,1099568968,503330342
2020/10/17 09:47,1602899250,1192589568,410309682
2020/10/17 09:46,1602899190,1684145288,-81246098
2020/10/17 09:45,1602899130,1405858232,197040898
2020/10/17 09:44,1602899070,1248907008,353992062
2020/10/17 09:43,1602899010,1203780616,399118394
2020/10/17 09:42,1602898950,1006204376,596694574
2020/10/17 09:41,1602898890,1356292080,246606810
2020/10/17 09:40,1602898830,1190841576,412057254
2020/10/17 09:39,1602898770,1339600432,263298338
2020/10/17 09:38,1602898710,1053276112,549622598
2020/10/17 09:37,1602898650,1095424448,507474202
2020/10/17 09:36,1602898590,1189078840,413819750
2020/10/17 09:35,1602898530,964198920,638699610
2020/10/17 09:34,1602898470,1294079504,308818966
2020/10/17 09:33,1602898410,1119017448,483880962
2020/10/17 09:32,1602898350,913958816,688939534
2020/10/17 09:31,1602898290,1111216088,491682202
2020/10/17 09:30,1602898230,1014184072,588714158
2020/10/17 09:29,1602898170,888487640,714410530
2020/10/17 09:28,1602898110,1182389176,420508934
2020/10/17 09:27,1602898050,974664960,628233090
2020/10/17 09:26,1602897990,1185443952,417454038
2020/10/17 09:25,1602897930,1044796272,558101658
2020/10/17 09:24,1602897870,1100979776,501918094
2020/10/17 09:23,1602897810,971029384,631868426
2020/10/17 09:22,1602897750,1518334144,84563606
2020/10/17 09:21,1602897690,1168554432,434343258
2020/10/17 09:20,1602897630,1136240112,466657518
2020/10/17 09:19,1602897570,1053805152,549092418
2020/10/17 09:18,1602897510,1051150064,551747446
2020/10/17 09:17,1602897450,1283311536,319585914
2020/10/17 09:16,1602897390,1001585016,601312374
2020/10/17 09:15,1602897330,1085544312,517353018
2020/10/17 09:14,1602897270,1116891896,486005374
2020/10/17 09:13,1602897210,1268835072,334062138
2020/10/17 09:12,1602897150,960718008,642179142
2020/10/17 09:11,1602897090,1006280536,596616554
2020/10/17 09:10,1602897030,996684848,606212182
2020/10/17 09:09,1602896970,925145656,677751314
2020/10/17 09:08,1602896910,1197930096,404966814
2020/10/17 09:07,1602896850,835325256,767571594
2020/10/17 09:06,1602896790,1399841720,203055070
2020/10/17 09:05,1602896730,780952976,821943754
2020/10/17 09:04,1602896670,1188094440,414802230
2020/10/17 09:03,1602896610,1018871712,584024898
2020/10/17 09:02,1602896550,1279118608,323777942
2020/10/17 09:01,1602896490,1480244488,122652002
2020/10/17 09:00,1602896430,1208959280,393937150
2020/10/17 08:59,1602896370,921887240,681009130
2020/10/17 08:58,1602896310,972235928,630660382
2020/10/17 08:57,1602896250,1177792920,425103330
2020/10/17 08:56,1602896190,951831704,651064486
2020/10/17 08:55,1602896130,1005665896,597230234
2020/10/17 08:54,1602896070,1262446400,340449670
2020/10/17 08:53,1602896010,1199467936,403428074
2020/10/17 08:52,1602895950,1046235024,556660926
2020/10/17 08:51,1602895890,984813720,618082170
2020/10/17 08:50,1602895830,1044120264,558775566
2020/10/17 08:49,1602895770,1209998072,392897698
2020/10/17 08:48,1602895710,1120993896,481901814
2020/10/17 08:47,1602895650,967317648,635578002
2020/10/17 08:46,1602895590,1292929488,309966102
2020/10/17 08:45,1602895530,1043431584,559463946
2020/10/17 08:44,1602895470,921489352,681406118
2020/10/17 08:43,1602895410,1322403584,280491826
2020/10/17 08:42,1602895350,1214455776,388439574
2020/10/17 08:41,1602895290,1121161352,481733938
2020/10/17 08:40,1602895230,977848640,625046590
2020/10/17 08:39,1602895170,821161744,781733426
2020/10/17 08:38,1602895110,724973968,877921142
2020/10/17 08:37,1602895050,1023177312,579717738
2020/10/17 08:36,1602894990,898647296,704247694
2020/10/17 08:35,1602894930,1125407912,477487018
2020/10/17 08:34,1602894870,1014024504,588870366
2020/10/17 08:33,1602894810,1410725176,192169634
2020/10/17 08:32,1602894750,1200008608,402886142
2020/10/17 08:31,1602894690,1062376416,540518274
2020/10/17 08:30,1602894630,1138393464,464501166
2020/10/17 08:29,1602894570,1170198160,432696410
2020/10/17 08:28,1602894510,1276756392,326138118
2020/10/17 08:27,1602894450,1628432160,-25537710
2020/10/17 08:26,1602894390,1602119296,775094
2020/10/17 08:25,1602894330,1365307504,237586826
2020/10/17 08:24,1602894270,1276597256,326297014
2020/10/17 08:23,1602894210,954858680,648035530
2020/10/17 08:22,1602894150,1406546080,196348070
2020/10/17 08:21,1602894090,847656232,755237858
2020/10/17 08:20,1602894030,1258590456,344303574
2020/10/17 08:19,1602893970,945651544,657242426
2020/10/17 08:18,1602893910,1191824096,411069814
2020/10/17 08:17,1602893850,1021296704,581597146
2020/10/17 08:16,1602893790,1387264096,215629694
2020/10/17 08:15,1602893730,1137826832,465066898
2020/10/17 08:14,1602893670,961679832,641213838
2020/10/17 08:13,1602893610,881404856,721488754
2020/10/17 08:12,1602893550,1213715160,389178390
2020/10/17 08:11,1602893490,1097131104,505762386
2020/10/17 08:10,1602893430,1213271016,389622414
2020/10/17 08:09,1602893370,1142837992,460055378
2020/10/17 08:08,1602893310,1066705504,536187806
2020/10/17 08:07,1602893250,1305234008,297659242
2020/10/17 08:06,1602893190,1544529912,58363278
2020/10/17 08:05,1602893130,923599392,679293738
2020/10/17 08:04,1602893070,1170341512,432551558
2020/10/17 08:03,1602893010,836474168,766418842
2020/10/17 08:02,1602892950,1540331992,62560958
2020/10/17 08:01,1602892890,1493179888,109713002
2020/10/17 08:00,1602892830,1431611424,171281406
2020/10/17 07:59,1602892770,906350848,696541922
2020/10/17 07:58,1602892710,1507162944,95729766
2020/10/17 07:57,1602892650,1048915112,553977538
2020/10/17 07:56,1602892590,913952840,688939750
2020/10/17 07:55,1602892530,1277137832,325754698
2020/10/17 07:54,1602892470,1261836528,341055942
2020/10/17 07:53,1602892410,835319072,767573338
2020/10/17 07:52,1602892350,995236736,607655614
2020/10/17 07:51,1602892290,1309204632,293687658
2020/10/17 07:50,1602892230,1194013936,408878294
2020/10/17 07:49,1602892170,1159638488,443253682
2020/10/17 07:48,1602892110,882453168,720438942
2020/10/17 07:47,1602892050,1319147016,283745034
2020/10/17 07:46,1602891990,1216277040,386614950
2020/10/17 07:45,1602891930,1069325824,533566106
2020/10/17 07:44,1602891870,1100614120,502277750
2020/10/17 07:43,1602891810,1011334264,591557546
2020/10/17 07:42,1602891750,868889384,734002366
2020/10/17 07:41,1602891690,1547907632,54984058
2020/10/17 07:40,1602891630,1438197168,164694462
2020/10/17 07:39,1602891570,1043931304,558960266
2020/10/17 07:38,1602891510,1066000144,536891366
2020/10/17 07:37,1602891450,1090664952,512226498
2020/10/17 07:36,1602891390,1006380656,596510734
2020/10/17 07:35,1602891330,1290628256,312263074
2020/10/17 07:34,1602891270,973494920,629396350
2020/10/17 07:33,1602891210,1166970624,435920586
2020/10/17 07:32,1602891150,1063314752,539576398
2020/10/17 07:31,1602891090,1000113680,602777410
2020/10/17 07:30,1602891030,923678376,679212654
2020/10/17 07:29,1602890970,951828792,651062178
2020/10/17 07:28,1602890910,1125284544,477606366
2020/10/17 07:27,1602890850,892880072,710010778
2020/10/17 07:26,1602890790,1253823136,349067654
2020/10/17 07:25,1602890730,1038027880,564862850
2020/10/17 07:24,1602890670,1354389312,248501358
2020/10/17 07:23,1602890610,839488952,763401658
2020/10/17 07:22,1602890550,979311280,623579270
2020/10/17 07:21,1602890490,1254668728,348221762
2020/10/17 07:20,1602890430,1063215560,539674870
2020/10/17 07:19,1602890370,1408619296,194271074
2020/10/17 07:18,1602890310,1165909224,436981086
2020/10/17 07:17,1602890250,929889824,673000426
2020/10/17 07:16,1602890190,1257034096,345856094
2020/10/17 07:15,1602890130,1108955264,493934866
2020/10/17 07:14,1602890070,993934136,608955934
2020/10/17 07:13,1602890010,898440056,704449954
2020/10/17 07:12,1602889950,1545813464,57076486
2020/10/17 07:11,1602889890,1363103288,239786602
2020/10/17 07:10,1602889830,879928816,722961014
2020/10/17 07:09,1602889770,955599288,647290482
2020/10/17 07:08,1602889710,1171695568,431194142
2020/10/17 07:07,1602889650,1388939576,213950074
2020/10/17 07:06,1602889590,1111429168,491460422
2020/10/17 07:05,1602889530,1235429192,367460338
2020/10/17 07:04,1602889470,1187974176,414915294
2020/10/17 07:03,1602889410,1135238648,467650762
2020/10/17 07:02,1602889350,1004396088,598493262
2020/10/17 07:01,1602889290,916307096,686582194
2020/10/17 07:00,1602889230,1330197784,272691446
2020/10/17 06:59,1602889170,1166932592,435956578
2020/10/17 06:58,1602889110,1204955776,397933334
2020/10/17 06:57,1602889050,1126918072,475970978
2020/10/17 06:56,1602888990,996018792,606870198
2020/10/17 06:55,1602888930,898905800,703983130
2020/10/17 06:54,1602888870,1131065048,471823822
2020/10/17 06:53,1602888810,1143302944,459585866
2020/10/17 06:52,1602888750,970193176,632695574
2020/10/17 06:51,1602888690,958320760,644567930
2020/10/17 06:50,1602888630,1076300872,526587758
2020/10/17 06:49,1602888570,1016492200,586396370
2020/10/17 06:48,1602888510,918026416,684862094
2020/10/17 06:47,1602888450,1306964464,295923986
2020/10/17 06:46,1602888390,1109731856,493156534
2020/10/17 06:45,1602888330,973400192,629488138
2020/10/17 06:44,1602888270,848794208,754094062
2020/10/17 06:43,1602888210,1003952112,598936098
2020/10/17 06:42,1602888150,817736864,785151286
2020/10/17 06:41,1602888090,759776600,843111490
2020/10/17 06:40,1602888030,1064494416,538393614
2020/10/17 06:39,1602887970,935554936,667333034
2020/10/17 06:38,1602887910,856554160,746333750
2020/10/17 06:37,1602887850,1173414008,429473842
2020/10/17 06:36,1602887790,1039594576,563293214
2020/10/17 06:35,1602887730,871509848,731377882
2020/10/17 06:34,1602887670,1190630408,412257262
2020/10/17 06:33,1602887610,1042338672,560548938
2020/10/17 06:32,1602887550,839468672,763418878
2020/10/17 06:31,1602887490,1334659056,268228434
2020/10/17 06:30,1602887430,1367224528,235662902
2020/10/17 06:29,1602887370,1142952944,459934426
2020/10/17 06:28,1602887310,984984240,617903070
2020/10/17 06:27,1602887250,1043893824,558993426
2020/10/17 06:26,1602887190,966927448,635959742
2020/10/17 06:25,1602887130,769962696,832924434
2020/10/17 06:24,1602887070,832337480,770549590
2020/10/17 06:23,1602887010,1559389824,43497186
2020/10/17 06:22,1602886950,1439389560,163497390
2020/10/17 06:21,1602886890,1340078760,262808130
2020/10/17 06:20,1602886830,811117304,791769526
2020/10/17 06:19,1602886770,978160880,624725890
2020/10/17 06:18,1602886710,1066697936,536188774
2020/10/17 06:17,1602886650,922758360,680128290
2020/10/17 06:16,1602886590,1342835240,260051350
2020/10/17 06:15,1602886530,1023978440,578908090
2020/10/17 06:14,1602886470,1397287792,205598678
2020/10/17 06:13,1602886410,1124475696,478410714
2020/10/17 06:12,1602886350,937280664,665605686
2020/10/17 06:11,1602886290,1191266568,411619722
2020/10/17 06:10,1602886230,1088952664,513933566
2020/10/17 06:09,1602886170,882492304,720393866
2020/10/17 06:08,1602886110,835866704,767019406
2020/10/17 06:07,1602886050,863233872,739652178
2020/10/17 06:06,1602885990,807238472,795647518
2020/10/17 06:05,1602885930,1142872160,460013770
2020/10/17 06:04,1602885870,1050625672,552260198
2020/10/17 06:03,1602885810,960378712,642507098
2020/10/17 06:02,1602885750,1270255256,332630494
2020/10/17 06:01,1602885690,915085944,687799746
2020/10/17 06:00,1602885630,1396548792,206336838
2020/10/17 05:59,1602885570,1097691976,505193594
2020/10/17 05:58,1602885510,1140987832,461897678
2020/10/17 05:57,1602885450,949064000,653821450
2020/10/17 05:56,1602885390,1065215920,537669470
2020/10/17 05:55,1602885330,1124510640,478374690
2020/10/17 05:54,1602885270,887652840,715232430
2020/10/17 05:53,1602885210,1207928384,394956826
2020/10/17 05:52,1602885150,782764528,820120622
2020/10/17 05:51,1602885090,1099597736,503287354
2020/10/17 05:50,1602885030,926176408,676708622
2020/10/17 05:49,1602884970,1160717224,442167746
2020/10/17 05:48,1602884910,1086607144,516277766
2020/10/17 05:47,1602884850,1045160600,557724250
2020/10/17 05:46,1602884790,838432360,764452430
2020/10/17 05:45,1602884730,1009387168,593497562
2020/10/17 05:44,1602884670,883086400,719798270
2020/10/17 05:43,1602884610,1395188584,207696026
2020/10/17 05:42,1602884550,1138159680,464724870
2020/10/17 05:41,1602884490,1049648552,553235938
2020/10/17 05:40,1602884430,1251656816,351227614
2020/10/17 05:39,1602884370,922845400,680038970
2020/10/17 05:38,1602884310,849939432,752944878
2020/10/17 05:37,1602884250,1087572152,515312098
2020/10/17 05:36,1602884190,889118360,713765830
2020/10/17 05:35,1602884130,1443299728,159584402
2020/10/17 05:34,1602884070,960231384,642652686
2020/10/17 05:33,1602884010,799989504,802894506
2020/10/17 05:32,1602883950,1175609544,427274406
2020/10/17 05:31,1602883890,1044712240,558171650
2020/10/17 05:30,1602883830,862256584,740627246
2020/10/17 05:29,1602883770,1208078872,394804898
2020/10/17 05:28,1602883710,817685376,785198334
2020/10/17 05:27,1602883650,1011573840,591309810
2020/10/17 05:26,1602883590,1223670672,379212918
2020/10/17 05:25,1602883530,1002116272,600767258
2020/10/17 05:24,1602883470,818486080,784397390
2020/10/17 05:23,1602883410,1139629160,463254250
2020/10/17 05:22,1602883350,839644240,763239110
2020/10/17 05:21,1602883290,1189835584,413047706
2020/10/17 05:20,1602883230,1148260376,454622854
2020/10/17 05:19,1602883170,796804664,806078506
2020/10/17 05:18,1602883110,846498816,756384294
2020/10/17 05:17,1602883050,1136211040,466672010
2020/10/17 05:16,1602882990,1293975528,308907462
2020/10/17 05:15,1602882930,781057336,821825594
2020/10/17 05:14,1602882870,1267838296,335044574
2020/10/17 05:13,1602882810,1154765496,448117314
2020/10/17 05:12,1602882750,998998072,603884678
2020/10/17 05:11,1602882693,971171160,631711533
2020/10/17 05:10,1602882630,1349289272,253593358
2020/10/17 05:09,1602882570,1048440888,554441682
2020/10/17 05:08,1602882510,823340376,779542134
2020/10/17 05:07,1602882450,1148823608,454058842
2020/10/17 05:06,1602882390,852271800,750610590
2020/10/17 05:05,1602882330,1200365544,402516786
2020/10/17 05:04,1602882270,893605048,709277222
2020/10/17 05:03,1602882210,1080446128,522436082
2020/10/17 05:02,1602882150,1073909008,528973142
2020/10/17 05:01,1602882090,924255640,678626450
2020/10/17 05:00,1602882030,1137403888,465478142
2020/10/17 04:59,1602881970,774892552,827989418
2020/10/17 04:58,1602881910,969304952,633576958
2020/10/17 04:57,1602881850,809299664,793582186
2020/10/17 04:56,1602881790,937546912,665334878
2020/10/17 04:55,1602881730,1316786768,286094962
2020/10/17 04:54,1602881670,998693832,604187838
2020/10/17 04:53,1602881610,851117056,751764554
2020/10/17 04:52,1602881550,788031240,814850310
2020/10/17 04:51,1602881490,809514144,793367346
2020/10/17 04:50,1602881430,1292803128,310078302
2020/10/17 04:49,1602881370,752771520,850109850
2020/10/17 04:48,1602881310,859114480,743766830
2020/10/17 04:47,1602881250,1100716616,502164634
2020/10/17 04:46,1602881190,865509464,737371726
2020/10/17 04:45,1602881130,1142100624,460780506
2020/10/17 04:44,1602881070,991972920,610908150
2020/10/17 04:43,1602881010,881065944,721815066
2020/10/17 04:42,1602880950,1205994480,396886470
2020/10/17 04:41,1602880890,1047119920,555760970
2020/10/17 04:40,1602880830,818647296,784233534
2020/10/17 04:39,1602880770,729347864,873532906
2020/10/17 04:38,1602880710,872431320,730449390
2020/10/17 04:37,1602880650,1241577448,361303202
2020/10/17 04:36,1602880590,1008164712,594715878
2020/10/17 04:35,1602880530,804339592,798540938
2020/10/17 04:34,1602880470,1082243464,520637006
2020/10/17 04:33,1602880410,1002613304,600267106
2020/10/17 04:32,1602880350,874583400,728296950
2020/10/17 04:31,1602880290,776687168,826193122
2020/10/17 04:30,1602880230,1335156016,267724214
2020/10/17 04:29,1602880170,1339459192,263420978
2020/10/17 04:28,1602880110,1288365592,314514518
2020/10/17 04:27,1602880050,1030702672,572177378
2020/10/17 04:26,1602879990,1059807320,543072670
2020/10/17 04:25,1602879930,1471075592,131804338
2020/10/17 04:24,1602879870,993281288,609598582
2020/10/17 04:23,1602879810,914946704,687933106
2020/10/17 04:22,1602879750,873250696,729629054
2020/10/17 04:21,1602879690,1159910944,442968746
2020/10/17 04:20,1602879630,1113921440,488958190
2020/10/17 04:19,1602879570,1063381448,539498122
2020/10/17 04:18,1602879510,749671856,853207654
2020/10/17 04:17,1602879450,1189729400,413150050
2020/10/17 04:16,1602879390,1017084840,585794550
2020/10/17 04:15,1602879330,908010472,694868858
2020/10/17 04:14,1602879270,822476264,780403006
2020/10/17 04:13,1602879210,1274811536,328067674
2020/10/17 04:12,1602879150,842560432,760318718
2020/10/17 04:11,1602879090,1259466936,343412154
2020/10/17 04:10,1602879030,1129767560,473111470
2020/10/17 04:09,1602878970,968868736,634010234
2020/10/17 04:08,1602878910,891981704,710897206
2020/10/17 04:07,1602878850,931882200,670996650
2020/10/17 04:06,1602878790,766507160,836371630
2020/10/17 04:05,1602878730,1119751384,483127346
2020/10/17 04:04,1602878670,938398480,664480190
2020/10/17 04:03,1602878610,1087244752,515633858
2020/10/17 04:02,1602878550,992683352,610195198
2020/10/17 04:01,1602878490,1167815520,435062970
2020/10/17 04:00,1602878430,1043964184,558914246
2020/10/17 03:59,1602878370,921034304,681844066
2020/10/17 03:58,1602878310,917329752,685548558
2020/10/17 03:57,1602878250,1270322440,332555810
2020/10/17 03:56,1602878190,999786248,603091942
2020/10/17 03:55,1602878130,912352696,690525434
2020/10/17 03:54,1602878070,1272405536,330472534
2020/10/17 03:53,1602878010,925980616,676897394
2020/10/17 03:52,1602877950,753608704,849269246
2020/10/17 03:51,1602877890,1005569784,597308106
2020/10/17 03:50,1602877830,1030328816,572549014
2020/10/17 03:49,1602877770,1067661536,535216234
2020/10/17 03:48,1602877710,896857536,706020174
2020/10/17 03:47,1602877650,927006112,675871538
2020/10/17 03:46,1602877590,1174745072,428132518
2020/10/17 03:45,1602877530,971475128,631402402
2020/10/17 03:44,1602877470,1162812624,440064846
2020/10/17 03:43,1602877410,1052365208,550512202
2020/10/17 03:42,1602877350,923712632,679164718
2020/10/17 03:41,1602877290,793740016,809137274
2020/10/17 03:40,1602877230,1082149328,520727902
2020/10/17 03:39,1602877170,900377680,702499490
2020/10/17 03:38,1602877110,1235008824,367868286
2020/10/17 03:37,1602877050,917797800,685079250
2020/10/17 03:36,1602876990,1062741376,540135614
2020/10/17 03:35,1602876930,988871024,614005906
2020/10/17 03:34,1602876870,719842680,883034190
2020/10/17 03:33,1602876810,918827320,684049490
2020/10/17 03:32,1602876750,1210354936,392521814
2020/10/17 03:31,1602876690,1412720832,190155858
2020/10/17 03:30,1602876630,812911784,789964846
2020/10/17 03:29,1602876570,1394925288,207951282
2020/10/17 03:28,1602876510,1126675904,476200606
2020/10/17 03:27,1602876450,1083859808,519016642
2020/10/17 03:26,1602876390,965480488,637395902
2020/10/17 03:25,1602876330,801372984,801503346
2020/10/17 03:24,1602876270,902731224,700145046
2020/10/17 03:23,1602876210,1304558368,298317842
2020/10/17 03:22,1602876150,1613333824,-10457674
2020/10/17 03:21,1602876090,1404461840,198414250
2020/10/17 03:20,1602876030,1497390376,105485654
2020/10/17 03:19,1602875970,881102872,721773098
2020/10/17 03:18,1602875910,1595467072,7408838
2020/10/17 03:17,1602875850,1316594080,286281770
2020/10/17 03:16,1602875790,1173538848,429336942
2020/10/17 03:15,1602875730,1085823896,517051834
2020/10/17 03:14,1602875670,805604320,797271350
2020/10/17 03:13,1602875610,1192110368,410765242
2020/10/17 03:12,1602875550,1119397696,483477854
2020/10/17 03:11,1602875490,1490664040,112211450
2020/10/17 03:10,1602875430,1292939912,309935518
2020/10/17 03:09,1602875370,1519774080,83101290
2020/10/17 03:08,1602875310,1230148136,372727174
2020/10/17 03:07,1602875250,1060051904,542823346
2020/10/17 03:06,1602875190,1308280392,294594798
2020/10/17 03:05,1602875130,1265770360,337104770
2020/10/17 03:04,1602875070,858034072,744840998
2020/10/17 03:03,1602875010,1287296272,315578738
2020/10/17 03:02,1602874950,901326600,701548350
2020/10/17 03:01,1602874890,841465880,761409010
2020/10/17 03:00,1602874830,757344656,845530174
2020/10/17 02:59,1602874770,1106891592,495983178
2020/10/17 02:58,1602874710,996032560,606842150
2020/10/17 02:57,1602874650,943752232,659122418
2020/10/17 02:56,1602874590,773354376,829520214
2020/10/17 02:55,1602874530,727673704,875200826
2020/10/17 02:54,1602874470,1155695896,447178574
2020/10/17 02:53,1602874410,1037680496,565193914
2020/10/17 02:52,1602874350,825738608,777135742
2020/10/17 02:51,1602874290,682512968,920361322
2020/10/17 02:50,1602874230,1313421536,289452694
2020/10/17 02:49,1602874170,902465464,700408706
2020/10/17 02:48,1602874110,1034002152,568871958
2020/10/17 02:47,1602874050,940630664,662243386
2020/10/17 02:46,1602873990,796150448,806723542
2020/10/17 02:45,1602873930,995927088,606946842
2020/10/17 02:44,1602873870,828168960,774704910
2020/10/17 02:43,1602873810,1072646320,530227490
2020/10/17 02:42,1602873750,862765568,740108182
2020/10/17 02:41,1602873690,1516909136,85964554
2020/10/17 02:40,1602873630,965320320,637553310
2020/10/17 02:39,1602873571,1283823920,319049651
2020/10/17 02:38,1602873510,1067337880,535535630
2020/10/17 02:37,1602873450,823195688,779677762
2020/10/17 02:36,1602873390,840110000,762763390
2020/10/17 02:35,1602873330,1393499856,209373474
2020/10/17 02:34,1602873270,1180745816,422127454
2020/10/17 02:33,1602873210,1118924440,483948770
2020/10/17 02:32,1602873150,887652288,715220862
2020/10/17 02:31,1602873090,1353382608,249490482
2020/10/17 02:30,1602873030,1234198816,368674214
2020/10/17 02:29,1602872970,1083045856,519827114
2020/10/17 02:28,1602872910,1184833664,418039246
2020/10/17 02:27,1602872850,863226712,739646138
2020/10/17 02:26,1602872790,1052287576,550585214
2020/10/17 02:25,1602872730,1512995872,89876858
2020/10/17 02:24,1602872670,1203534520,399338150
2020/10/17 02:23,1602872610,1015441968,587430642
2020/10/17 02:22,1602872550,769826016,833046534
2020/10/17 02:21,1602872490,770928280,831944210
2020/10/17 02:20,1602872430,1213864888,389007542
2020/10/17 02:19,1602872370,1000479960,602392410
2020/10/17 02:18,1602872310,1247549488,355322822
2020/10/17 02:17,1602872250,986659344,616212906
2020/10/17 02:16,1602872190,1210649016,392223174
2020/10/17 02:15,1602872130,1124992856,477879274
2020/10/17 02:14,1602872070,896034224,706837846
2020/10/17 02:13,1602872010,1383076664,219795346
2020/10/17 02:12,1602871950,771612000,831259950
2020/10/17 02:11,1602871890,1009375280,593496610
2020/10/17 02:10,1602871830,1017213184,585658646
2020/10/17 02:09,1602871770,1216556408,386315362
2020/10/17 02:08,1602871710,761463424,841408286
2020/10/17 02:07,1602871650,749652856,853218794
2020/10/17 02:06,1602871590,1205031432,397840158
2020/10/17 02:05,1602871530,1299753800,303117730
2020/10/17 02:04,1602871470,714723736,888147734
2020/10/17 02:03,1602871410,1000359856,602511554
2020/10/17 02:02,1602871350,1283331920,319539430
2020/10/17 02:01,1602871290,1041528464,561342826
2020/10/17 02:00,1602871230,1367355080,235516150
2020/10/17 01:59,1602871170,1022989440,579881730
2020/10/17 01:58,1602871110,739329896,863541214
2020/10/17 01:57,1602871050,1240738232,362132818
2020/10/17 01:56,1602870990,1269274328,333596662
2020/10/17 01:55,1602870930,751927608,850943322
2020/10/17 01:54,1602870870,1258844456,344026414
2020/10/17 01:53,1602870810,1118369088,484501722
2020/10/17 01:52,1602870750,928727584,674143166
2020/10/17 01:51,1602870690,1062027624,540843066
2020/10/17 01:50,1602870630,1179005848,423864782
2020/10/17 01:49,1602870570,1220625936,382244634
2020/10/17 01:48,1602870510,1242742400,360128110
2020/10/17 01:47,1602870450,1308323136,294547314
2020/10/17 01:46,1602870390,1004312120,598558270
2020/10/17 01:45,1602870330,683692776,919177554
2020/10/17 01:44,1602870270,866570448,736299822
2020/10/17 01:43,1602870210,1388981632,213888578
2020/10/17 01:42,1602870150,1272380456,330489694
2020/10/17 01:41,1602870090,1068293712,534576378
2020/10/17 01:40,1602870030,1114637512,488232518
2020/10/17 01:39,1602869970,722452456,880417514
2020/10/17 01:38,1602869910,785763880,817106030
2020/10/17 01:37,1602869850,986760232,616109618
2020/10/17 01:36,1602869790,796488232,806381558
2020/10/17 01:35,1602869730,658202824,944666906
2020/10/17 01:34,1602869670,750879728,851989942
2020/10/17 01:33,1602869610,673478888,929390722
2020/10/17 01:32,1602869550,972155192,630714358
2020/10/17 01:31,1602869490,1059777200,543092290
2020/10/17 01:30,1602869430,991759408,611110022
2020/10/17 01:29,1602869370,726650008,876219362
2020/10/17 01:28,1602869310,1024267168,578602142
2020/10/17 01:27,1602869250,1236898288,365970962
2020/10/17 01:26,1602869190,986428512,616440678
2020/10/17 01:25,1602869130,836116640,766752490
2020/10/17 01:24,1602869070,1418040792,184828278
2020/10/17 01:23,1602869010,1067086656,535782354
2020/10/17 01:22,1602868950,870817640,732051310
2020/10/17 01:21,1602868890,772722736,830146154
2020/10/17 01:20,1602868830,1545373008,57495822
2020/10/17 01:19,1602868770,972379640,630489130
2020/10/17 01:18,1602868710,704583536,898285174
2020/10/17 01:17,1602868650,960134312,642734338
2020/10/17 01:16,1602868590,951951936,650916654
2020/10/17 01:15,1602868530,812271784,790596746
2020/10/17 01:14,1602868470,889799728,713068742
2020/10/17 01:13,1602868410,876105920,726762490
2020/10/17 01:12,1602868350,1001801200,601067150
2020/10/17 01:11,1602868290,829786240,773082050
2020/10/17 01:10,1602868230,1184606472,418261758
2020/10/17 01:09,1602868170,983304816,619563354
2020/10/17 01:08,1602868110,1340548424,262319686
2020/10/17 01:07,1602868050,1011171040,591697010
2020/10/17 01:06,1602867990,895258800,707609190
2020/10/17 01:05,1602867930,849834616,753033314
2020/10/17 01:04,1602867870,717228408,885639462
2020/10/17 01:03,1602867810,1306134840,296732970
2020/10/17 01:02,1602867750,1206048752,396818998
2020/10/17 01:01,1602867690,1010118648,592749042
2020/10/17 01:00,1602867630,1254984768,347882862
2020/10/17 00:59,1602867570,1069699848,533167722
2020/10/17 00:58,1602867510,940785880,662081630
2020/10/17 00:57,1602867450,935464344,667403106
2020/10/17 00:56,1602867390,695690152,907177238
2020/10/17 00:55,1602867330,1113118304,489749026
2020/10/17 00:54,1602867270,1080486952,522380318
2020/10/17 00:53,1602867210,992353992,610513218
2020/10/17 00:52,1602867150,884214656,718652494
2020/10/17 00:51,1602867090,763477616,839389474
2020/10/17 00:50,1602867030,1098318744,504548286
2020/10/17 00:49,1602866970,1043109672,559757298
2020/10/17 00:48,1602866910,1091480872,511386038
2020/10/17 00:47,1602866850,791397592,811469258
2020/10/17 00:46,1602866790,755478976,847387814
2020/10/17 00:45,1602866730,1042310504,560556226
2020/10/17 00:44,1602866670,1006177872,596688798
2020/10/17 00:43,1602866610,882183192,720683418
2020/10/17 00:42,1602866550,1060767560,542098990
2020/10/17 00:41,1602866490,902583448,700283042
2020/10/17 00:40,1602866430,857645952,745220478
2020/10/17 00:39,1602866370,807359608,795506762
2020/10/17 00:38,1602866310,785690624,817175686
2020/10/17 00:37,1602866250,1094082288,508783962
2020/10/17 00:36,1602866190,807212432,795653758
2020/10/17 00:35,1602866130,961170088,641696042
2020/10/17 00:34,1602866070,824740672,778125398
2020/10/17 00:33,1602866010,729014696,873851314
2020/10/17 00:32,1602865950,1073070712,529795238
2020/10/17 00:31,1602865890,708669824,894196066
2020/10/17 00:30,1602865830,834291208,768574622
2020/10/17 00:29,1602865770,672786952,930078818
2020/10/17 00:28,1602865710,834368808,768496902
2020/10/17 00:27,1602865650,1158033600,444832050
2020/10/17 00:26,1602865590,1091269880,511595710
2020/10/17 00:25,1602865530,1022043424,580822106
2020/10/17 00:24,1602865470,988665520,614199950
2020/10/17 00:23,1602865410,797984248,804881162
2020/10/17 00:22,1602865350,1317784648,285080702
2020/10/17 00:21,1602865290,1268876232,333989058
2020/10/17 00:20,1602865230,1210072032,392793198
2020/10/17 00:19,1602865170,948512096,654353074
2020/10/17 00:18,1602865110,766451600,836413510
2020/10/17 00:17,1602865050,792706912,810158138
2020/10/17 00:16,1602864990,1076079832,526785158
2020/10/17 00:15,1602864930,918391232,684473698
2020/10/17 00:14,1602864870,1474956768,127908102
2020/10/17 00:13,1602864810,1396746640,206118170
2020/10/17 00:12,1602864750,1188035296,414829454
2020/10/17 00:11,1602864690,844521584,758343106
2020/10/17 00:10,1602864630,922767200,680097430
2020/10/17 00:09,1602864570,736803192,866061378
2020/10/17 00:08,1602864510,1267261408,335603102
2020/10/17 00:07,1602864450,1012645176,590219274
2020/10/17 00:06,1602864390,1214311712,388552678
2020/10/17 00:05,1602864330,1045765016,557099314
2020/10/17 00:04,1602864270,635547728,967316542
2020/10/17 00:03,1602864210,986058088,616806122
2020/10/17 00:02,1602864150,790219936,812644214
2020/10/17 00:01,1602864090,1095401816,507462274
2020/10/17 00:00,1602864030,987036160,615827870
2020/10/16 23:59,1602863970,922693760,680170210
2020/10/16 23:58,1602863910,1033976944,568886966
2020/10/16 23:57,1602863850,944531680,658332170
2020/10/16 23:56,1602863790,1113751096,489112694
2020/10/16 23:55,1602863730,989125392,613738338
2020/10/16 23:54,1602863670,860523976,742339694
2020/10/16 23:53,1602863610,721840288,881023322
2020/10/16 23:52,1602863550,1220371920,382491630
2020/10/16 23:51,1602863490,992330208,610533282
2020/10/16 23:50,1602863430,849658624,753204806
2020/10/16 23:49,1602863371,667821520,935041851
2020/10/16 23:48,1602863310,1076393472,526469838
2020/10/16 23:47,1602863250,1228323944,374539306
2020/10/16 23:46,1602863190,935491912,667371278
2020/10/16 23:45,1602863130,848560936,754302194
2020/10/16 23:44,1602863070,1236076280,366786790
2020/10/16 23:43,1602863010,866189016,736673994
2020/10/16 23:42,1602862950,1163586120,439276830
2020/10/16 23:41,1602862890,757190896,845671994
2020/10/16 23:40,1602862830,1223974680,378888150
2020/10/16 23:39,1602862770,1077669880,525192890
2020/10/16 23:38,1602862710,1134114264,468748446
2020/10/16 23:37,1602862650,1048692296,554170354
2020/10/16 23:36,1602862590,716840800,886021790
2020/10/16 23:35,1602862530,1002467376,600395154
2020/10/16 23:34,1602862470,1256414584,346447886
2020/10/16 23:33,1602862410,1155749272,447113138
2020/10/16 23:32,1602862350,757204496,845657854
2020/10/16 23:31,1602862290,943228208,659634082
2020/10/16 23:30,1602862230,803441312,799420918
2020/10/16 23:29,1602862170,815467872,787394298
2020/10/16 23:28,1602862110,985264096,617598014
2020/10/16 23:27,1602862050,872159080,730702970
2020/10/16 23:26,1602861990,806754440,796107550
2020/10/16 23:25,1602861930,906901440,695960490
2020/10/16 23:24,1602861870,705457072,897404798
2020/10/16 23:23,1602861810,736763040,866098770
2020/10/16 23:22,1602861750,970231856,632629894
2020/10/16 23:21,1602861690,827378256,775483434
2020/10/16 23:20,1602861630,957170936,645690694
2020/10/16 23:19,1602861570,1069276784,533584786
2020/10/16 23:18,1602861510,794808896,808052614
2020/10/16 23:17,1602861450,974697320,628164130
2020/10/16 23:16,1602861390,1069665408,533195982
2020/10/16 23:15,1602861330,891920064,710941266
2020/10/16 23:14,1602861270,1068589856,534271414
2020/10/16 23:13,1602861210,808638832,794222378
2020/10/16 23:12,1602861150,1231186680,371674470
2020/10/16 23:11,1602861090,1031463800,571397290
2020/10/16 23:10,1602861030,1337047744,265813286
2020/10/16 23:09,1602860970,1489604480,113256490
2020/10/16 23:08,1602860910,1149938760,452922150
2020/10/16 23:07,1602860850,860877416,741983434
2020/10/16 23:06,1602860790,1123599136,479261654
2020/10/16 23:05,1602860730,1097544944,505315786
2020/10/16 23:04,1602860670,758384400,844476270
2020/10/16 23:03,1602860610,1322723032,280137578
2020/10/16 23:02,1602860550,1210468848,392391702
2020/10/16 23:01,1602860490,1112818312,490042178
2020/10/16 23:00,1602860430,926207216,676653214
2020/10/16 22:59,1602860370,1412529128,190331242
2020/10/16 22:58,1602860310,775305904,827554406
2020/10/16 22:57,1602860250,922149776,680710474
2020/10/16 22:56,1602860190,897332264,705527926
2020/10/16 22:55,1602860130,877401480,725458650
2020/10/16 22:54,1602860070,740012120,862847950
2020/10/16 22:53,1602860010,938338272,664521738
2020/10/16 22:52,1602859950,890227352,712632598
2020/10/16 22:51,1602859890,802574984,800284906
2020/10/16 22:50,1602859830,898666344,704193486
2020/10/16 22:49,1602859770,1272145048,330714722
2020/10/16 22:48,1602859710,1151830616,451029094
2020/10/16 22:47,1602859650,1157249512,445610138
2020/10/16 22:46,1602859590,945675544,657184046
2020/10/16 22:45,1602859530,673434416,929425114
2020/10/16 22:44,1602859470,1049187768,553671702
2020/10/16 22:43,1602859410,1146247064,456612346
2020/10/16 22:42,1602859350,1077808496,525050854
2020/10/16 22:41,1602859290,935570864,667288426
2020/10/16 22:40,1602859230,823386280,779472950
2020/10/16 22:39,1602859170,796349944,806509226
2020/10/16 22:38,1602859110,958343904,644515206
2020/10/16 22:37,1602859050,820715424,782143626
2020/10/16 22:36,1602858990,746496856,856362134
2020/10/16 22:35,1602858930,1108502712,494356218
2020/10/16 22:34,1602858870,933863040,668995830
2020/10/16 22:33,1602858810,779819904,823038906
2020/10/16 22:32,1602858750,729233208,873625542
2020/10/16 22:31,1602858690,961981232,640877458
2020/10/16 22:30,1602858630,742950384,859908246
2020/10/16 22:29,1602858570,1079047192,523811378
2020/10/16 22:28,1602858510,789818616,813039894
2020/10/16 22:27,1602858450,956728264,646130186
2020/10/16 22:26,1602858390,786149488,816708902
2020/10/16 22:25,1602858330,965486456,637371874
2020/10/16 22:24,1602858270,843972560,758885710
2020/10/16 22:23,1602858210,758985888,843872322
2020/10/16 22:22,1602858150,696561120,906297030
2020/10/16 22:21,1602858090,931204928,671653162
2020/10/16 22:20,1602858030,990709232,612148798
2020/10/16 22:19,1602857970,885950848,716907122
2020/10/16 22:18,1602857910,1032774008,570083902
2020/10/16 22:17,1602857850,717658608,885199242
2020/10/16 22:16,1602857790,1113794840,489062950
2020/10/16 22:15,1602857730,942456152,660401578
2020/10/16 22:14,1602857670,833691440,769166230
2020/10/16 22:13,1602857610,725479240,877378370
2020/10/16 22:12,1602857550,1109515984,493341566
2020/10/16 22:11,1602857490,950487104,652370386
2020/10/16 22:10,1602857430,751462216,851395214
2020/10/16 22:09,1602857370,1153643432,449213938
2020/10/16 22:08,1602857310,999995176,602862134
2020/10/16 22:07,1602857250,1150565048,452292202
2020/10/16 22:06,1602857190,1383495760,219361430
2020/10/16 22:05,1602857130,1047877072,554980058
2020/10/16 22:04,1602857070,1397643184,205213886
2020/10/16 22:03,1602857010,796115856,806741154
2020/10/16 22:02,1602856950,1064969280,537887670
2020/10/16 22:01,1602856890,869961720,732895170
2020/10/16 22:00,1602856830,724213552,878643278
2020/10/16 21:59,1602856770,917712216,685144554
2020/10/16 21:58,1602856710,613233856,989622854
2020/10/16 21:57,1602856650,1269303000,333553650
2020/10/16 21:56,1602856590,1233026992,369829598
2020/10/16 21:55,1602856530,839206192,763650338
2020/10/16 21:54,1602856470,1063713096,539143374
2020/10/16 21:53,1602856410,829758800,773097610
2020/10/16 21:52,1602856350,788145728,814710622
2020/10/16 21:51,1602856290,1158609216,444247074
2020/10/16 21:50,1602856230,872689520,730166710
2020/10/16 21:49,1602856170,920746632,682109538
2020/10/16 21:48,1602856110,1187315696,415540414
2020/10/16 21:47,1602856050,1204041064,398814986
2020/10/16 21:46,1602855990,1231746880,371109110
2020/10/16 21:45,1602855930,1204447768,398408162
2020/10/16 21:44,1602855870,1152270984,450584886
2020/10/16 21:43,1602855810,998814848,604040962
2020/10/16 21:42,1602855750,1123201320,479654430
2020/10/16 21:41,1602855690,1206626592,396229098
2020/10/16 21:40,1602855630,812215312,790640318
2020/10/16 21:39,1602855570,798556440,804299130
2020/10/16 21:38,1602855510,875680496,727175014
2020/10/16 21:37,1602855450,663444056,939411394
2020/10/16 21:36,1602855390,1068837648,534017742
2020/10/16 21:35,1602855330,756602632,846252698
2020/10/16 21:34,1602855270,846573464,756281806
2020/10/16 21:33,1602855210,861128832,741726378
2020/10/16 21:32,1602855150,986818224,616036926
2020/10/16 21:31,1602855090,964925024,637930066
2020/10/16 21:30,1602855030,803273712,799581318
2020/10/16 21:29,1602854970,1147374280,455480690
2020/10/16 21:28,1602854910,981667000,621187910
2020/10/16 21:27,1602854850,766521448,836333402
2020/10/16 21:26,1602854790,729550456,873304334
2020/10/16 21:25,1602854730,670129400,932725330
2020/10/16 21:24,1602854670,862297816,740556854
2020/10/16 21:23,1602854610,788306256,814548354
2020/10/16 21:22,1602854550,1214560960,388293590
2020/10/16 21:21,1602854490,1087065800,515788690
2020/10/16 21:20,1602854430,936413472,666440958
2020/10/16 21:19,1602854370,822549488,780304882
2020/10/16 21:18,1602854310,744565912,858288398
2020/10/16 21:17,1602854250,959491304,643362946
2020/10/16 21:16,1602854190,779705968,823148222
2020/10/16 21:15,1602854130,1017167592,585686538
2020/10/16 21:14,1602854070,936178872,666675198
2020/10/16 21:13,1602854010,740776384,862077626
2020/10/16 21:12,1602853950,949569256,653284694
2020/10/16 21:11,1602853890,1041904872,560949018
2020/10/16 21:10,1602853830,1403288736,199565094
2020/10/16 21:09,1602853770,1278269528,324584242
2020/10/16 21:08,1602853710,984295960,618557750
2020/10/16 21:07,1602853650,980768160,622085490
2020/10/16 21:06,1602853590,842234680,760618910
2020/10/16 21:05,1602853530,842923216,759930314
2020/10/16 21:04,1602853470,673040704,929812766
2020/10/16 21:03,1602853410,834147816,768705594
2020/10/16 21:02,1602853350,1025620816,577232534
2020/10/16 21:01,1602853290,817253264,785600026
2020/10/16 21:00,1602853230,804293440,798559790
2020/10/16 20:59,1602853170,713857648,888995522
2020/10/16 20:58,1602853110,966013392,636839718
2020/10/16 20:57,1602853050,843535408,759317642
2020/10/16 20:56,1602852990,795505584,807347406
2020/10/16 20:55,1602852930,907998440,694854490
2020/10/16 20:54,1602852870,1111178896,491673974
2020/10/16 20:53,1602852810,1448638160,154214650
2020/10/16 20:52,1602852750,1253049264,349803486
2020/10/16 20:51,1602852690,1302988208,299864482
2020/10/16 20:50,1602852630,1020213896,582638734
2020/10/16 20:49,1602852570,1233522176,369330394
2020/10/16 20:48,1602852510,1063191808,539660702
2020/10/16 20:47,1602852450,760481048,842371402
2020/10/16 20:46,1602852390,710563480,892288910
2020/10/16 20:45,1602852330,680154512,922697818
2020/10/16 20:44,1602852270,1111515688,491336582
2020/10/16 20:43,1602852210,949494280,653357930
2020/10/16 20:42,1602852150,709955120,892897030
2020/10/16 20:41,1602852090,622801792,980050298
2020/10/16 20:40,1602852030,578863200,1023988830
2020/10/16 20:39,1602851970,929358168,673493802
2020/10/16 20:38,1602851910,900843792,702008118
2020/10/16 20:37,1602851850,687929256,914922594
2020/10/16 20:36,1602851790,653257072,949594718
2020/10/16 20:35,1602851730,585571936,1017279794
2020/10/16 20:34,1602851670,810408352,792443318
2020/10/16 20:33,1602851610,1161378112,441473498
2020/10/16 20:32,1602851550,1013505736,589345814
2020/10/16 20:31,1602851490,1325169896,277681594
2020/10/16 20:30,1602851430,852815096,750036334
2020/10/16 20:29,1602851370,746804168,856047202
2020/10/16 20:28,1602851310,1382030648,220820662
2020/10/16 20:27,1602851250,804594688,798256562
2020/10/16 20:26,1602851190,682433800,920417390
2020/10/16 20:25,1602851130,1119597120,483254010
2020/10/16 20:24,1602851070,1046261088,556589982
2020/10/16 20:23,1602851010,966261048,636589962
2020/10/16 20:22,1602850950,731343728,871507222
2020/10/16 20:21,1602850890,649573416,953277474
2020/10/16 20:20,1602850830,997686616,605164214
2020/10/16 20:19,1602850770,825973960,776876810
2020/10/16 20:18,1602850710,933178384,669672326
2020/10/16 20:17,1602850650,712626552,890224098
2020/10/16 20:16,1602850590,657543936,945306654
2020/10/16 20:15,1602850530,646148472,956702058
2020/10/16 20:14,1602850470,890487920,712362550
2020/10/16 20:13,1602850410,768512608,834337802
2020/10/16 20:12,1602850350,1202682672,400167678
2020/10/16 20:11,1602850290,601537936,1001312354
2020/10/16 20:10,1602850230,1141395104,461455126
2020/10/16 20:09,1602850170,1070845336,532004834
2020/10/16 20:08,1602850110,857268432,745581678
2020/10/16 20:07,1602850050,721264944,881585106
2020/10/16 20:06,1602849990,1206510944,396339046
2020/10/16 20:05,1602849930,1097505264,505344666
2020/10/16 20:04,1602849870,1001895928,600953942
2020/10/16 20:03,1602849810,821102096,781747714
2020/10/16 20:02,1602849750,907349616,695500134
2020/10/16 20:01,1602849690,867416456,735433234
2020/10/16 20:00,1602849630,906770152,696079478
2020/10/16 19:59,1602849570,708327472,894522098
2020/10/16 19:58,1602849510,943232904,659616606
2020/10/16 19:57,1602849450,837076464,765772986
2020/10/16 19:56,1602849390,617316864,985532526
2020/10/16 19:55,1602849330,1008376232,594473098
2020/10/16 19:54,1602849270,871038128,731811142
2020/10/16 19:53,1602849210,745658776,857190434
2020/10/16 19:52,1602849150,905920984,696928166
2020/10/16 19:51,1602849090,623021576,979827514
2020/10/16 19:50,1602849030,1292570544,310278486
2020/10/16 19:49,1602848970,1218288200,384560770
2020/10/16 19:48,1602848910,807095680,795753230
2020/10/16 19:47,1602848850,901035560,701813290
2020/10/16 19:46,1602848790,1037137536,565711254
2020/10/16 19:45,1602848730,850128056,752720674
2020/10/16 19:44,1602848670,1020482152,582366518
2020/10/16 19:43,1602848610,902463800,700384810
2020/10/16 19:42,1602848550,931768136,671080414
2020/10/16 19:41,1602848490,717402672,885445818
2020/10/16 19:40,1602848430,791463656,811384774
2020/10/16 19:39,1602848370,677345544,925502826
2020/10/16 19:38,1602848310,895805560,707042750
2020/10/16 19:37,1602848250,992556768,610291482
2020/10/16 19:36,1602848190,810114504,792733686
2020/10/16 19:35,1602848130,1365650024,237198106
2020/10/16 19:34,1602848070,958409832,644438238
2020/10/16 19:33,1602848010,1078470088,524377922
2020/10/16 19:32,1602847950,649043664,953804286
2020/10/16 19:31,1602847890,1064773640,538074250
2020/10/16 19:30,1602847830,809746568,793101262
2020/10/16 19:29,1602847770,682338744,920509026
2020/10/16 19:28,1602847710,1268725216,334122494
2020/10/16 19:27,1602847650,1065495992,537351658
2020/10/16 19:26,1602847590,705164728,897682862
2020/10/16 19:25,1602847530,1090451224,512396306
2020/10/16 19:24,1602847470,911423792,691423678
2020/10/16 19:23,1602847410,1013448152,589399258
2020/10/16 19:22,1602847350,992819144,610028206
2020/10/16 19:21,1602847290,670916104,931931186
2020/10/16 19:20,1602847230,893424528,709422702
2020/10/16 19:19,1602847170,946724832,656122338
2020/10/16 19:18,1602847110,830604064,772243046
2020/10/16 19:17,1602847050,746405288,856441762
2020/10/16 19:16,1602846990,848509408,754337582
2020/10/16 19:15,1602846930,962879528,639967402
2020/10/16 19:14,1602846870,854601352,748245518
2020/10/16 19:13,1602846810,851070424,751776386
2020/10/16 19:12,1602846750,734017520,868829230
2020/10/16 19:11,1602846690,765128792,837717898
2020/10/16 19:10,1602846630,910047048,692799582
2020/10/16 19:09,1602846570,1018377408,584469162
2020/10/16 19:08,1602846510,774588520,828257990
2020/10/16 19:07,1602846450,880844264,722002186
2020/10/16 19:06,1602846390,711790008,891056382
2020/10/16 19:05,1602846330,850417344,752428986
2020/10/16 19:04,1602846270,616542120,986304150
2020/10/16 19:03,1602846210,1175159000,427687210
2020/10/16 19:02,1602846150,730983376,871862774
2020/10/16 19:01,1602846090,710253472,892592618
2020/10/16 19:00,1602846030,831333288,771512742
2020/10/16 18:59,1602845970,996653936,606192034
2020/10/16 18:58,1602845910,856754080,746091830
2020/10/16 18:57,1602845850,776777616,826068234
2020/10/16 18:56,1602845790,665154192,937691598
2020/10/16 18:55,1602845730,872936552,729909178
2020/10/16 18:54,1602845670,761556648,841289022
2020/10/16 18:53,1602845610,790663408,812182202
2020/10/16 18:52,1602845550,861288704,741556846
2020/10/16 18:51,1602845490,734321104,868524386
2020/10/16 18:50,1602845430,567489872,1035355558
2020/10/16 18:49,1602845370,557041952,1045803418
2020/10/16 18:48,1602845310,861984584,740860726
2020/10/16 18:47,1602845250,830433280,772411970
2020/10/16 18:46,1602845190,1036373480,566471710
2020/10/16 18:45,1602845130,746758232,856086898
2020/10/16 18:44,1602845070,866817520,736027550
2020/10/16 18:43,1602845010,1051425168,551419842
2020/10/16 18:42,1602844950,878597744,724247206
2020/10/16 18:41,1602844890,736335728,866509162
2020/10/16 18:40,1602844830,825868472,776976358
2020/10/16 18:39,1602844770,971297784,631546986
2020/10/16 18:38,1602844710,842670496,760174214
2020/10/16 18:37,1602844650,722926320,879918330
2020/10/16 18:36,1602844590,811557416,791287174
2020/10/16 18:35,1602844530,754767792,848076738
2020/10/16 18:34,1602844470,854753480,748090990
2020/10/16 18:33,1602844410,808681360,794163050
2020/10/16 18:32,1602844350,1105427032,497417318
2020/10/16 18:31,1602844290,782652704,820191586
2020/10/16 18:30,1602844230,642649104,960195126
2020/10/16 18:29,1602844170,772802088,830042082
2020/10/16 18:28,1602844110,648658584,954185526
2020/10/16 18:27,1602844050,701334272,901509778
2020/10/16 18:26,1602843990,640942848,961901142
2020/10/16 18:25,1602843930,881654848,721189082
2020/10/16 18:24,1602843870,553298840,1049545030
2020/10/16 18:23,1602843810,574962384,1027881426
2020/10/16 18:22,1602843750,700461248,902382502
2020/10/16 18:21,1602843690,962300056,640543634
2020/10/16 18:20,1602843630,784750896,818092734
2020/10/16 18:19,1602843570,649215456,953628114
2020/10/16 18:18,1602843510,946590200,656253310
2020/10/16 18:17,1602843450,743567208,859276242
2020/10/16 18:16,1602843390,665572464,937270926
2020/10/16 18:15,1602843330,725031680,877811650
2020/10/16 18:14,1602843270,618603888,984239382
2020/10/16 18:13,1602843210,690754048,912089162
2020/10/16 18:12,1602843150,860392320,742450830
2020/10/16 18:11,1602843090,1053457536,549385554
2020/10/16 18:10,1602843030,632182488,970660542
2020/10/16 18:09,1602842970,722425944,880417026
2020/10/16 18:08,1602842910,639978968,962863942
2020/10/16 18:07,1602842850,655611856,947230994
2020/10/16 18:06,1602842790,744020704,858822086
2020/10/16 18:05,1602842730,700058144,902784586
2020/10/16 18:04,1602842670,632026480,970816190
2020/10/16 18:03,1602842610,631373704,971468906
2020/10/16 18:02,1602842550,714451328,888391222
2020/10/16 18:01,1602842490,561110496,1041731994
2020/10/16 18:00,1602842430,823166264,779676166
2020/10/16 17:59,1602842370,969312824,633529546
2020/10/16 17:58,1602842310,877821872,725020438
2020/10/16 17:57,1602842250,598775080,1004067170
2020/10/16 17:56,1602842190,1081651088,521191102
2020/10/16 17:55,1602842130,982019568,620822562
2020/10/16 17:54,1602842070,926580664,676261406
2020/10/16 17:53,1602842010,967418872,635423138
2020/10/16 17:52,1602841951,926103696,676738255
2020/10/16 17:51,1602841890,905926512,696915378
2020/10/16 17:50,1602841830,764721888,838119942
2020/10/16 17:49,1602841770,1042450864,560390906
2020/10/16 17:48,1602841710,954028136,648813574
2020/10/16 17:47,1602841650,704630872,898210778
2020/10/16 17:46,1602841590,696504136,906337454
2020/10/16 17:45,1602841530,825148672,777692858
2020/10/16 17:44,1602841470,830991016,771850454
2020/10/16 17:43,1602841410,930739816,672101594
2020/10/16 17:42,1602841350,779701768,823139582
2020/10/16 17:41,1602841290,596470936,1006370354
2020/10/16 17:40,1602841230,700052472,902788758
2020/10/16 17:39,1602841170,761895104,840946066
2020/10/16 17:38,1602841110,967075472,635765638
2020/10/16 17:37,1602841050,978589016,624252034
2020/10/16 17:36,1602840990,894815144,708025846
2020/10/16 17:35,1602840930,935496520,667344410
2020/10/16 17:34,1602840870,802578168,800262702
2020/10/16 17:33,1602840810,1220414128,382426682
2020/10/16 17:32,1602840750,1040130848,562709902
2020/10/16 17:31,1602840690,857242128,745598562
2020/10/16 17:30,1602840630,1326203832,276636798
2020/10/16 17:29,1602840570,1308753880,294086690
2020/10/16 17:28,1602840510,1132370288,470470222
2020/10/16 17:27,1602840450,904103488,698736962
2020/10/16 17:26,1602840390,717945696,884894694
2020/10/16 17:25,1602840330,747402960,855437370
2020/10/16 17:24,1602840270,852646992,750193278
2020/10/16 17:23,1602840210,987892824,614947386
2020/10/16 17:22,1602840150,754786464,848053686
2020/10/16 17:21,1602840090,906316920,696523170
2020/10/16 17:20,1602840030,730627808,872212222
2020/10/16 17:19,1602839970,848478712,754361258
2020/10/16 17:18,1602839910,776851392,825988518
2020/10/16 17:17,1602839850,611333064,991506786
2020/10/16 17:16,1602839790,735421920,867417870
2020/10/16 17:15,1602839730,601105376,1001734354
2020/10/16 17:14,1602839670,1051547120,551292550
2020/10/16 17:13,1602839610,1028125296,574714314
2020/10/16 17:12,1602839550,857520824,745318726
2020/10/16 17:11,1602839490,743294864,859544626
2020/10/16 17:10,1602839430,1071465328,531374102
2020/10/16 17:09,1602839370,909915360,692924010
2020/10/16 17:08,1602839310,909710904,693128406
2020/10/16 17:07,1602839250,693651848,909187402
2020/10/16 17:06,1602839190,556608536,1046230654
2020/10/16 17:05,1602839130,951793216,651045914
2020/10/16 17:04,1602839070,857854256,744984814
2020/10/16 17:03,1602839010,703013712,899825298
2020/10/16 17:02,1602838950,894894120,707944830
2020/10/16 17:01,1602838890,575301752,1027537138
2020/10/16 17:00,1602838830,836469808,766369022
2020/10/16 16:59,1602838770,828433184,774405586
2020/10/16 16:58,1602838710,876501232,726337478
2020/10/16 16:57,1602838650,575697328,1027141322
2020/10/16 16:56,1602838590,1253980736,348857854
2020/10/16 16:55,1602838530,1108727520,494111010
2020/10/16 16:54,1602838470,922229840,680608630
2020/10/16 16:53,1602838410,867116920,735721490
2020/10/16 16:52,1602838350,712770384,890067966
2020/10/16 16:51,1602838290,1219354744,383483546
2020/10/16 16:50,1602838230,1126812240,476025990
2020/10/16 16:49,1602838170,998313272,604524898
2020/10/16 16:48,1602838110,787435008,815403102
2020/10/16 16:47,1602838050,575514504,1027323546
2020/10/16 16:46,1602837990,529928416,1072909574
2020/10/16 16:45,1602837930,818225496,784612434
2020/10/16 16:44,1602837870,699754768,903083102
2020/10/16 16:43,1602837810,1021012968,581824842
2020/10/16 16:42,1602837750,853206912,749630838
2020/10/16 16:41,1602837690,926007336,676830354
2020/10/16 16:40,1602837630,691194008,911643622
2020/10/16 16:39,1602837570,895382296,707455274
2020/10/16 16:38,1602837510,777015864,825821646
2020/10/16 16:37,1602837450,693009968,909827482
2020/10/16 16:36,1602837390,929465136,673372254
2020/10/16 16:35,1602837330,767721984,835115346
2020/10/16 16:34,1602837270,685865304,916971966
2020/10/16 16:33,1602837210,1080681432,522155778
2020/10/16 16:32,1602837150,917941784,684895366
2020/10/16 16:31,1602837090,724157392,878679698
2020/10/16 16:30,1602837030,919641416,683195614
2020/10/16 16:29,1602836970,616821080,986015890
2020/10/16 16:28,1602836910,747754936,855081974
2020/10/16 16:27,1602836850,882759264,720077586
2020/10/16 16:26,1602836790,947461096,655375694
2020/10/16 16:25,1602836730,832759936,770076794
2020/10/16 16:24,1602836670,747037616,855799054
2020/10/16 16:23,1602836610,666686160,936150450
2020/10/16 16:22,1602836550,815422104,787414446
2020/10/16 16:21,1602836490,906950144,695886346
2020/10/16 16:20,1602836430,770544744,832291686
2020/10/16 16:19,1602836370,870084248,732752122
2020/10/16 16:18,1602836310,1012600592,590235718
2020/10/16 16:17,1602836250,959211216,643625034
2020/10/16 16:16,1602836190,733334512,869501678
2020/10/16 16:15,1602836130,660888712,941947418
2020/10/16 16:14,1602836070,638667208,964168862
2020/10/16 16:13,1602836010,833499144,769336866
2020/10/16 16:12,1602835950,997158208,605677742
2020/10/16 16:11,1602835890,856528184,746307706
2020/10/16 16:10,1602835830,621470168,981365662
2020/10/16 16:09,1602835770,815241744,787594026
2020/10/16 16:08,1602835710,600050952,1002784758
2020/10/16 16:07,1602835650,1176543368,426292282
2020/10/16 16:06,1602835590,1066681720,536153870
2020/10/16 16:05,1602835530,952823536,650011994
2020/10/16 16:04,1602835470,847265320,755570150
2020/10/16 16:03,1602835410,731950584,870884826
2020/10/16 16:02,1602835350,1292914488,309920862
2020/10/16 16:01,1602835290,1206792352,396042938
2020/10/16 16:00,1602835230,764580152,838255078
2020/10/16 15:59,1602835170,1078316560,524518610
2020/10/16 15:58,1602835110,791859136,810975974
2020/10/16 15:57,1602835050,1051617520,551217530
2020/10/16 15:56,1602834990,868546360,734288630
2020/10/16 15:55,1602834930,885547384,717287546
2020/10/16 15:54,1602834870,1205296336,397538534
2020/10/16 15:53,1602834810,747888208,854946602
2020/10/16 15:52,1602834750,1035049080,567785670
2020/10/16 15:51,1602834690,883328776,719505914
2020/10/16 15:50,1602834630,914863960,687970670
2020/10/16 15:49,1602834570,959891032,642943538
2020/10/16 15:48,1602834510,1039598192,563236318
2020/10/16 15:47,1602834451,587027632,1015806819
2020/10/16 15:46,1602834390,840786768,762047622
2020/10/16 15:45,1602834330,819781416,783052914
2020/10/16 15:44,1602834270,1071653968,531180302
2020/10/16 15:43,1602834210,854391352,748442858
2020/10/16 15:42,1602834150,751183288,851650862
2020/10/16 15:41,1602834090,692969096,909864994
2020/10/16 15:40,1602834030,818400520,784433510
2020/10/16 15:39,1602833970,604524408,998309562
2020/10/16 15:38,1602833910,1131157672,471676238
2020/10/16 15:37,1602833850,1002154032,600679818
2020/10/16 15:36,1602833790,694437896,908395894
2020/10/16 15:35,1602833730,1096433208,506400522
2020/10/16 15:34,1602833670,836524264,766309406
2020/10/16 15:33,1602833610,908361520,694472090
2020/10/16 15:32,1602833550,926651576,676181974
2020/10/16 15:31,1602833490,944356600,658476890
2020/10/16 15:30,1602833430,680710488,922122942
2020/10/16 15:29,1602833370,1022287400,580545970
2020/10/16 15:28,1602833310,787920264,814913046
2020/10/16 15:27,1602833250,628891040,973942210
2020/10/16 15:26,1602833190,947753536,655079654
2020/10/16 15:25,1602833130,1296123472,306709658
2020/10/16 15:24,1602833070,1151712192,451120878
2020/10/16 15:23,1602833010,1198415560,404417450
2020/10/16 15:22,1602832950,1234792240,368040710
2020/10/16 15:21,1602832890,796071656,806761234
2020/10/16 15:20,1602832830,990267744,612565086
2020/10/16 15:19,1602832770,784060448,818772322
2020/10/16 15:18,1602832710,815890464,786942246
2020/10/16 15:17,1602832650,826262568,776570082
2020/10/16 15:16,1602832590,1157312456,445520134
2020/10/16 15:15,1602832530,924608992,678223538
2020/10/16 15:14,1602832470,781266672,821565798
2020/10/16 15:13,1602832410,648426192,954406218
2020/10/16 15:12,1602832350,1242542712,360289638
2020/10/16 15:11,1602832290,1111439304,491392986
2020/10/16 15:10,1602832230,725166176,877666054
2020/10/16 15:09,1602832170,919971392,682860778
2020/10/16 15:08,1602832110,735706648,867125462
2020/10/16 15:07,1602832050,642992232,959839818
2020/10/16 15:06,1602831990,767594336,835237654
2020/10/16 15:05,1602831930,912505520,690326410
2020/10/16 15:04,1602831870,539583208,1063248662
2020/10/16 15:03,1602831810,508917168,1093914642
2020/10/16 15:02,1602831750,731892568,870939182
2020/10/16 15:01,1602831690,937188680,665643010
2020/10/16 15:00,1602831630,779983488,822848142
2020/10/16 14:59,1602831570,623275928,979555642
2020/10/16 14:58,1602831510,957889936,644941574
2020/10/16 14:57,1602831450,866419776,736411674
2020/10/16 14:56,1602831390,718069848,884761542
2020/10/16 14:55,1602831330,656085296,946746034
2020/10/16 14:54,1602831270,894489224,708342046
2020/10/16 14:53,1602831210,766807552,836023658
2020/10/16 14:52,1602831150,571161776,1031669374
2020/10/16 14:51,1602831090,798292544,804538546
2020/10/16 14:50,1602831030,707486608,895344422
2020/10/16 14:49,1602830970,805178152,797652818
2020/10/16 14:48,1602830910,954140232,648690678
2020/10/16 14:47,1602830850,954872144,647958706
2020/10/16 14:46,1602830790,784078432,818752358
2020/10/16 14:45,1602830730,665337792,937492938
2020/10/16 14:44,1602830670,753214544,849616126
2020/10/16 14:43,1602830610,706769144,896061466
2020/10/16 14:42,1602830550,697816208,905014342
2020/10/16 14:41,1602830490,1264462544,338367946
2020/10/16 14:40,1602830430,951221256,651609174
2020/10/16 14:39,1602830370,791924040,810906330
2020/10/16 14:38,1602830310,703207408,899622902
2020/10/16 14:37,1602830250,917769616,685060634
2020/10/16 14:36,1602830190,702295632,900534558
2020/10/16 14:35,1602830130,1080810416,522019714
2020/10/16 14:34,1602830070,914830152,687999918
2020/10/16 14:33,1602830010,582116552,1020713458
2020/10/16 14:32,1602829950,926068008,676761942
2020/10/16 14:31,1602829890,825082048,777747842
2020/10/16 14:30,1602829830,728404968,874424862
2020/10/16 14:29,1602829770,968415048,634414722
2020/10/16 14:28,1602829710,907452056,695377654
2020/10/16 14:27,1602829650,1121436280,481393370
2020/10/16 14:26,1602829590,587593632,1015235958
2020/10/16 14:25,1602829530,904199600,698629930
2020/10/16 14:24,1602829470,674921272,927908198
2020/10/16 14:23,1602829410,900854112,701975298
2020/10/16 14:22,1602829350,966405072,636424278
2020/10/16 14:21,1602829290,632065520,970763770
2020/10/16 14:20,1602829230,564498160,1038331070
2020/10/16 14:19,1602829170,781711760,821117410
2020/10/16 14:18,1602829110,627803392,975025718
2020/10/16 14:17,1602829050,940974632,661854418
2020/10/16 14:16,1602828990,753898360,848930630
2020/10/16 14:15,1602828930,862256424,740572506
2020/10/16 14:14,1602828870,705711880,897116990
2020/10/16 14:13,1602828810,672101328,930727482
2020/10/16 14:12,1602828750,850892024,751936726
2020/10/16 14:11,1602828690,694899456,907929234
2020/10/16 14:10,1602828630,863410400,739418230
2020/10/16 14:09,1602828570,744026312,858802258
2020/10/16 14:08,1602828510,1008701984,594126526
2020/10/16 14:07,1602828450,978184416,624644034
2020/10/16 14:06,1602828390,971439952,631388438
2020/10/16 14:05,1602828330,857368000,745460330
2020/10/16 14:04,1602828270,712281256,890547014
2020/10/16 14:03,1602828210,1261675904,341152306
2020/10/16 14:02,1602828150,911938704,690889446
2020/10/16 14:01,1602828090,660489792,942338298
2020/10/16 14:00,1602828030,1286838104,315989926
2020/10/16 13:59,1602827970,1035169528,567658442
2020/10/16 13:58,1602827910,1054277344,548550566
2020/10/16 13:57,1602827850,1324366128,278461722
2020/10/16 13:56,1602827790,633999104,968828686
2020/10/16 13:55,1602827730,919528768,683298962
2020/10/16 13:54,1602827670,1043931168,558896502
2020/10/16 13:53,1602827610,737447912,865379698
2020/10/16 13:52,1602827550,502629648,1100197902
2020/10/16 13:51,1602827490,682579192,920248298
2020/10/16 13:50,1602827430,816383568,786443862
2020/10/16 13:49,1602827370,782467904,820359466
2020/10/16 13:48,1602827310,579448640,1023378670
2020/10/16 13:47,1602827250,725043488,877783762
2020/10/16 13:46,1602827190,633686392,969140798
2020/10/16 13:45,1602827130,944147896,658679234
2020/10/16 13:44,1602827070,724104752,878722318
2020/10/16 13:43,1602827010,1115284520,487542490
2020/10/16 13:42,1602826950,795251984,807574966
2020/10/16 13:41,1602826890,1266151920,336674970
2020/10/16 13:40,1602826830,1148861928,453964902
2020/10/16 13:39,1602826770,971251944,631574826
2020/10/16 13:38,1602826711,680109840,922716871
2020/10/16 13:37,1602826650,875876856,726949794
2020/10/16 13:36,1602826590,594638672,1008187918
2020/10/16 13:35,1602826530,1079974320,522852210
2020/10/16 13:34,1602826470,722032152,880794318
2020/10/16 13:33,1602826410,744335864,858490546
2020/10/16 13:32,1602826350,642541280,960285070
2020/10/16 13:31,1602826290,891021616,711804674
2020/10/16 13:30,1602826230,585077488,1017748742
2020/10/16 13:29,1602826170,816643840,786182330
2020/10/16 13:28,1602826110,691201048,911625062
2020/10/16 13:27,1602826050,808386784,794439266
2020/10/16 13:26,1602825990,707160912,895665078
2020/10/16 13:25,1602825930,954164904,648661026
2020/10/16 13:24,1602825870,876129304,726696566
2020/10/16 13:23,1602825810,829515864,773309946
2020/10/16 13:22,1602825750,997280040,605545710
2020/10/16 13:21,1602825690,595999648,1006826042
2020/10/16 13:20,1602825630,810462936,792362694
2020/10/16 13:19,1602825570,571308536,1031517034
2020/10/16 13:18,1602825510,901317384,701508126
2020/10/16 13:17,1602825450,850166728,752658722
2020/10/16 13:16,1602825390,718721912,884103478
2020/10/16 13:15,1602825330,569599080,1033226250
2020/10/16 13:14,1602825270,1126629944,476195326
2020/10/16 13:13,1602825210,817068696,785756514
2020/10/16 13:12,1602825150,1265425232,337399918
2020/10/16 13:11,1602825090,1121690944,481134146
2020/10/16 13:10,1602825030,1027482744,575342286
2020/10/16 13:09,1602824970,1160994800,441830170
2020/10/16 13:08,1602824910,981747544,621077366
2020/10/16 13:07,1602824850,824767824,778057026
2020/10/16 13:06,1602824790,645525200,957299590
2020/10/16 13:05,1602824730,867288472,735536258
2020/10/16 13:04,1602824670,821581960,781242710
2020/10/16 13:03,1602824610,650145336,952679274
2020/10/16 13:02,1602824550,743236912,859587638
2020/10/16 13:01,1602824490,1112646640,490177850
2020/10/16 13:00,1602824430,710938656,891885774
2020/10/16 12:59,1602824370,797529240,805295130
2020/10/16 12:58,1602824310,614176384,988647926
2020/10/16 12:57,1602824250,880853568,721970682
2020/10/16 12:56,1602824190,875477568,727346622
2020/10/16 12:55,1602824130,735001704,867822426
2020/10/16 12:54,1602824070,1220889392,381934678
2020/10/16 12:53,1602824010,674998608,927825402
2020/10/16 12:52,1602823950,744884288,857939662
2020/10/16 12:51,1602823890,642834720,959989170
2020/10/16 12:50,1602823830,671645128,931178702
2020/10/16 12:49,1602823770,945749736,657074034
2020/10/16 12:48,1602823710,814771568,788052142
2020/10/16 12:47,1602823650,714267008,888556642
2020/10/16 12:46,1602823590,656542448,946281142
2020/10/16 12:45,1602823530,882253272,720570258
2020/10/16 12:44,1602823470,709881496,892941974
2020/10/16 12:43,1602823410,517591736,1085231674
2020/10/16 12:42,1602823350,765270608,837552742
2020/10/16 12:41,1602823290,869242928,733580362
2020/10/16 12:40,1602823230,762255424,840567806
2020/10/16 12:39,1602823170,1048548656,554274514
2020/10/16 12:38,1602823110,892590784,710232326
2020/10/16 12:37,1602823050,631983648,970839402
2020/10/16 12:36,1602822990,662923040,939899950
2020/10/16 12:35,1602822930,718524312,884298618
2020/10/16 12:34,1602822870,571398960,1031423910
2020/10/16 12:33,1602822810,956115992,646706818
2020/10/16 12:32,1602822750,789602472,813220278
2020/10/16 12:31,1602822690,697620744,905201946
2020/10/16 12:30,1602822630,619450696,983371934
2020/10/16 12:29,1602822570,699035280,903787290
2020/10/16 12:28,1602822510,601947480,1000875030
2020/10/16 12:27,1602822450,664480848,938341602
2020/10/16 12:26,1602822390,806466712,796355678
2020/10/16 12:25,1602822330,755816048,847006282
2020/10/16 12:24,1602822270,559897928,1042924342
2020/10/16 12:23,1602822210,826052000,776770210
2020/10/16 12:22,1602822150,662182088,940640062
2020/10/16 12:21,1602822090,550333632,1052488458
2020/10/16 12:20,1602822030,531480576,1071341454
2020/10/16 12:19,1602821970,894828168,707993802
2020/10/16 12:18,1602821910,786494168,816327742
2020/10/16 12:17,1602821850,1317090640,285731210
2020/10/16 12:16,1602821790,958392488,644429302
2020/10/16 12:15,1602821730,1073366544,529455186
2020/10/16 12:14,1602821670,850654744,752166926
2020/10/16 12:13,1602821610,797665752,805155858
2020/10/16 12:12,1602821550,608206264,994615286
2020/10/16 12:11,1602821490,1276330936,326490554
2020/10/16 12:10,1602821430,1140491704,462329726
2020/10/16 12:09,1602821370,619789504,983031866
2020/10/16 12:08,1602821310,485070648,1117750662
2020/10/16 12:07,1602821250,958289456,644531794
2020/10/16 12:06,1602821190,686201464,916619726
2020/10/16 12:05,1602821130,711012952,891808178
2020/10/16 12:04,1602821070,978357920,624463150
2020/10/16 12:03,1602821010,1204306304,398514706
2020/10/16 12:02,1602820950,925368168,677452782
2020/10/16 12:01,1602820890,673248848,929572042
2020/10/16 12:00,1602820830,893274360,709546470
2020/10/16 11:59,1602820770,762094984,840725786
2020/10/16 11:58,1602820710,668639568,934181142
2020/10/16 11:57,1602820650,802359792,800460858
2020/10/16 11:56,1602820590,724669992,878150598
2020/10/16 11:55,1602820530,1334280392,268540138
2020/10/16 11:54,1602820470,1246398520,356421950
2020/10/16 11:53,1602820410,1050152832,552667578
2020/10/16 11:52,1602820350,542582312,1060238038
2020/10/16 11:51,1602820290,778103880,824716410
2020/10/16 11:50,1602820230,552998568,1049821662
2020/10/16 11:49,1602820170,698024640,904795530
2020/10/16 11:48,1602820110,606620984,996199126
2020/10/16 11:47,1602820050,938769360,664050690
2020/10/16 11:46,1602819990,1112379280,490440710
2020/10/16 11:45,1602819930,1125520696,477299234
2020/10/16 11:44,1602819870,836691048,766128822
2020/10/16 11:43,1602819810,715573488,887246322
2020/10/16 11:42,1602819750,606048400,996771350
2020/10/16 11:41,1602819690,1004330360,598489330
2020/10/16 11:40,1602819630,792169000,810650630
2020/10/16 11:39,1602819570,663305752,939513818
2020/10/16 11:38,1602819510,552245712,1050573798
2020/10/16 11:37,1602819450,1199890672,402928778
2020/10/16 11:36,1602819390,745314440,857504950
2020/10/16 11:35,1602819331,622749240,980070091
2020/10/16 11:34,1602819270,1409982832,192836438
2020/10/16 11:33,1602819210,1040837488,561981722
2020/10/16 11:32,1602819150,610005720,992813430
2020/10/16 11:31,1602819090,962427536,640391554
2020/10/16 11:30,1602819030,767580872,835238158
2020/10/16 11:29,1602818970,756886272,845932698
2020/10/16 11:28,1602818910,701866832,900952078
2020/10/16 11:27,1602818850,1298673616,304145234
2020/10/16 11:26,1602818790,1091486360,511332430
2020/10/16 11:25,1602818730,904591808,698226922
2020/10/16 11:24,1602818670,1284135624,318683046
2020/10/16 11:23,1602818610,1249264392,353554218
2020/10/16 11:22,1602818550,1206733952,396084598
2020/10/16 11:21,1602818490,1088228544,514589946
2020/10/16 11:20,1602818430,841253928,761564502
2020/10/16 11:19,1602818370,767442856,835375514
2020/10/16 11:18,1602818310,1327262744,275555566
2020/10/16 11:17,1602818250,987362208,615456042
2020/10/16 11:16,1602818190,889332448,713485742
2020/10/16 11:15,1602818130,525054000,1077764130
2020/10/16 11:14,1602818070,992229328,610588742
2020/10/16 11:13,1602818010,632189608,970628402
2020/10/16 11:12,1602817950,568705512,1034112438
2020/10/16 11:11,1602817890,544118176,1058699714
2020/10/16 11:10,1602817830,1345363336,257454494
2020/10/16 11:09,1602817770,1229925944,372891826
2020/10/16 11:08,1602817710,703997360,898820350
2020/10/16 11:07,1602817650,744984880,857832770
2020/10/16 11:06,1602817590,1231817760,370999830
2020/10/16 11:05,1602817530,1012714208,590103322
2020/10/16 11:04,1602817470,553173512,1049643958
2020/10/16 11:03,1602817410,1216067976,386749434
2020/10/16 11:02,1602817350,1186006736,416810614
2020/10/16 11:01,1602817290,1069909792,532907498
2020/10/16 11:00,1602817230,907781888,695035342
2020/10/16 10:59,1602817170,829699896,773117274
2020/10/16 10:58,1602817110,727488048,875329062
2020/10/16 10:57,1602817050,890816320,712000730
2020/10/16 10:56,1602816990,844946896,757870094
2020/10/16 10:55,1602816930,1248080864,354736066
2020/10/16 10:54,1602816870,578408936,1024407934
2020/10/16 10:53,1602816810,959742336,643074474
2020/10/16 10:52,1602816750,465476232,1137340518
2020/10/16 10:51,1602816690,874145720,728670970
2020/10/16 10:50,1602816630,687680392,915136238
2020/10/16 10:49,1602816570,554110528,1048706042
2020/10/16 10:48,1602816510,447563272,1155253238
2020/10/16 10:47,1602816450,432730776,1170085674
2020/10/16 10:46,1602816390,944633632,658182758
2020/10/16 10:45,1602816330,1147975800,454840530
2020/10/16 10:44,1602816270,983746624,619069646
2020/10/16 10:43,1602816210,764516328,838299882
2020/10/16 10:42,1602816150,540756864,1062059286
2020/10/16 10:41,1602816090,931862016,670954074
2020/10/16 10:40,1602816030,834663928,768152102
2020/10/16 10:39,1602815970,643884408,958931562
2020/10/16 10:38,1602815910,771607384,831208526
2020/10/16 10:37,1602815850,941283304,661532546
2020/10/16 10:36,1602815790,902181504,700634286
2020/10/16 10:35,1602815730,714711240,888104490
2020/10/16 10:34,1602815670,632595416,970220254
2020/10/16 10:33,1602815610,553681432,1049134178
2020/10/16 10:32,1602815550,863682896,739132654
2020/10/16 10:31,1602815490,575804896,1027010594
2020/10/16 10:30,1602815430,1055003992,547811438
2020/10/16 10:29,1602815370,745698192,857117178
2020/10/16 10:28,1602815310,607117408,995697902
2020/10/16 10:27,1602815250,767480496,835334754
2020/10/16 10:26,1602815190,957611464,645203726
2020/10/16 10:25,1602815130,923065048,679750082
2020/10/16 10:24,1602815070,776823680,825991390
2020/10/16 10:23,1602815010,612271592,990543418
2020/10/16 10:22,1602814950,657788168,945026782
2020/10/16 10:21,1602814890,470787688,1132027202
2020/10/16 10:20,1602814830,609466752,993348078
2020/10/16 10:19,1602814770,559943152,1042871618
2020/10/16 10:18,1602814710,664308064,938506646
2020/10/16 10:17,1602814650,967738008,635076642
2020/10/16 10:16,1602814590,555558968,1047255622
2020/10/16 10:15,1602814530,762227568,840586962
2020/10/16 10:14,1602814470,508649824,1094164646
2020/10/16 10:13,1602814410,613282240,989532170
2020/10/16 10:12,1602814350,1049815704,552998646
2020/10/16 10:11,1602814290,746821376,855992914
2020/10/16 10:10,1602814230,777061704,825752526
2020/10/16 10:09,1602814170,924758600,678055570
2020/10/16 10:08,1602814110,838473880,764340230
2020/10/16 10:07,1602814050,662039952,940774098
2020/10/16 10:06,1602813990,717893480,884920510
2020/10/16 10:05,1602813930,553577272,1049236658
2020/10/16 10:04,1602813870,651915008,950898862
2020/10/16 10:03,1602813810,566378112,1036435698
2020/10/16 10:02,1602813750,452864000,1149949750
2020/10/16 10:01,1602813690,715582216,887231474
2020/10/16 10:00,1602813630,665438904,937374726
2020/10/16 09:59,1602813570,552204088,1050609482
2020/10/16 09:58,1602813510,818127320,784686190
2020/10/16 09:57,1602813450,961636952,641176498
2020/10/16 09:56,1602813390,609980664,992832726
2020/10/16 09:55,1602813330,1038462376,564350954
2020/10/16 09:54,1602813270,911938864,690874406
2020/10/16 09:53,1602813210,975263704,627549506
2020/10/16 09:52,1602813150,705216032,897597118
2020/10/16 09:51,1602813090,610526072,992287018
2020/10/16 09:50,1602813030,1057151488,545661542
2020/10/16 09:49,1602812970,507101032,1095711938
2020/10/16 09:48,1602812910,642532424,960280486
2020/10/16 09:47,1602812850,767495016,835317834
2020/10/16 09:46,1602812790,597110272,1005702518
2020/10/16 09:45,1602812730,663459136,939353594
2020/10/16 09:44,1602812670,776695184,826117486
2020/10/16 09:43,1602812610,493635608,1109177002
2020/10/16 09:42,1602812550,537707288,1065105262
2020/10/16 09:41,1602812490,689241104,913571386
2020/10/16 09:40,1602812430,594176560,1008635870
2020/10/16 09:39,1602812370,745692656,857119714
2020/10/16 09:38,1602812310,443505936,1159306374
2020/10/16 09:37,1602812250,590517208,1012295042
2020/10/16 09:36,1602812190,856859288,745952902
2020/10/16 09:35,1602812130,806198584,796613546
2020/10/16 09:34,1602812070,940208056,662604014
2020/10/16 09:33,1602812010,807344192,795467818
2020/10/16 09:32,1602811950,605300432,997511518
2020/10/16 09:31,1602811890,1081359120,521452770
2020/10/16 09:30,1602811830,812146576,790665254
2020/10/16 09:29,1602811770,618880400,983931370
2020/10/16 09:28,1602811710,923546808,679264902
2020/10/16 09:27,1602811650,1046024696,556786954
2020/10/16 09:26,1602811590,758457808,844353782
2020/10/16 09:25,1602811530,907765272,695046258
2020/10/16 09:24,1602811470,558945000,1043866470
2020/10/16 09:23,1602811410,688863224,913948186
2020/10/16 09:22,1602811350,490440744,1112370606
2020/10/16 09:21,1602811290,618375712,984435578
2020/10/16 09:20,1602811230,602952000,999859230
2020/10/16 09:19,1602811170,822110768,780700402
2020/10/16 09:18,1602811110,918895584,683915526
2020/10/16 09:17,1602811050,914784200,688026850
2020/10/16 09:16,1602810990,748575232,854235758
2020/10/16 09:15,1602810930,540120400,1062690530
2020/10/16 09:14,1602810870,736438600,866372270
2020/10/16 09:13,1602810810,767044256,835766554
2020/10/16 09:12,1602810750,816839160,785971590
2020/10/16 09:11,1602810690,592679808,1010130882
2020/10/16 09:10,1602810630,1117199880,485610750
2020/10/16 09:09,1602810570,758671752,844138818
2020/10/16 09:08,1602810510,752291960,850518550
2020/10/16 09:07,1602810450,568158984,1034651466
2020/10/16 09:06,1602810390,915825128,686985262
2020/10/16 09:05,1602810330,517385216,1085425114
2020/10/16 09:04,1602810270,796739824,806070446
2020/10/16 09:03,1602810210,413251152,1189559058
2020/10/16 09:02,1602810150,644231256,958578894
2020/10/16 09:01,1602810090,453844816,1148965274
2020/10/16 09:00,1602810030,468464040,1134345990
2020/10/16 08:59,1602809970,501836424,1100973546
2020/10/16 08:58,1602809910,821314224,781495686
2020/10/16 08:57,1602809850,501607432,1101202418
2020/10/16 08:56,1602809790,484367864,1118441926
2020/10/16 08:55,1602809730,539334976,1063474754
2020/10/16 08:54,1602809670,486423328,1116386342
2020/10/16 08:53,1602809610,728026456,874783154
2020/10/16 08:52,1602809550,875157704,727651846
2020/10/16 08:51,1602809490,782779608,820029882
2020/10/16 08:50,1602809430,676264128,926545302
2020/10/16 08:49,1602809370,525469032,1077340338
2020/10/16 08:48,1602809310,679893472,922915838
2020/10/16 08:47,1602809250,571601272,1031207978
2020/10/16 08:46,1602809190,446275240,1156533950
2020/10/16 08:45,1602809130,574707568,1028101562
2020/10/16 08:44,1602809070,492885832,1109923238
2020/10/16 08:43,1602809010,549783016,1053025994
2020/10/16 08:42,1602808950,563561576,1039247374
2020/10/16 08:41,1602808890,727037112,875771778
2020/10/16 08:40,1602808830,682613824,920195006
2020/10/16 08:39,1602808770,573784728,1029024042
2020/10/16 08:38,1602808710,493368504,1109440206
2020/10/16 08:37,1602808650,499925336,1102883314
2020/10/16 08:36,1602808590,570824240,1031984350
2020/10/16 08:35,1602808530,649751384,953057146
2020/10/16 08:34,1602808470,530505560,1072302910
2020/10/16 08:33,1602808410,729003800,873804610
2020/10/16 08:32,1602808350,725006976,877801374
2020/10/16 08:31,1602808290,622672856,980135434
2020/10/16 08:30,1602808230,857282664,745525566
2020/10/16 08:29,1602808170,573333592,1029474578
2020/10/16 08:28,1602808110,443775736,1159032374
2020/10/16 08:27,1602808050,402422968,1200385082
2020/10/16 08:26,1602807990,536337208,1066470782
2020/10/16 08:25,1602807930,481934056,1120873874
2020/10/16 08:24,1602807870,739262936,863544934
2020/10/16 08:23,1602807810,961386672,641421138
2020/10/16 08:22,1602807750,1105457392,497350358
2020/10/16 08:21,1602807690,1003980384,598827306
2020/10/16 08:20,1602807630,471588200,1131219430
2020/10/16 08:19,1602807570,462340560,1140467010
2020/10/16 08:18,1602807510,492910224,1109897286
2020/10/16 08:17,1602807450,578582352,1024225098
2020/10/16 08:16,1602807390,851211272,751596118
2020/10/16 08:15,1602807330,801620040,801187290
2020/10/16 08:14,1602807270,775821096,826986174
2020/10/16 08:13,1602807210,635614920,967192290
2020/10/16 08:12,1602807150,691614520,911192630
2020/10/16 08:11,1602807090,804329680,798477410
2020/10/16 08:10,1602807030,742186888,860620142
2020/10/16 08:09,1602806970,666261248,936545722
2020/10/16 08:08,1602806910,637089424,965717486
2020/10/16 08:07,1602806850,768661696,834145154
2020/10/16 08:06,1602806790,562284704,1040522086
2020/10/16 08:05,1602806730,725299128,877507602
2020/10/16 08:04,1602806670,1001639000,601167670
2020/10/16 08:03,1602806610,632719936,970086674
2020/10/16 08:02,1602806550,599557208,1003249342
2020/10/16 08:01,1602806490,873539488,729267002
2020/10/16 08:00,1602806430,788962912,813843518
2020/10/16 07:59,1602806370,692630104,910176266
2020/10/16 07:58,1602806310,743358112,859448198
2020/10/16 07:57,1602806250,794732944,808073306
2020/10/16 07:56,1602806190,670855936,931950254
2020/10/16 07:55,1602806130,698985688,903820442
2020/10/16 07:54,1602806070,530602464,1072203606
2020/10/16 07:53,1602806010,834240200,768565810
2020/10/16 07:52,1602805950,649170352,953635598
2020/10/16 07:51,1602805890,480332968,1122472922
2020/10/16 07:50,1602805830,683750288,919055542
2020/10/16 07:49,1602805770,969135296,633670474
2020/10/16 07:48,1602805710,870539960,732265750
2020/10/16 07:47,1602805650,743189320,859616330
2020/10/16 07:46,1602805590,497322424,1105483166
2020/10/16 07:45,1602805530,724764608,878040922
2020/10/16 07:44,1602805470,566470936,1036334534
2020/10/16 07:43,1602805410,806940664,795864746
2020/10/16 07:42,1602805350,458000336,1144805014
2020/10/16 07:41,1602805290,715621424,887183866
2020/10/16 07:40,1602805230,526742576,1076062654
2020/10/16 07:39,1602805170,665341456,937463714
2020/10/16 07:38,1602805110,534363808,1068441302
2020/10/16 07:37,1602805050,756950104,845854946
2020/10/16 07:36,1602804990,780354872,822450118
2020/10/16 07:35,1602804930,494058736,1108746194
2020/10/16 07:34,1602804870,671160200,931644670
2020/10/16 07:33,1602804810,927610920,675193890
2020/10/16 07:32,1602804750,540737520,1062067230
2020/10/16 07:31,1602804690,664982200,937822490
2020/10/16 07:30,1602804630,695600536,907204094
2020/10/16 07:29,1602804570,481203128,1121601442
2020/10/16 07:28,1602804510,871118024,731686486
2020/10/16 07:27,1602804450,794569272,808235178
2020/10/16 07:26,1602804390,854163128,748641262
2020/10/16 07:25,1602804330,736860824,865943506
2020/10/16 07:24,1602804270,421873200,1180931070
2020/10/16 07:23,1602804210,773771232,829032978
2020/10/16 07:22,1602804150,737528960,865275190
2020/10/16 07:21,1602804090,595448136,1007355954
2020/10/16 07:20,1602804030,672588584,930215446
2020/10/16 07:19,1602803970,782370352,820433618
2020/10/16 07:18,1602803910,511865472,1090938438
2020/10/16 07:17,1602803850,576456456,1026347394
2020/10/16 07:16,1602803790,1130341144,472462646
2020/10/16 07:15,1602803730,725660064,877143666
2020/10/16 07:14,1602803670,717257416,885546254
2020/10/16 07:13,1602803610,760071752,842731858
2020/10/16 07:12,1602803550,820329464,782474086
2020/10/16 07:11,1602803490,707129168,895674322
2020/10/16 07:10,1602803430,450027472,1152775958
2020/10/16 07:09,1602803370,582359352,1020444018
2020/10/16 07:08,1602803310,962482488,640320822
2020/10/16 07:07,1602803250,520431856,1082371394
2020/10/16 07:06,1602803190,925811480,676991710
2020/10/16 07:05,1602803130,710984328,891818802
2020/10/16 07:04,1602803070,844494584,758308486
2020/10/16 07:03,1602803010,504190144,1098612866
2020/10/16 07:02,1602802950,855146296,747656654
2020/10/16 07:01,1602802890,675180088,927622802
2020/10/16 07:00,1602802830,812465800,790337030
2020/10/16 06:59,1602802770,878166904,724635866
2020/10/16 06:58,1602802710,580842688,1021960022
2020/10/16 06:57,1602802650,638128616,964674034
2020/10/16 06:56,1602802590,563014192,1039788398
2020/10/16 06:55,1602802530,866013728,736788802
2020/10/16 06:54,1602802470,523669832,1079132638
2020/10/16 06:53,1602802410,821066928,781735482
2020/10/16 06:52,1602802350,775815504,826986846
2020/10/16 06:51,1602802290,485586552,1117215738
2020/10/16 06:50,1602802230,968663704,634138526
2020/10/16 06:49,1602802170,616403048,986399122
2020/10/16 06:48,1602802110,489512576,1113289534
2020/10/16 06:47,1602802050,729630848,873171202
2020/10/16 06:46,1602801990,901409720,701392270
2020/10/16 06:45,1602801930,825033232,777768698
2020/10/16 06:44,1602801870,654944600,947857270
2020/10/16 06:43,1602801810,926138072,676663738
2020/10/16 06:42,1602801750,796276600,806525150
2020/10/16 06:41,1602801690,687960784,914840906
2020/10/16 06:40,1602801630,580308120,1022493510
2020/10/16 06:39,1602801570,429062488,1173739082
2020/10/16 06:38,1602801510,630869040,971932470
2020/10/16 06:37,1602801450,899291168,703510282
2020/10/16 06:36,1602801390,578345016,1024456374
2020/10/16 06:35,1602801330,605014672,997786658
2020/10/16 06:34,1602801270,574079960,1028721310
2020/10/16 06:33,1602801210,427705488,1175095722
2020/10/16 06:32,1602801150,766885336,835915814
2020/10/16 06:31,1602801090,548694696,1054106394
2020/10/16 06:30,1602801030,680646008,922155022
2020/10/16 06:29,1602800970,886774456,716026514
2020/10/16 06:28,1602800910,515323248,1087477662
2020/10/16 06:27,1602800850,558970160,1043830690
2020/10/16 06:26,1602800790,698148320,904652470
2020/10/16 06:25,1602800730,703888704,898912026
2020/10/16 06:24,1602800670,883632696,719167974
2020/10/16 06:23,1602800610,769825696,832974914
2020/10/16 06:22,1602800550,678309904,924490646
2020/10/16 06:21,1602800490,599720064,1003080426
2020/10/16 06:20,1602800430,641358760,961441670
2020/10/16 06:19,1602800370,521288352,1081512018
2020/10/16 06:18,1602800310,453585584,1149214726
2020/10/16 06:17,1602800250,569584672,1033215578
2020/10/16 06:16,1602800190,618425384,984374806
2020/10/16 06:15,1602800130,502601752,1100198378
2020/10/16 06:14,1602800070,454644240,1148155830
2020/10/16 06:13,1602800010,642961048,959838962
2020/10/16 06:12,1602799950,491644736,1111155214
2020/10/16 06:11,1602799890,808146400,794653490
2020/10/16 06:10,1602799830,707650128,895149702
2020/10/16 06:09,1602799770,703551464,899248306
2020/10/16 06:08,1602799710,532044064,1070755646
2020/10/16 06:07,1602799650,580704016,1022095634
2020/10/16 06:06,1602799590,393155328,1209644262
2020/10/16 06:05,1602799530,642132208,960667322
2020/10/16 06:04,1602799470,525030560,1077768910
2020/10/16 06:03,1602799410,558468800,1044330610
2020/10/16 06:02,1602799350,566254632,1036544718
2020/10/16 06:01,1602799290,540063064,1062736226
2020/10/16 06:00,1602799230,601396376,1001402854
2020/10/16 05:59,1602799170,749982096,852817074
2020/10/16 05:58,1602799110,390994072,1211805038
2020/10/16 05:57,1602799050,551156640,1051642410
2020/10/16 05:56,1602798990,660501352,942297638
2020/10/16 05:55,1602798930,673561592,929237338
2020/10/16 05:54,1602798870,481757120,1121041750
2020/10/16 05:53,1602798810,698998400,903800410
2020/10/16 05:52,1602798750,640006264,962792486
2020/10/16 05:51,1602798690,1169893376,432905314
2020/10/16 05:50,1602798630,995388280,607410350
2020/10/16 05:49,1602798570,860457120,742341450
2020/10/16 05:48,1602798510,456486840,1146311670
2020/10/16 05:47,1602798450,539639352,1063159098
2020/10/16 05:46,1602798390,677100992,925697398
2020/10/16 05:45,1602798330,790674856,812123474
2020/10/16 05:44,1602798270,953953680,648844590
2020/10/16 05:43,1602798210,744291944,858506266
2020/10/16 05:42,1602798150,695669640,907128510
2020/10/16 05:41,1602798090,641645272,961152818
2020/10/16 05:40,1602798030,768884752,833913278
2020/10/16 05:39,1602797970,1067238928,535559042
2020/10/16 05:38,1602797910,760455200,842342710
2020/10/16 05:37,1602797850,931795088,671002762
2020/10/16 05:36,1602797790,578664928,1024132862
2020/10/16 05:35,1602797730,1088241464,514556266
2020/10/16 05:34,1602797670,603746184,999051486
2020/10/16 05:33,1602797610,797045568,805752042
2020/10/16 05:32,1602797550,869555816,733241734
2020/10/16 05:31,1602797490,568677896,1034119594
2020/10/16 05:30,1602797430,413880136,1188917294
2020/10/16 05:29,1602797370,465370360,1137427010
2020/10/16 05:28,1602797310,889697784,713099526
2020/10/16 05:27,1602797250,695093440,907703810
2020/10/16 05:26,1602797190,489808272,1112988918
2020/10/16 05:25,1602797130,933640248,669156882
2020/10/16 05:24,1602797070,799997728,802799342
2020/10/16 05:23,1602797010,757347632,845449378
2020/10/16 05:22,1602796950,858962216,743834734
2020/10/16 05:21,1602796890,627525456,975271434
2020/10/16 05:20,1602796830,841971728,760825102
2020/10/16 05:19,1602796770,1054461120,548335650
2020/10/16 05:18,1602796710,794265024,808531686
2020/10/16 05:17,1602796650,1134084736,468711914
2020/10/16 05:16,1602796590,938400840,664395750
2020/10/16 05:15,1602796530,517721744,1085074786
2020/10/16 05:14,1602796470,943212408,659584062
2020/10/16 05:13,1602796410,1136442376,466354034
2020/10/16 05:12,1602796350,846708688,756087662
2020/10/16 05:11,1602796290,641311224,961485066
2020/10/16 05:10,1602796230,438259504,1164536726
2020/10/16 05:09,1602796170,752355200,850440970
2020/10/16 05:08,1602796110,422737152,1180058958
2020/10/16 05:07,1602796050,855019640,747776410
2020/10/16 05:06,1602795990,608405344,994390646
2020/10/16 05:05,1602795930,404830008,1197965922
2020/10/16 05:04,1602795870,499009152,1103786718
2020/10/16 05:03,1602795810,674663248,928132562
2020/10/16 05:02,1602795750,882963192,719832558
2020/10/16 05:01,1602795690,731901168,870894522
2020/10/16 05:00,1602795630,801600384,801195246
2020/10/16 04:59,1602795570,935774064,667021506
2020/10/16 04:58,1602795510,1107476488,495319022
2020/10/16 04:57,1602795450,855454768,747340682
2020/10/16 04:56,1602795390,753891232,848904158
2020/10/16 04:55,1602795330,908675472,694119858
2020/10/16 04:54,1602795270,564929152,1037866118
2020/10/16 04:53,1602795210,551113592,1051681618
2020/10/16 04:52,1602795150,591142416,1011652734
2020/10/16 04:51,1602795090,836859792,765935298
2020/10/16 04:50,1602795030,548253592,1054541438
2020/10/16 04:49,1602794970,845160496,757634474
2020/10/16 04:48,1602794910,664907752,937887158
2020/10/16 04:47,1602794850,841379024,761415826
2020/10/16 04:46,1602794790,712356992,890437798
2020/10/16 04:45,1602794730,470843736,1131950994
2020/10/16 04:44,1602794670,766081496,836713174
2020/10/16 04:43,1602794610,698476024,904318586
2020/10/16 04:42,1602794550,448529200,1154265350
2020/10/16 04:41,1602794490,622926096,979868394
2020/10/16 04:40,1602794430,566469208,1036325222
2020/10/16 04:39,1602794370,573523440,1029270930
2020/10/16 04:38,1602794310,391756392,1211037918
2020/10/16 04:37,1602794250,650207752,952586498
2020/10/16 04:36,1602794190,518276616,1084517574
2020/10/16 04:35,1602794130,537283184,1065510946
2020/10/16 04:34,1602794070,743172064,859622006
2020/10/16 04:33,1602794010,745417136,857376874
2020/10/16 04:32,1602793950,703153912,899640038
2020/10/16 04:31,1602793890,715739376,887054514
2020/10/16 04:30,1602793830,1133141472,469652358
2020/10/16 04:29,1602793770,607175104,995618666
2020/10/16 04:28,1602793710,916364384,686429326
2020/10/16 04:27,1602793650,616188560,986605090
2020/10/16 04:26,1602793590,480882016,1121911574
2020/10/16 04:25,1602793530,719648072,883145458
2020/10/16 04:24,1602793470,894098512,708694958
2020/10/16 04:23,1602793410,481204952,1121588458
2020/10/16 04:22,1602793350,723199368,879593982
2020/10/16 04:21,1602793290,611431120,991362170
2020/10/16 04:20,1602793230,829147848,773645382
2020/10/16 04:19,1602793170,839046312,763746858
2020/10/16 04:18,1602793110,746193336,856599774
2020/10/16 04:17,1602793050,838255448,764537602
2020/10/16 04:16,1602792990,636471008,966321982
2020/10/16 04:15,1602792930,504458016,1098334914
2020/10/16 04:14,1602792870,722407776,880385094
2020/10/16 04:13,1602792810,650805928,951986882
2020/10/16 04:12,1602792750,428128376,1174664374
2020/10/16 04:11,1602792690,1158120872,444671818
2020/10/16 04:10,1602792630,356373032,1246419598
2020/10/16 04:09,1602792570,528105184,1074687386
2020/10/16 04:08,1602792510,613299792,989492718
2020/10/16 04:07,1602792450,551482640,1051309810
2020/10/16 04:06,1602792390,641074880,961717510
2020/10/16 04:05,1602792330,700702288,902090042
2020/10/16 04:04,1602792270,753182800,849609470
2020/10/16 04:03,1602792210,588700928,1014091282
2020/10/16 04:02,1602792150,605191760,997600390
2020/10/16 04:01,1602792090,1139384704,463407386
2020/10/16 04:00,1602792030,847677896,755114134
2020/10/16 03:59,1602791970,392923200,1209868770
2020/10/16 03:58,1602791910,1134908792,467883118
2020/10/16 03:57,1602791850,891862072,710929778
2020/10/16 03:56,1602791790,479069304,1123722486
2020/10/16 03:55,1602791730,503791976,1098999754
2020/10/16 03:54,1602791670,475552192,1127239478
2020/10/16 03:53,1602791610,486363200,1116428410
2020/10/16 03:52,1602791550,394995488,1207796062
2020/10/16 03:51,1602791490,1006358888,596432602
2020/10/16 03:50,1602791430,432339760,1170451670
2020/10/16 03:49,1602791370,616544192,986247178
2020/10/16 03:48,1602791310,532981296,1069810014
2020/10/16 03:47,1602791250,626159896,976631354
2020/10/16 03:46,1602791190,596941640,1005849550
2020/10/16 03:45,1602791130,635232464,967558666
2020/10/16 03:44,1602791070,490453008,1112338062
2020/10/16 03:43,1602791010,366372032,1236418978
2020/10/16 03:42,1602790950,756432808,846358142
2020/10/16 03:41,1602790890,540887976,1061902914
2020/10/16 03:40,1602790830,501690152,1101100678
2020/10/16 03:39,1602790770,941748104,661042666
2020/10/16 03:38,1602790710,815671296,787119414
2020/10/16 03:37,1602790650,400164200,1202626450
2020/10/16 03:36,1602790590,477008752,1125781838
2020/10/16 03:35,1602790530,709078264,893712266
2020/10/16 03:34,1602790470,597975088,1004815382
2020/10/16 03:33,1602790410,970837008,631953402
2020/10/16 03:32,1602790350,657830240,944960110
2020/10/16 03:31,1602790290,712567944,890222346
2020/10/16 03:30,1602790230,485101672,1117688558
2020/10/16 03:29,1602790170,535589592,1067200578
2020/10/16 03:28,1602790110,667785576,935004534
2020/10/16 03:27,1602790050,682915776,919874274
2020/10/16 03:26,1602789990,673524024,929265966
2020/10/16 03:25,1602789930,600397672,1002392258
2020/10/16 03:24,1602789870,469670496,1133119374
2020/10/16 03:23,1602789810,390482040,1212307770
2020/10/16 03:22,1602789750,458637144,1144152606
2020/10/16 03:21,1602789690,768832896,833956794
2020/10/16 03:20,1602789630,490869232,1111920398
2020/10/16 03:19,1602789570,609441720,993347850
2020/10/16 03:18,1602789510,402845632,1199943878
2020/10/16 03:17,1602789450,657486400,945303050
2020/10/16 03:16,1602789390,522406200,1080383190
2020/10/16 03:15,1602789330,435714616,1167074714
2020/10/16 03:14,1602789270,550216120,1052573150
2020/10/16 03:13,1602789210,370546064,1232243146
2020/10/16 03:12,1602789150,581059992,1021729158
2020/10/16 03:11,1602789090,466971248,1135817842
2020/10/16 03:10,1602789030,659707400,943081630
2020/10/16 03:09,1602788970,572107656,1030681314
2020/10/16 03:08,1602788910,429658416,1173130494
2020/10/16 03:07,1602788850,543887816,1058901034
2020/10/16 03:06,1602788790,417734624,1185054166
2020/10/16 03:05,1602788730,707955240,894833490
2020/10/16 03:04,1602788670,674914640,927874030
2020/10/16 03:03,1602788610,538007992,1064780618
2020/10/16 03:02,1602788550,893019288,709769262
2020/10/16 03:01,1602788490,844073712,758714778
2020/10/16 03:00,1602788430,613606768,989181662
2020/10/16 02:59,1602788370,523728840,1079059530
2020/10/16 02:58,1602788310,450803376,1151984934
2020/10/16 02:57,1602788250,776149208,826639042
2020/10/16 02:56,1602788190,568142912,1034645278
2020/10/16 02:55,1602788130,350626360,1252161770
2020/10/16 02:54,1602788070,529874248,1072913822
2020/10/16 02:53,1602788010,496089176,1106698834
2020/10/16 02:52,1602787950,386890960,1215896990
2020/10/16 02:51,1602787890,491255272,1111532618
2020/10/16 02:50,1602787830,602158640,1000629190
2020/10/16 02:49,1602787770,415084056,1187703714
2020/10/16 02:48,1602787710,474040352,1128747358
2020/10/16 02:47,1602787650,380296264,1222491386
2020/10/16 02:46,1602787590,684393432,918394158
2020/10/16 02:45,1602787530,497778776,1105008754
2020/10/16 02:44,1602787470,609454536,993332934
2020/10/16 02:43,1602787410,509385376,1093402034
2020/10/16 02:42,1602787350,452074528,1150712822
2020/10/16 02:41,1602787290,369468248,1233319042
2020/10/16 02:40,1602787230,482504960,1120282270
2020/10/16 02:39,1602787170,812601096,790186074
2020/10/16 02:38,1602787110,730266704,872520406
2020/10/16 02:37,1602787050,479964104,1122822946
2020/10/16 02:36,1602786990,450809040,1151977950
2020/10/16 02:35,1602786930,688217200,914569730
2020/10/16 02:34,1602786870,551967160,1050819710
2020/10/16 02:33,1602786810,582126768,1020660042
2020/10/16 02:32,1602786750,639654440,963132310
2020/10/16 02:31,1602786690,396821360,1205965330
2020/10/16 02:30,1602786630,667538328,935248302
2020/10/16 02:29,1602786570,594604024,1008182546
2020/10/16 02:28,1602786510,540869880,1061916630
2020/10/16 02:27,1602786450,642525656,960260794
2020/10/16 02:26,1602786390,484664616,1118121774
2020/10/16 02:25,1602786330,850776928,752009402
2020/10/16 02:24,1602786270,601226064,1001560206
2020/10/16 02:23,1602786210,445919408,1156866802
2020/10/16 02:22,1602786150,585531736,1017254414
2020/10/16 02:21,1602786090,722922248,879863842
2020/10/16 02:20,1602786030,475641904,1127144126
2020/10/16 02:19,1602785970,579663896,1023122074
2020/10/16 02:18,1602785910,659762912,943022998
2020/10/16 02:17,1602785850,661931768,940854082
2020/10/16 02:16,1602785790,381883448,1220902342
2020/10/16 02:15,1602785730,794912528,807873202
2020/10/16 02:14,1602785670,687095104,915690566
2020/10/16 02:13,1602785610,582287368,1020498242
2020/10/16 02:12,1602785550,824537568,778247982
2020/10/16 02:11,1602785490,587176176,1015609314
2020/10/16 02:10,1602785430,472859328,1129926102
2020/10/16 02:09,1602785370,665025328,937760042
2020/10/16 02:08,1602785310,612649160,990136150
2020/10/16 02:07,1602785250,484447128,1118338122
2020/10/16 02:06,1602785190,672186944,930598246
2020/10/16 02:05,1602785130,525462592,1077322538
2020/10/16 02:04,1602785070,440003968,1162781102
2020/10/16 02:03,1602785010,565833976,1036951034
2020/10/16 02:02,1602784950,485763224,1117021726
2020/10/16 02:01,1602784890,683172880,919612010
2020/10/16 02:00,1602784830,469819800,1132965030
2020/10/16 01:59,1602784770,749597160,853187610
2020/10/16 01:58,1602784710,672435824,930348886
2020/10/16 01:57,1602784650,657157800,945626850
2020/10/16 01:56,1602784590,770447696,832336894
2020/10/16 01:55,1602784530,814365328,788419202
2020/10/16 01:54,1602784470,932824264,669960206
2020/10/16 01:53,1602784410,657100904,945683506
2020/10/16 01:52,1602784350,411854024,1190930326
2020/10/16 01:51,1602784290,671868992,930915298
2020/10/16 01:50,1602784230,384456224,1218328006
2020/10/16 01:49,1602784170,471511440,1131272730
2020/10/16 01:48,1602784110,986272200,616511910
2020/10/16 01:47,1602784050,545747272,1057036778
2020/10/16 01:46,1602783990,765582192,837201798
2020/10/16 01:45,1602783930,692350520,910433410
2020/10/16 01:44,1602783870,650291032,952492838
2020/10/16 01:43,1602783810,504407640,1098376170
2020/10/16 01:42,1602783750,756248288,846535462
2020/10/16 01:41,1602783690,633867520,968916170
2020/10/16 01:40,1602783630,716872664,885910966
2020/10/16 01:39,1602783570,648489248,954294322
2020/10/16 01:38,1602783510,554741664,1048041846
2020/10/16 01:37,1602783450,639354928,963428522
2020/10/16 01:36,1602783390,678250928,924532462
2020/10/16 01:35,1602783330,346308760,1256474570
2020/10/16 01:34,1602783270,986462072,616321198
2020/10/16 01:33,1602783210,820426840,782356370
2020/10/16 01:32,1602783150,611901856,990881294
2020/10/16 01:31,1602783090,660432632,942350458
2020/10/16 01:30,1602783030,452978624,1149804406
2020/10/16 01:29,1602782970,571146952,1031636018
2020/10/16 01:28,1602782910,560910568,1041872342
2020/10/16 01:27,1602782850,407980792,1194802058
2020/10/16 01:26,1602782790,666653720,936129070
2020/10/16 01:25,1602782730,629529960,973252770
2020/10/16 01:24,1602782670,534352224,1068430446
2020/10/16 01:23,1602782610,393916944,1208865666
2020/10/16 01:22,1602782550,341206448,1261576102
2020/10/16 01:21,1602782490,326853984,1275928506
2020/10/16 01:20,1602782430,378555520,1224226910
2020/10/16 01:19,1602782370,840623224,762159146
2020/10/16 01:18,1602782310,707707104,895075206
2020/10/16 01:17,1602782250,1069179464,533602786
2020/10/16 01:16,1602782190,506102384,1096679806
2020/10/16 01:15,1602782130,578497144,1024284986
2020/10/16 01:14,1602782070,406707792,1196074278
2020/10/16 01:13,1602782010,756657584,846124426
2020/10/16 01:12,1602781950,698530952,904250998
2020/10/16 01:11,1602781890,648382216,954399674
2020/10/16 01:10,1602781830,488238472,1114543358
2020/10/16 01:09,1602781770,580663808,1022117962
2020/10/16 01:08,1602781710,508429896,1094351814
2020/10/16 01:07,1602781650,652847528,949934122
2020/10/16 01:06,1602781590,608718256,994063334
2020/10/16 01:05,1602781530,560946928,1041834602
2020/10/16 01:04,1602781470,485508752,1117272718
2020/10/16 01:03,1602781410,395912488,1206868922
2020/10/16 01:02,1602781350,631985712,970795638
2020/10/16 01:01,1602781290,536461224,1066320066
2020/10/16 01:00,1602781230,492983328,1109797902
2020/10/16 00:59,1602781170,433102144,1169679026
2020/10/16 00:58,1602781110,332323208,1270457902
2020/10/16 00:57,1602781050,591080256,1011700794
2020/10/16 00:56,1602780990,495373624,1107407366
2020/10/16 00:55,1602780930,822410840,780370090
2020/10/16 00:54,1602780870,531217472,1071563398
2020/10/16 00:53,1602780810,515453952,1087326858
2020/10/16 00:52,1602780750,491991256,1110789494
2020/10/16 00:51,1602780690,564660936,1038119754
2020/10/16 00:50,1602780630,684740832,918039798
2020/10/16 00:49,1602780570,409767608,1193012962
2020/10/16 00:48,1602780510,661692288,941088222
2020/10/16 00:47,1602780450,379603328,1223177122
2020/10/16 00:46,1602780390,503382016,1099398374
2020/10/16 00:45,1602780330,475227680,1127552650
2020/10/16 00:44,1602780270,576866304,1025913966
2020/10/16 00:43,1602780210,748162520,854617690
2020/10/16 00:42,1602780150,430365240,1172414910
2020/10/16 00:41,1602780090,532213408,1070566682
2020/10/16 00:40,1602780030,938334256,664445774
2020/10/16 00:39,1602779970,824407968,778372002
2020/10/16 00:38,1602779910,639142768,963637142
2020/10/16 00:37,1602779850,919215128,683564722
2020/10/16 00:36,1602779790,529224144,1073555646
2020/10/16 00:35,1602779730,445058904,1157720826
2020/10/16 00:34,1602779670,399681344,1203098326
2020/10/16 00:33,1602779610,357659840,1245119770
2020/10/16 00:32,1602779550,526824240,1075955310
2020/10/16 00:31,1602779490,424057912,1178721578
2020/10/16 00:30,1602779430,427149104,1175630326
2020/10/16 00:29,1602779370,578607056,1024172314
2020/10/16 00:28,1602779310,618926480,983852830
2020/10/16 00:27,1602779250,599297696,1003481554
2020/10/16 00:26,1602779190,563797352,1038981838
2020/10/16 00:25,1602779130,394886408,1207892722
2020/10/16 00:24,1602779070,645245872,957533198
2020/10/16 00:23,1602779010,411890688,1190888322
2020/10/16 00:22,1602778950,670068608,932710342
2020/10/16 00:21,1602778890,434055728,1168723162
2020/10/16 00:20,1602778830,475715032,1127063798
2020/10/16 00:19,1602778770,567059312,1035719458
2020/10/16 00:18,1602778710,758442672,844336038
2020/10/16 00:17,1602778650,889098448,713680202
2020/10/16 00:16,1602778590,470749176,1132029414
2020/10/16 00:15,1602778530,804606768,798171762
2020/10/16 00:14,1602778470,410524824,1192253646
2020/10/16 00:13,1602778410,517498824,1085279586
2020/10/16 00:12,1602778350,529168848,1073609502
2020/10/16 00:11,1602778290,606166280,996612010
2020/10/16 00:10,1602778230,579629568,1023148662
2020/10/16 00:09,1602778170,991291800,611486370
2020/10/16 00:08,1602778110,700860536,901917574
2020/10/16 00:07,1602778050,618997344,983780706
2020/10/16 00:06,1602777990,492644520,1110133470
2020/10/16 00:05,1602777930,616557352,986220578
2020/10/16 00:04,1602777870,809624416,793153454
2020/10/16 00:03,1602777810,519676808,1083101002
2020/10/16 00:02,1602777750,435124464,1167653286
2020/10/16 00:01,1602777690,485398424,1117379266
2020/10/16 00:00,1602777630,753757416,849020214
2020/10/15 23:59,1602777570,352300744,1250476826
2020/10/15 23:58,1602777510,350861456,1251916054
2020/10/15 23:57,1602777450,394135752,1208641698
2020/10/15 23:56,1602777390,875652992,727124398
2020/10/15 23:55,1602777330,657685872,945091458
2020/10/15 23:54,1602777270,490051432,1112725838
2020/10/15 23:53,1602777210,479689760,1123087450
2020/10/15 23:52,1602777150,339196864,1263580286
2020/10/15 23:51,1602777090,981965064,620812026
2020/10/15 23:50,1602777030,574710480,1028066550
2020/10/15 23:49,1602776970,501686544,1101090426
2020/10/15 23:48,1602776910,321399496,1281377414
2020/10/15 23:47,1602776850,476213360,1126563490
2020/10/15 23:46,1602776790,425043520,1177733270
2020/10/15 23:45,1602776730,468961352,1133815378
2020/10/15 23:44,1602776670,353614984,1249161686
2020/10/15 23:43,1602776610,380770232,1222006378
2020/10/15 23:42,1602776550,497144216,1105632334
2020/10/15 23:41,1602776490,443221088,1159555402
2020/10/15 23:40,1602776430,345310088,1257466342
2020/10/15 23:39,1602776370,555302408,1047473962
2020/10/15 23:38,1602776310,425208568,1177567742
2020/10/15 23:37,1602776250,908815512,693960738
2020/10/15 23:36,1602776190,705418080,897358110
2020/10/15 23:35,1602776130,434246752,1168529378
2020/10/15 23:34,1602776070,662906064,939870006
2020/10/15 23:33,1602776010,472697456,1130078554
2020/10/15 23:32,1602775950,349965104,1252810846
2020/10/15 23:31,1602775890,950669224,652106666
2020/10/15 23:30,1602775830,404637000,1198138830
2020/10/15 23:29,1602775770,569038880,1033736890
2020/10/15 23:28,1602775710,576769960,1026005750
2020/10/15 23:27,1602775650,555015352,1047760298
2020/10/15 23:26,1602775590,374538472,1228237118
2020/10/15 23:25,1602775530,327185336,1275590194
2020/10/15 23:24,1602775470,629013344,973762126
2020/10/15 23:23,1602775410,532774480,1070000930
2020/10/15 23:22,1602775350,304341000,1298434350
2020/10/15 23:21,1602775290,679335688,923439602
2020/10/15 23:20,1602775230,448846736,1153928494
2020/10/15 23:19,1602775170,905223560,697551610
2020/10/15 23:18,1602775110,500614384,1102160726
2020/10/15 23:17,1602775050,591800472,1010974578
2020/10/15 23:16,1602774990,367799544,1234975446
2020/10/15 23:15,1602774930,512212672,1090562258
2020/10/15 23:14,1602774870,377300872,1225473998
2020/10/15 23:13,1602774810,385984784,1216790026
2020/10/15 23:12,1602774750,549793168,1052981582
2020/10/15 23:11,1602774690,376035200,1226739490
2020/10/15 23:10,1602774630,507278576,1095496054
2020/10/15 23:09,1602774570,459269736,1143504834
2020/10/15 23:08,1602774510,742617584,860156926
2020/10/15 23:07,1602774450,622578552,980195898
2020/10/15 23:06,1602774390,440105744,1162668646
2020/10/15 23:05,1602774330,709587072,893187258
2020/10/15 23:04,1602774270,637783904,964990366
2020/10/15 23:03,1602774210,553984232,1048789978
2020/10/15 23:02,1602774150,835397584,767376566
2020/10/15 23:01,1602774090,817600448,785173642
2020/10/15 23:00,1602774030,621587296,981186734
2020/10/15 22:59,1602773970,782485184,820288786
2020/10/15 22:58,1602773910,425839888,1176934022
2020/10/15 22:57,1602773850,460616440,1142157410
2020/10/15 22:56,1602773790,1143191496,459582294
2020/10/15 22:55,1602773730,1017817240,584956490
2020/10/15 22:54,1602773670,542810680,1059962990
2020/10/15 22:53,1602773610,1019530272,583243338
2020/10/15 22:52,1602773550,1137748368,465025182
2020/10/15 22:51,1602773490,867090200,735683290
2020/10/15 22:50,1602773430,546320816,1056452614
2020/10/15 22:49,1602773370,320822128,1281951242
2020/10/15 22:48,1602773310,509011184,1093762126
2020/10/15 22:47,1602773250,486771448,1116001802
2020/10/15 22:46,1602773190,307759424,1295013766
2020/10/15 22:45,1602773130,562767848,1040005282
2020/10/15 22:44,1602773070,376905912,1225867158
2020/10/15 22:43,1602773010,316483176,1286289834
2020/10/15 22:42,1602772950,386273648,1216499302
2020/10/15 22:41,1602772890,691074416,911698474
2020/10/15 22:40,1602772830,411447760,1191325070
2020/10/15 22:39,1602772770,711723208,891049562
2020/10/15 22:38,1602772710,421501288,1181271422
2020/10/15 22:37,1602772650,752299560,850473090
2020/10/15 22:36,1602772590,626984400,975788190
2020/10/15 22:35,1602772530,557916992,1044855538
2020/10/15 22:34,1602772470,397387928,1205384542
2020/10/15 22:33,1602772410,603727664,999044746
2020/10/15 22:32,1602772350,550583184,1052189166
2020/10/15 22:31,1602772290,838684280,764088010
2020/10/15 22:30,1602772230,270125832,1332646398
2020/10/15 22:29,1602772170,486831368,1115940802
2020/10/15 22:28,1602772110,342428592,1260343518
2020/10/15 22:27,1602772050,503101392,1099670658
2020/10/15 22:26,1602771990,601761496,1001010494
2020/10/15 22:25,1602771930,526311248,1076460682
2020/10/15 22:24,1602771870,751593704,851178166
2020/10/15 22:23,1602771810,438237672,1164534138
2020/10/15 22:22,1602771750,1047930328,554841422
2020/10/15 22:21,1602771690,423062256,1179709434
2020/10/15 22:20,1602771630,331810456,1270961174
2020/10/15 22:19,1602771570,280485184,1322286386
2020/10/15 22:18,1602771510,421651752,1181119758
2020/10/15 22:17,1602771450,675688960,927082490
2020/10/15 22:16,1602771390,506079568,1096691822
2020/10/15 22:15,1602771330,316454072,1286317258
2020/10/15 22:14,1602771270,544449768,1058321502
2020/10/15 22:13,1602771210,402593344,1200177866
2020/10/15 22:12,1602771150,669706824,933064326
2020/10/15 22:11,1602771090,457801368,1144969722
2020/10/15 22:10,1602771030,376577840,1226193190
2020/10/15 22:09,1602770970,345424392,1257346578
2020/10/15 22:08,1602770910,423911232,1178859678
2020/10/15 22:07,1602770850,515836000,1086934850
2020/10/15 22:06,1602770790,475970752,1126800038
2020/10/15 22:05,1602770730,520595224,1082175506
2020/10/15 22:04,1602770670,384675616,1218095054
2020/10/15 22:03,1602770610,740707152,862063458
2020/10/15 22:02,1602770550,442059384,1160711166
2020/10/15 22:01,1602770490,604703512,998066978
2020/10/15 22:00,1602770430,430058624,1172711806
2020/10/15 21:59,1602770370,369985144,1232785226
2020/10/15 21:58,1602770310,360207528,1242562782
2020/10/15 21:57,1602770250,614324312,988445938
2020/10/15 21:56,1602770190,309249672,1293520518
2020/10/15 21:55,1602770130,497233016,1105537114
2020/10/15 21:54,1602770070,548663936,1054106134
2020/10/15 21:53,1602770010,392874040,1209895970
2020/10/15 21:52,1602769950,420294480,1182475470
2020/10/15 21:51,1602769890,540474016,1062295874
2020/10/15 21:50,1602769830,679590944,923178886
2020/10/15 21:49,1602769770,357096504,1245673266
2020/10/15 21:48,1602769710,950215792,652553918
2020/10/15 21:47,1602769650,419800272,1182969378
2020/10/15 21:46,1602769590,374107848,1228661742
2020/10/15 21:45,1602769530,671369232,931400298
2020/10/15 21:44,1602769470,617327752,985441718
2020/10/15 21:43,1602769410,591657064,1011112346
2020/10/15 21:42,1602769350,557225752,1045543598
2020/10/15 21:41,1602769290,355094304,1247674986
2020/10/15 21:40,1602769230,495440120,1107329110
2020/10/15 21:39,1602769170,360709112,1242060058
2020/10/15 21:38,1602769110,476839432,1125929678
2020/10/15 21:37,1602769050,602876824,999892226
2020/10/15 21:36,1602768990,449429816,1153339174
2020/10/15 21:35,1602768930,487132728,1115636202
2020/10/15 21:34,1602768870,388153384,1214615486
2020/10/15 21:33,1602768810,384484264,1218284546
2020/10/15 21:32,1602768750,505493568,1097275182
2020/10/15 21:31,1602768690,901350904,701417786
2020/10/15 21:30,1602768630,487691520,1115077110
2020/10/15 21:29,1602768570,822384408,780384162
2020/10/15 21:28,1602768510,769183280,833585230
2020/10/15 21:27,1602768450,472718888,1130049562
2020/10/15 21:26,1602768390,441863112,1160905278
2020/10/15 21:25,1602768330,328367608,1274400722
2020/10/15 21:24,1602768270,320883040,1281885230
2020/10/15 21:23,1602768210,306544752,1296223458
2020/10/15 21:22,1602768150,449519696,1153248454
2020/10/15 21:21,1602768090,488234080,1114534010
2020/10/15 21:20,1602768030,552386368,1050381662
2020/10/15 21:19,1602767970,460418504,1142349466
2020/10/15 21:18,1602767910,295432872,1307335038
2020/10/15 21:17,1602767850,497402768,1105365082
2020/10/15 21:16,1602767790,350244216,1252523574
2020/10/15 21:15,1602767730,512633064,1090134666
2020/10/15 21:14,1602767670,451220384,1151547286
2020/10/15 21:13,1602767610,437531176,1165236434
2020/10/15 21:12,1602767550,324424672,1278342878
2020/10/15 21:11,1602767490,306296384,1296471106
2020/10/15 21:10,1602767430,478969792,1123797638
2020/10/15 21:09,1602767370,468454400,1134312970
2020/10/15 21:08,1602767310,372854208,1229913102
2020/10/15 21:07,1602767250,629237720,973529530
2020/10/15 21:06,1602767190,490550584,1112216606
2020/10/15 21:05,1602767130,472913088,1129854042
2020/10/15 21:04,1602767070,324398360,1278368710
2020/10/15 21:03,1602767010,550372016,1052394994
2020/10/15 21:02,1602766950,450486016,1152280934
2020/10/15 21:01,1602766890,381024424,1221742466
2020/10/15 21:00,1602766830,519557344,1083209486
2020/10/15 20:59,1602766770,474944320,1127822450
2020/10/15 20:58,1602766710,424597888,1178168822
2020/10/15 20:57,1602766650,394798752,1207967898
2020/10/15 20:56,1602766590,414703224,1188063366
2020/10/15 20:55,1602766530,547441496,1055325034
2020/10/15 20:54,1602766470,530470952,1072295518
2020/10/15 20:53,1602766410,378029416,1224736994
2020/10/15 20:52,1602766350,352864912,1249901438
2020/10/15 20:51,1602766290,610818272,991948018
2020/10/15 20:50,1602766230,516485304,1086280926
2020/10/15 20:49,1602766170,535509376,1067256794
2020/10/15 20:48,1602766110,404636544,1198129566
2020/10/15 20:47,1602766050,402423880,1200342170
2020/10/15 20:46,1602765990,388063736,1214702254
2020/10/15 20:45,1602765930,324727360,1278038570
2020/10/15 20:44,1602765870,732578112,870187758
2020/10/15 20:43,1602765810,731133880,871631930
2020/10/15 20:42,1602765750,712179568,890586182
2020/10/15 20:41,1602765690,702541272,900224418
2020/10/15 20:40,1602765630,540550416,1062215214
2020/10/15 20:39,1602765570,490598704,1112166866
2020/10/15 20:38,1602765510,480557672,1122207838
2020/10/15 20:37,1602765450,425349328,1177416122
2020/10/15 20:36,1602765390,570486176,1032279214
2020/10/15 20:35,1602765330,458784856,1143980474
2020/10/15 20:34,1602765270,239404936,1363360334
2020/10/15 20:33,1602765210,367112824,1235652386
2020/10/15 20:32,1602765150,321493560,1281271590
2020/10/15 20:31,1602765090,518152528,1084612562
2020/10/15 20:30,1602765030,332018472,1270746558
2020/10/15 20:29,1602764970,543349896,1059415074
2020/10/15 20:28,1602764910,423186752,1179578158
2020/10/15 20:27,1602764850,295289904,1307474946
2020/10/15 20:26,1602764790,435123368,1167641422
2020/10/15 20:25,1602764730,383962824,1218801906
2020/10/15 20:24,1602764670,322520064,1280244606
2020/10/15 20:23,1602764610,272945160,1329819450
2020/10/15 20:22,1602764550,281602480,1321162070
2020/10/15 20:21,1602764490,444450216,1158314274
2020/10/15 20:20,1602764430,568373464,1034390966
2020/10/15 20:19,1602764370,440856096,1161908274
2020/10/15 20:18,1602764310,432544592,1170219718
2020/10/15 20:17,1602764250,342418848,1260345402
2020/10/15 20:16,1602764190,523572008,1079192182
2020/10/15 20:15,1602764130,390709592,1212054538
2020/10/15 20:14,1602764070,324400336,1278363734
2020/10/15 20:13,1602764010,432072288,1170691722
2020/10/15 20:12,1602763950,396422800,1206341150
2020/10/15 20:11,1602763890,326702896,1276060994
2020/10/15 20:10,1602763830,401906600,1200857230
2020/10/15 20:09,1602763770,371270088,1231493682
2020/10/15 20:08,1602763710,479104072,1123659638
2020/10/15 20:07,1602763650,378865560,1223898090
2020/10/15 20:06,1602763590,270483800,1332279790
2020/10/15 20:05,1602763530,705555792,897207738
2020/10/15 20:04,1602763470,350123936,1252639534
2020/10/15 20:03,1602763410,739117784,863645626
2020/10/15 20:02,1602763350,648821016,953942334
2020/10/15 20:01,1602763290,386117656,1216645634
2020/10/15 20:00,1602763230,454239664,1148523566
2020/10/15 19:59,1602763170,619716432,983046738
2020/10/15 19:58,1602763110,510906232,1091856878
2020/10/15 19:57,1602763050,340347808,1262415242
2020/10/15 19:56,1602762990,663164760,939598230
2020/10/15 19:55,1602762930,501297040,1101465890
2020/10/15 19:54,1602762870,305725040,1297037830
2020/10/15 19:53,1602762810,304026304,1298736506
2020/10/15 19:52,1602762750,244175384,1358587366
2020/10/15 19:51,1602762690,262342272,1340420418
2020/10/15 19:50,1602762630,391634056,1211128574
2020/10/15 19:49,1602762570,461647424,1141115146
2020/10/15 19:48,1602762510,348860152,1253902358
2020/10/15 19:47,1602762450,394880528,1207881922
2020/10/15 19:46,1602762390,353873840,1248888550
2020/10/15 19:45,1602762330,317621168,1285141162
2020/10/15 19:44,1602762270,370854920,1231907350
2020/10/15 19:43,1602762210,475049176,1127713034
2020/10/15 19:42,1602762150,383494480,1219267670
2020/10/15 19:41,1602762090,317563584,1285198506
2020/10/15 19:40,1602762030,425349256,1177412774
2020/10/15 19:39,1602761970,303469152,1299292818
2020/10/15 19:38,1602761910,531652368,1071109542
2020/10/15 19:37,1602761850,285220680,1317541170
2020/10/15 19:36,1602761790,609696464,993065326
2020/10/15 19:35,1602761730,484050552,1118711178
2020/10/15 19:34,1602761670,317412280,1285349390
2020/10/15 19:33,1602761610,277262816,1325498794
2020/10/15 19:32,1602761550,269293184,1333468366
2020/10/15 19:31,1602761490,308930440,1293831050
2020/10/15 19:30,1602761430,401782824,1200978606
2020/10/15 19:29,1602761370,632064928,970696442
2020/10/15 19:28,1602761310,433463976,1169297334
2020/10/15 19:27,1602761250,295846936,1306914314
2020/10/15 19:26,1602761190,675346544,927414646
2020/10/15 19:25,1602761130,551025784,1051735346
2020/10/15 19:24,1602761070,374111800,1228649270
2020/10/15 19:23,1602761010,488914992,1113846018
2020/10/15 19:22,1602760950,759872528,842888422
2020/10/15 19:21,1602760890,636622064,966138826
2020/10/15 19:20,1602760830,580720184,1022040646
2020/10/15 19:19,1602760770,470235720,1132525050
2020/10/15 19:18,1602760710,365768008,1236992702
2020/10/15 19:17,1602760650,459916728,1142843922
2020/10/15 19:16,1602760590,330516832,1272243758
2020/10/15 19:15,1602760530,587284832,1015475698
2020/10/15 19:14,1602760470,397853488,1204906982
2020/10/15 19:13,1602760410,611580080,991180330
2020/10/15 19:12,1602760350,415512608,1187247742
2020/10/15 19:11,1602760290,257468024,1345292266
2020/10/15 19:10,1602760230,364905296,1237854934
2020/10/15 19:09,1602760170,325388360,1277371810
2020/10/15 19:08,1602760110,526849408,1075910702
2020/10/15 19:07,1602760050,514753904,1088006146
2020/10/15 19:06,1602759990,340038776,1262721214
2020/10/15 19:05,1602759930,343683728,1259076202
2020/10/15 19:04,1602759870,563086640,1039673230
2020/10/15 19:03,1602759810,426857720,1175902090
2020/10/15 19:02,1602759750,269462456,1333297294
2020/10/15 19:01,1602759690,269159792,1333599898
2020/10/15 19:00,1602759630,241934184,1360825446
2020/10/15 18:59,1602759570,289539032,1313220538
2020/10/15 18:58,1602759510,352707448,1250052062
2020/10/15 18:57,1602759450,525008848,1077750602
2020/10/15 18:56,1602759390,322119624,1280639766
2020/10/15 18:55,1602759330,421390104,1181369226
2020/10/15 18:54,1602759270,381321104,1221438166
2020/10/15 18:53,1602759210,302776560,1299982650
2020/10/15 18:52,1602759150,583821952,1018937198
2020/10/15 18:51,1602759090,447050616,1155708474
2020/10/15 18:50,1602759030,355297208,1247461822
2020/10/15 18:49,1602758970,323130760,1279628210
2020/10/15 18:48,1602758910,534640232,1068118678
2020/10/15 18:47,1602758850,336530600,1266228250
2020/10/15 18:46,1602758790,459508360,1143250430
2020/10/15 18:45,1602758730,620995384,981763346
2020/10/15 18:44,1602758670,486720520,1116038150
2020/10/15 18:43,1602758610,368939936,1233818674
2020/10/15 18:42,1602758550,373049512,1229709038
2020/10/15 18:41,1602758490,284043496,1318714994
2020/10/15 18:40,1602758430,317963536,1284794894
2020/10/15 18:39,1602758370,544090768,1058667602
2020/10/15 18:38,1602758310,694614072,908144238
2020/10/15 18:37,1602758250,500212920,1102545330
2020/10/15 18:36,1602758190,323649760,1279108430
2020/10/15 18:35,1602758130,271441152,1331316978
2020/10/15 18:34,1602758070,327844072,1274913998
2020/10/15 18:33,1602758010,411403472,1191354538
2020/10/15 18:32,1602757950,248153688,1354604262
2020/10/15 18:31,1602757890,460619800,1142138090
2020/10/15 18:30,1602757830,442616024,1160141806
2020/10/15 18:29,1602757770,298655648,1304102122
2020/10/15 18:28,1602757710,244808256,1357949454
2020/10/15 18:27,1602757650,542692104,1060065546
2020/10/15 18:26,1602757590,433263000,1169494590
2020/10/15 18:25,1602757530,325851544,1276905986
2020/10/15 18:24,1602757470,508752560,1094004910
2020/10/15 18:23,1602757410,372185136,1230572274
2020/10/15 18:22,1602757350,286282048,1316475302
2020/10/15 18:21,1602757290,478353528,1124403762
2020/10/15 18:20,1602757230,477237288,1125519942
2020/10/15 18:19,1602757170,441701672,1161055498
2020/10/15 18:18,1602757110,267088840,1335668270
2020/10/15 18:17,1602757050,539062368,1063694682
2020/10/15 18:16,1602756990,276167672,1326589318
2020/10/15 18:15,1602756930,344884872,1257872058
2020/10/15 18:14,1602756870,355296768,1247460102
2020/10/15 18:13,1602756810,427198704,1175558106
2020/10/15 18:12,1602756750,279312656,1323444094
2020/10/15 18:11,1602756690,330200168,1272556522
2020/10/15 18:10,1602756630,400384144,1202372486
2020/10/15 18:09,1602756570,305668784,1297087786
2020/10/15 18:08,1602756510,405549816,1197206694
2020/10/15 18:07,1602756450,409889408,1192867042
2020/10/15 18:06,1602756390,413058832,1189697558
2020/10/15 18:05,1602756330,578273320,1024483010
2020/10/15 18:04,1602756270,375100552,1227655718
2020/10/15 18:03,1602756210,302228384,1300527826
2020/10/15 18:02,1602756150,526436968,1076319182
2020/10/15 18:01,1602756090,272853016,1329903074
2020/10/15 18:00,1602756030,405923048,1196832982
2020/10/15 17:59,1602755970,372267792,1230488178
2020/10/15 17:58,1602755910,362005144,1240750766
2020/10/15 17:57,1602755850,333240912,1269514938
2020/10/15 17:56,1602755790,600307056,1002448734
2020/10/15 17:55,1602755730,570042928,1032712802
2020/10/15 17:54,1602755670,303530280,1299225390
2020/10/15 17:53,1602755610,840770440,761985170
2020/10/15 17:52,1602755550,341429544,1261326006
2020/10/15 17:51,1602755490,495264136,1107491354
2020/10/15 17:50,1602755430,405034416,1197721014
2020/10/15 17:49,1602755370,306990336,1295765034
2020/10/15 17:48,1602755310,535038064,1067717246
2020/10/15 17:47,1602755250,332960272,1269794978
2020/10/15 17:46,1602755190,608806648,993948542
2020/10/15 17:45,1602755130,373360936,1229394194
2020/10/15 17:44,1602755070,275651864,1327103206
2020/10/15 17:43,1602755010,720935616,881819394
2020/10/15 17:42,1602754950,589125240,1013629710
2020/10/15 17:41,1602754890,658006328,944748562
2020/10/15 17:40,1602754830,582658960,1020095870
2020/10/15 17:39,1602754770,432932072,1169822698
2020/10/15 17:38,1602754710,843113216,759641494
2020/10/15 17:37,1602754650,587507280,1015247370
2020/10/15 17:36,1602754590,362430312,1240324278
2020/10/15 17:35,1602754530,807544736,795209794
2020/10/15 17:34,1602754470,286762920,1315991550
2020/10/15 17:33,1602754410,264246496,1338507914
2020/10/15 17:32,1602754350,341415184,1261339166
2020/10/15 17:31,1602754290,248295704,1354458586
2020/10/15 17:30,1602754230,219658888,1383095342
2020/10/15 17:29,1602754170,261145152,1341609018
2020/10/15 17:28,1602754110,268237280,1334516830
2020/10/15 17:27,1602754050,431664248,1171089802
2020/10/15 17:26,1602753990,274595200,1328158790
2020/10/15 17:25,1602753930,537936584,1064817346
2020/10/15 17:24,1602753870,360925800,1241828070
2020/10/15 17:23,1602753810,455963952,1146789858
2020/10/15 17:22,1602753750,283021144,1319732606
2020/10/15 17:21,1602753690,375960144,1226793546
2020/10/15 17:20,1602753630,344789736,1257963894
2020/10/15 17:19,1602753570,299831848,1302921722
2020/10/15 17:18,1602753510,257582392,1345171118
2020/10/15 17:17,1602753450,346678664,1256074786
2020/10/15 17:16,1602753390,687685520,915067870
2020/10/15 17:15,1602753330,445727576,1157025754
2020/10/15 17:14,1602753270,292289664,1310463606
2020/10/15 17:13,1602753210,500142016,1102611194
2020/10/15 17:12,1602753150,409963312,1192789838
2020/10/15 17:11,1602753090,362006048,1240747042
2020/10/15 17:10,1602753030,312747216,1290005814
2020/10/15 17:09,1602752970,310000560,1292752410
2020/10/15 17:08,1602752910,323950184,1278802726
2020/10/15 17:07,1602752850,361173744,1241579106
2020/10/15 17:06,1602752790,365728144,1237024646
2020/10/15 17:05,1602752730,278365424,1324387306
2020/10/15 17:04,1602752670,429497136,1173255534
2020/10/15 17:03,1602752610,300973496,1301779114
2020/10/15 17:02,1602752550,241067216,1361685334
2020/10/15 17:01,1602752490,397657304,1205095186
2020/10/15 17:00,1602752430,348340920,1254411510
2020/10/15 16:59,1602752370,223268392,1379483978
2020/10/15 16:58,1602752310,373762752,1228989558
2020/10/15 16:57,1602752250,374180128,1228572122
2020/10/15 16:56,1602752190,536414360,1066337830
2020/10/15 16:55,1602752130,476744960,1126007170
2020/10/15 16:54,1602752070,359075456,1243676614
2020/10/15 16:53,1602752010,387937776,1214814234
2020/10/15 16:52,1602751950,396861096,1205890854
2020/10/15 16:51,1602751890,335213544,1267538346
2020/10/15 16:50,1602751830,389930280,1212821550
2020/10/15 16:49,1602751770,274530584,1328221186
2020/10/15 16:48,1602751710,622801920,979949790
2020/10/15 16:47,1602751650,571487960,1031263690
2020/10/15 16:46,1602751590,384881392,1217870198
2020/10/15 16:45,1602751530,288872960,1313878570
2020/10/15 16:44,1602751470,340834024,1261917446
2020/10/15 16:43,1602751410,484116784,1118634626
2020/10/15 16:42,1602751350,237560160,1365191190
2020/10/15 16:41,1602751290,326630864,1276120426
2020/10/15 16:40,1602751230,285236432,1317514798
2020/10/15 16:39,1602751170,421992048,1180759122
2020/10/15 16:38,1602751110,308942104,1293809006
2020/10/15 16:37,1602751050,455634080,1147116970
2020/10/15 16:36,1602750990,357641520,1245109470
2020/10/15 16:35,1602750930,306253152,1296497778
2020/10/15 16:34,1602750870,615089368,987661502
2020/10/15 16:33,1602750810,485306496,1117444314
2020/10/15 16:32,1602750750,366113480,1236637270
2020/10/15 16:31,1602750690,594943912,1007806778
2020/10/15 16:30,1602750630,470956160,1131794470
2020/10/15 16:29,1602750570,304309368,1298441202
2020/10/15 16:28,1602750510,345695064,1257055446
2020/10/15 16:27,1602750450,386269832,1216480618
2020/10/15 16:26,1602750390,275307704,1327442686
2020/10/15 16:25,1602750330,293828976,1308921354
2020/10/15 16:24,1602750270,800527608,802222662
2020/10/15 16:23,1602750210,688798936,913951274
2020/10/15 16:22,1602750150,616337248,986412902
2020/10/15 16:21,1602750090,499853240,1102896850
2020/10/15 16:20,1602750030,438446320,1164303710
2020/10/15 16:19,1602749970,301331008,1301418962
2020/10/15 16:18,1602749910,672842464,929907446
2020/10/15 16:17,1602749850,416498032,1186251818
2020/10/15 16:16,1602749790,645984672,956765118
2020/10/15 16:15,1602749730,524850888,1077898842
2020/10/15 16:14,1602749670,335144176,1267605494
2020/10/15 16:13,1602749610,531385936,1071363674
2020/10/15 16:12,1602749550,258034136,1344715414
2020/10/15 16:11,1602749490,694677560,908071930
2020/10/15 16:10,1602749430,380190856,1222558574
2020/10/15 16:09,1602749370,326651360,1276098010
2020/10/15 16:08,1602749310,388716664,1214032646
2020/10/15 16:07,1602749250,380762264,1221986986
2020/10/15 16:06,1602749190,258945944,1343803246
2020/10/15 16:05,1602749130,506467528,1096281602
2020/10/15 16:04,1602749070,557056584,1045692486
2020/10/15 16:03,1602749010,698429176,904319834
2020/10/15 16:02,1602748950,373760072,1228988878
2020/10/15 16:01,1602748890,737607160,865141730
2020/10/15 16:00,1602748830,564907568,1037841262
2020/10/15 15:59,1602748770,470063456,1132685314
2020/10/15 15:58,1602748710,790321376,812427334
2020/10/15 15:57,1602748650,562044744,1040703906
2020/10/15 15:56,1602748590,385760104,1216988486
2020/10/15 15:55,1602748530,394612200,1208136330
2020/10/15 15:54,1602748470,290520856,1312227614
2020/10/15 15:53,1602748410,278873000,1323875410
2020/10/15 15:52,1602748350,344552440,1258195910
2020/10/15 15:51,1602748290,1017502840,585245450
2020/10/15 15:50,1602748230,305243376,1297504854
2020/10/15 15:49,1602748170,345810912,1256937258
2020/10/15 15:48,1602748110,321684024,1281064086
2020/10/15 15:47,1602748050,393419128,1209328922
2020/10/15 15:46,1602747990,602976072,999771918
2020/10/15 15:45,1602747930,415747192,1187000738
2020/10/15 15:44,1602747870,396526456,1206221414
2020/10/15 15:43,1602747810,363314944,1239432866
2020/10/15 15:42,1602747750,256158144,1346589606
2020/10/15 15:41,1602747690,403207552,1199540138
2020/10/15 15:40,1602747630,563225504,1039522126
2020/10/15 15:39,1602747570,490930944,1111816626
2020/10/15 15:38,1602747510,290761672,1311985838
2020/10/15 15:37,1602747450,288592048,1314155402
2020/10/15 15:36,1602747390,708812472,893934918
2020/10/15 15:35,1602747330,457110736,1145636594
2020/10/15 15:34,1602747270,629060344,973686926
2020/10/15 15:33,1602747210,736523440,866223770
2020/10/15 15:32,1602747150,329993984,1272753166
2020/10/15 15:31,1602747090,432429416,1170317674
2020/10/15 15:30,1602747030,443392336,1159354694
2020/10/15 15:29,1602746970,327424776,1275322194
2020/10/15 15:28,1602746910,602161576,1000585334
2020/10/15 15:27,1602746850,306651008,1296095842
2020/10/15 15:26,1602746790,344505168,1258241622
2020/10/15 15:25,1602746730,266947200,1335799530
2020/10/15 15:24,1602746670,251987808,1350758862
2020/10/15 15:23,1602746610,334639776,1268106834
2020/10/15 15:22,1602746550,419124888,1183621662
2020/10/15 15:21,1602746490,334140000,1268606490
2020/10/15 15:20,1602746430,300357816,1302388614
2020/10/15 15:19,1602746370,425916960,1176829410
2020/10/15 15:18,1602746310,331914272,1270832038
2020/10/15 15:17,1602746250,348679400,1254066850
2020/10/15 15:16,1602746190,659232144,943514046
2020/10/15 15:15,1602746130,545273328,1057472802
2020/10/15 15:14,1602746070,430179712,1172566358
2020/10/15 15:13,1602746010,356045384,1246700626
2020/10/15 15:12,1602745950,320730912,1282015038
2020/10/15 15:11,1602745890,200247392,1402498498
2020/10/15 15:10,1602745830,379779216,1222966614
2020/10/15 15:09,1602745770,454722200,1148023570
2020/10/15 15:08,1602745710,503441848,1099303862
2020/10/15 15:07,1602745650,325990568,1276755082
2020/10/15 15:06,1602745590,458786552,1143959038
2020/10/15 15:05,1602745530,591840176,1010905354
2020/10/15 15:04,1602745470,370980696,1231764774
2020/10/15 15:03,1602745410,521585224,1081160186
2020/10/15 15:02,1602745350,385635072,1217110278
2020/10/15 15:01,1602745290,282642224,1320103066
2020/10/15 15:00,1602745230,787000640,815744590
2020/10/15 14:59,1602745170,708626344,894118826
2020/10/15 14:58,1602745110,623420088,979325022
2020/10/15 14:57,1602745050,267573896,1335171154
2020/10/15 14:56,1602744990,751410048,851334942
2020/10/15 14:55,1602744930,633665072,969079858
2020/10/15 14:54,1602744870,251316904,1351427966
2020/10/15 14:53,1602744810,329930840,1272813970
2020/10/15 14:52,1602744750,951103784,651640966
2020/10/15 14:51,1602744690,584178232,1018566458
2020/10/15 14:50,1602744630,377935456,1224809174
2020/10/15 14:49,1602744570,324169976,1278574594
2020/10/15 14:48,1602744510,359087400,1243657110
2020/10/15 14:47,1602744450,467836264,1134908186
2020/10/15 14:46,1602744390,552648760,1050095630
2020/10/15 14:45,1602744330,402267960,1200476370
2020/10/15 14:44,1602744270,273601832,1329142438
2020/10/15 14:43,1602744210,534462736,1068281474
2020/10/15 14:42,1602744150,459898400,1142845750
2020/10/15 14:41,1602744090,535831056,1066913034
2020/10/15 14:40,1602744030,584446600,1018297430
2020/10/15 14:39,1602743970,342835544,1259908426
2020/10/15 14:38,1602743910,346335280,1256408630
2020/10/15 14:37,1602743850,557322864,1045420986
2020/10/15 14:36,1602743790,330995280,1271748510
2020/10/15 14:35,1602743730,210472376,1392271354
2020/10/15 14:34,1602743671,235815472,1366928199
2020/10/15 14:33,1602743610,761145080,841598530
2020/10/15 14:32,1602743550,297674448,1305069102
2020/10/15 14:31,1602743490,240546592,1362196898
2020/10/15 14:30,1602743430,501506680,1101236750
2020/10/15 14:29,1602743370,309840440,1292902930
2020/10/15 14:28,1602743310,302302392,1300440918
2020/10/15 14:27,1602743250,666196632,936546618
2020/10/15 14:26,1602743190,279622976,1323120214
2020/10/15 14:25,1602743130,303659784,1299083346
2020/10/15 14:24,1602743070,208528568,1394214502
2020/10/15 14:23,1602743010,548103416,1054639594
2020/10/15 14:22,1602742950,391953680,1210789270
2020/10/15 14:21,1602742890,649940192,952802698
2020/10/15 14:20,1602742830,345081304,1257661526
2020/10/15 14:19,1602742770,430623576,1172119194
2020/10/15 14:18,1602742710,655237000,947505710
2020/10/15 14:17,1602742650,438393400,1164349250
2020/10/15 14:16,1602742590,536825488,1065917102
2020/10/15 14:15,1602742530,274235496,1328507034
2020/10/15 14:14,1602742470,855701048,747041422
2020/10/15 14:13,1602742410,543058440,1059683970
2020/10/15 14:12,1602742350,366872048,1235870302
2020/10/15 14:11,1602742290,516061584,1086680706
2020/10/15 14:10,1602742230,188059696,1414682534
2020/10/15 14:09,1602742170,428606472,1174135698
2020/10/15 14:08,1602742110,260027280,1342714830
2020/10/15 14:07,1602742050,641426320,961315730
2020/10/15 14:06,1602741990,415146552,1187595438
2020/10/15 14:05,1602741930,402489040,1200252890
2020/10/15 14:04,1602741870,256362368,1346379502
2020/10/15 14:03,1602741810,572134832,1030606978
2020/10/15 14:02,1602741750,309141272,1293600478
2020/10/15 14:01,1602741690,390196176,1212545514
2020/10/15 14:00,1602741630,965316488,637425142
2020/10/15 13:59,1602741570,713653776,889087794
2020/10/15 13:58,1602741510,490841328,1111900182
2020/10/15 13:57,1602741450,940324048,662417402
2020/10/15 13:56,1602741390,714626000,888115390
2020/10/15 13:55,1602741330,558289752,1044451578
2020/10/15 13:54,1602741270,431445448,1171295822
2020/10/15 13:53,1602741210,261878376,1340862834
2020/10/15 13:52,1602741150,235294320,1367446830
2020/10/15 13:51,1602741090,283303304,1319437786
2020/10/15 13:50,1602741030,271863008,1330878022
2020/10/15 13:49,1602740970,256360624,1346380346
2020/10/15 13:48,1602740910,271040016,1331700894
2020/10/15 13:47,1602740850,402284752,1200456098
2020/10/15 13:46,1602740790,370040912,1232699878
2020/10/15 13:45,1602740730,266405808,1336334922
2020/10/15 13:44,1602740670,238284304,1364456366
2020/10/15 13:43,1602740610,331012168,1271728442
2020/10/15 13:42,1602740550,482551552,1120188998
2020/10/15 13:41,1602740490,331594032,1271146458
2020/10/15 13:40,1602740430,253762128,1348978302
2020/10/15 13:39,1602740370,516269160,1086471210
2020/10/15 13:38,1602740310,348610472,1254129838
2020/10/15 13:37,1602740250,243891256,1358848994
2020/10/15 13:36,1602740190,262209552,1340530638
2020/10/15 13:35,1602740130,272620304,1330119826
2020/10/15 13:34,1602740070,309238232,1293501838
2020/10/15 13:33,1602740010,346498152,1256241858
2020/10/15 13:32,1602739950,247485480,1355254470
2020/10/15 13:31,1602739890,292835120,1309904770
2020/10/15 13:30,1602739830,616990936,985748894
2020/10/15 13:29,1602739770,505750512,1096989258
2020/10/15 13:28,1602739710,392998344,1209741366
2020/10/15 13:27,1602739650,136203952,1466535698
2020/10/15 13:26,1602739590,327807968,1274931622
2020/10/15 13:25,1602739530,252291056,1350448474
2020/10/15 13:24,1602739470,321502616,1281236854
2020/10/15 13:23,1602739410,302886960,1299852450
2020/10/15 13:22,1602739350,207699480,1395039870
2020/10/15 13:21,1602739290,234114280,1368625010
2020/10/15 13:20,1602739230,211416400,1391322830
2020/10/15 13:19,1602739170,400431472,1202307698
2020/10/15 13:18,1602739110,267444056,1335295054
2020/10/15 13:17,1602739050,542505808,1060233242
2020/10/15 13:16,1602738990,360599648,1242139342
2020/10/15 13:15,1602738930,276860648,1325878282
2020/10/15 13:14,1602738870,241122840,1361616030
2020/10/15 13:13,1602738810,316334384,1286404426
2020/10/15 13:12,1602738750,461572104,1141166646
2020/10/15 13:11,1602738690,220806688,1381932002
2020/10/15 13:10,1602738630,313084264,1289654366
2020/10/15 13:09,1602738570,276053952,1326684618
2020/10/15 13:08,1602738510,435021528,1167716982
2020/10/15 13:07,1602738450,268946512,1333791938
2020/10/15 13:06,1602738390,385675160,1217063230
2020/10/15 13:05,1602738330,295570904,1307167426
2020/10/15 13:04,1602738270,258556944,1344181326
2020/10/15 13:03,1602738210,375638728,1227099482
2020/10/15 13:02,1602738150,238115656,1364622494
2020/10/15 13:01,1602738090,413037600,1189700490
2020/10/15 13:00,1602738030,212506536,1390231494
2020/10/15 12:59,1602737970,205770048,1396967922
2020/10/15 12:58,1602737910,366919928,1235817982
2020/10/15 12:57,1602737850,266442656,1336295194
2020/10/15 12:56,1602737790,163848648,1438889142
2020/10/15 12:55,1602737730,425949720,1176788010
2020/10/15 12:54,1602737670,273102464,1329635206
2020/10/15 12:53,1602737610,684015032,918722578
2020/10/15 12:52,1602737550,544438856,1058298694
2020/10/15 12:51,1602737490,373905736,1228831754
2020/10/15 12:50,1602737430,330736048,1272001382
2020/10/15 12:49,1602737370,344667048,1258070322
2020/10/15 12:48,1602737310,425480120,1177257190
2020/10/15 12:47,1602737250,257244768,1345492482
2020/10/15 12:46,1602737190,225677040,1377060150
2020/10/15 12:45,1602737130,309746440,1292990690
2020/10/15 12:44,1602737070,293479152,1309257918
2020/10/15 12:43,1602737010,243615640,1359121370
2020/10/15 12:42,1602736950,500673960,1102062990
2020/10/15 12:41,1602736890,432769192,1169967698
2020/10/15 12:40,1602736830,270935056,1331801774
2020/10/15 12:39,1602736770,435602192,1167134578
2020/10/15 12:38,1602736710,180203064,1422533646
2020/10/15 12:37,1602736650,455446896,1147289754
2020/10/15 12:36,1602736590,260915800,1341820790
2020/10/15 12:35,1602736530,361072024,1241664506
2020/10/15 12:34,1602736470,369584936,1233151534
2020/10/15 12:33,1602736410,290933712,1311802698
2020/10/15 12:32,1602736350,349399440,1253336910
2020/10/15 12:31,1602736290,602664080,1000072210
2020/10/15 12:30,1602736230,216011584,1386724646
2020/10/15 12:29,1602736170,205641104,1397095066
2020/10/15 12:28,1602736110,259071984,1343664126
2020/10/15 12:27,1602736050,268465040,1334271010
2020/10/15 12:26,1602735990,430710096,1172025894
2020/10/15 12:25,1602735930,301801752,1300934178
2020/10/15 12:24,1602735870,285443312,1317292558
2020/10/15 12:23,1602735810,190494032,1412241778
2020/10/15 12:22,1602735750,292975384,1309760366
2020/10/15 12:21,1602735690,476905440,1125830250
2020/10/15 12:20,1602735630,316643240,1286092390
2020/10/15 12:19,1602735570,341684840,1261050730
2020/10/15 12:18,1602735510,278787728,1323947782
2020/10/15 12:17,1602735450,330931008,1271804442
2020/10/15 12:16,1602735390,264616816,1338118574
2020/10/15 12:15,1602735330,322123744,1280611586
2020/10/15 12:14,1602735270,269943136,1332792134
2020/10/15 12:13,1602735210,215886320,1386848890
2020/10/15 12:12,1602735150,459001000,1143734150
